"","date","observed_cumulative_cases","observed_active_cases","observed_cumulative_deaths","observed_new_cases","observed_daily_average_cases","observed_new_episodes","observed_new_cases_community_outbreak","observed_new_cases_institution_outbreak","observed_new_cases_sporadic","observed_new_ICU_p_acute_care","observed_census_ICU","observed_census_ICU_p_acute_care","observed_census_acute_care","observed_new_deaths","cumulative_hosp","observed_new_community_cases","num_non_ltch_tests","non_ltch_pct_positivity","num_ltch_tests","ltch_pct_positivity","observed_pct_positivity","pct_positivity_7_day","adjusted_new_episodes","adjusted_active_cases","adjusted_episode_cases"
"1",2020-03-01,7,7,0,0,0,2,0,0,2,0,0,1,1,0,0,2,NA,NA,NA,NA,NA,NA,NA,NA,2
"2",2020-03-02,10,10,0,0,0,3,2,0,1,0,0,1,1,0,0,3,NA,NA,NA,NA,NA,NA,NA,NA,3
"3",2020-03-03,11,11,0,0,0,1,0,0,1,0,0,1,1,0,0,1,NA,NA,NA,NA,NA,NA,NA,NA,1
"4",2020-03-04,12,12,0,0,0,1,0,0,1,0,0,1,1,0,0,1,NA,NA,NA,NA,NA,NA,NA,NA,1
"5",2020-03-05,18,18,0,0,0,6,2,0,4,0,0,1,1,0,0,6,NA,NA,NA,NA,NA,NA,NA,NA,6
"6",2020-03-06,23,23,0,0,0,5,0,1,4,0,0,1,1,0,0,4,NA,NA,NA,NA,NA,NA,NA,NA,5
"7",2020-03-07,27,27,0,0,0,4,0,0,4,0,0,1,1,0,0,4,NA,NA,NA,NA,NA,NA,NA,NA,4
"8",2020-03-08,36,36,0,0,0,9,1,0,8,0,0,1,1,0,0,9,NA,NA,NA,NA,NA,NA,NA,NA,9
"9",2020-03-09,45,45,0,1,0.1,9,0,0,9,0,0,1,1,0,0,9,NA,NA,NA,NA,NA,NA,NA,NA,9
"10",2020-03-10,52,52,0,0,0.1,7,1,0,6,0,0,1,1,0,0,7,NA,NA,NA,NA,NA,NA,NA,NA,7
"11",2020-03-11,61,61,0,0,0.1,9,0,0,9,0,0,1,1,0,0,9,NA,NA,NA,NA,NA,NA,NA,NA,9
"12",2020-03-12,75,75,0,3,0.6,14,1,0,13,0,0,1,1,0,0,14,NA,NA,NA,NA,NA,NA,NA,NA,14
"13",2020-03-13,97,97,0,1,0.7,22,2,2,18,0,0,1,1,0,0,20,NA,NA,NA,NA,NA,NA,NA,NA,22
"14",2020-03-14,115,115,0,4,1.3,18,1,1,16,1,0,2,2,0,1,17,NA,NA,NA,NA,NA,NA,NA,NA,18
"15",2020-03-15,142,142,0,4,1.9,27,1,0,26,0,0,2,2,0,1,27,NA,NA,NA,NA,NA,NA,NA,NA,27
"16",2020-03-16,157,157,0,0,1.7,15,0,0,15,0,0,2,2,0,1,15,NA,NA,NA,NA,NA,NA,NA,NA,15
"17",2020-03-17,180,179,0,5,2.4,23,1,0,22,2,0,4,4,0,3,23,127,0,4,0,0,0,23,179,23
"18",2020-03-18,196,194,0,4,3,16,0,0,16,0,0,3,3,0,3,16,210,0.01904999971,1,0,1.89597153511848,0.947985767559242,15.6426721113844,189.667399350536,16
"19",2020-03-19,221,219,0,1,2.7,25,0,0,25,4,0,7,7,0,7,25,110,0.02726999998,9,0,2.52075630067227,1.47224261193025,24.2576888435316,212.497354269337,25
"20",2020-03-20,243,241,0,2,2.9,22,1,1,20,3,1,10,9,0,10,21,137,0.00730000019,4,0,0.709290798602837,1.2815046585984,21.8245478322565,238.986477503515,22
"21",2020-03-21,263,261,0,4,2.9,20,0,2,18,3,1,10,9,0,13,18,204,0.01470999956,3,0,1.44968111605797,1.31513995009031,19.6926309714474,256.543149085988,20
"22",2020-03-22,289,287,0,7,3.3,26,0,1,25,3,5,13,8,0,16,25,159,0.03144999981,2,0,3.10593165825466,1.61360523478437,25.0853666732734,276.500009409179,26
"23",2020-03-23,310,308,0,9,4.6,21,1,0,20,4,5,17,12,0,20,21,138,0.03622999907,3,0,3.54591480259574,1.88964945875742,20.1228725369417,295.135463875145,21
"24",2020-03-24,328,324,1,8,5,18,1,3,14,3,7,20,13,1,23,15,253,0.01975999951,4,0,1.94524508794942,2.16754161417877,17.6562990725128,316.576059966277,18
"25",2020-03-25,351,347,1,8,5.6,23,0,1,22,4,8,23,15,0,27,22,153,0.05881999969,2,0,5.80610319520645,2.72613185133419,21.4953948324524,323.268273039136,23
"26",2020-03-26,365,357,1,19,8.1,14,1,3,10,2,7,25,18,0,29,11,274,0.02555000067,3,0,2.52732858612996,2.72707074925672,13.6725315135699,346.372159122225,14
"27",2020-03-27,382,365,1,27,11.7,17,3,2,12,5,9,26,17,0,34,15,577,0.02946000099,4,0,2.92571782637349,3.04370318179539,16.4830615757779,352.421165010597,17
"28",2020-03-28,407,387,2,26,14.9,25,1,1,23,3,8,25,17,1,37,24,367,0.08173999786,3,0,8.10772411205946,3.99485218122417,22.7079434858773,350.040588709771,25
"29",2020-03-29,426,399,2,11,15.4,19,5,4,10,7,8,31,23,0,44,15,184,0.0434800005,0,0,4.34800005,4.17229052290208,18.2317617665985,378.56486299152,19
"30",2020-03-30,451,408,3,48,21,25,8,3,14,4,12,32,20,1,48,22,549,0.07831999779,0,0,7.831999779,4.78458837667411,22.9703999492389,370.360144513159,25
"31",2020-03-31,468,405,3,51,27.1,17,2,3,12,6,13,34,21,0,54,14,943,0.06468999863,0,0,6.468999863,5.4308390588242,15.9332066609527,374.139192691847,17
"32",2020-04-01,495,408,3,37,31.3,27,6,4,16,3,15,33,18,0,57,22,575,0.05738999844,4,0.25,5.87206374835924,5.44026199498888,24.4783016830902,379.779413031855,27
"33",2020-04-02,512,404,6,32,33.1,17,5,4,7,6,14,34,20,3,63,12,107,0.08411000252,9,0,7.75842264624138,6.18756114643337,14.9033455677664,367.079300781468,17
"34",2020-04-03,540,410,6,26,33,28,3,4,20,5,14,37,23,0,68,23,217,0.1106000042,2,0,10.9589958499543,7.3351722926592,24.0309759454068,357.073919026818,28
"35",2020-04-04,557,417,7,18,31.9,17,3,7,6,7,14,43,29,1,75,9,315,0.02539999962,3,0,2.51603769820755,6.53635994782321,15.7332682151497,404.641427301938,17
"36",2020-04-05,584,428,8,40,36,27,4,8,13,4,13,43,30,1,79,17,422,0.06635000229,5,0.2,6.79149905535831,6.88543123430297,23.6400288868531,393.760727269008,27
"37",2020-04-06,603,428,9,40,34.9,19,3,7,9,4,12,44,32,1,83,12,238,0.1176500034,4,0.25,11.9837606649587,7.47853993229707,17.3060932811619,367.583993694775,19
"38",2020-04-07,626,426,9,25,31.1,23,2,11,10,4,14,45,31,0,87,12,285,0.1087699986,6,0,10.6527318216495,8.07621592638985,21.4942344468347,372.545322862631,23
"39",2020-04-08,646,429,11,26,29.6,20,1,10,8,5,16,44,28,2,92,9,368,0.0434800005,6,0.3333300018,4.81300005208556,7.92492111263647,18.4897611847025,404.678616470821,20
"40",2020-04-09,682,437,11,25,28.6,36,1,20,13,6,16,47,31,0,98,14,295,0.09491999626,5,0,9.33379963223333,8.14997496777818,32.4607767063623,388.95424433431,36
"41",2020-04-10,716,454,11,37,30.1,34,0,20,13,4,16,49,33,0,102,13,331,0.09062999725,8,0,8.84912362529498,7.8485646499697,31.6449393545334,406.677112842937,34
"42",2020-04-11,760,484,11,31,32,44,0,34,8,6,19,54,35,0,108,8,225,0.1022200012,11,0.3636399841,11.4404830911441,9.1234854203892,40.9219237757583,418.776388433377,44
"43",2020-04-12,793,499,13,35,31.3,33,0,18,14,1,18,50,32,2,109,14,227,0.1013199997,12,0.5,12.1337405572803,9.88666277780663,29.999042529237,427.680158720663,33
"44",2020-04-13,817,506,16,16,27.9,24,0,19,5,3,20,52,32,3,112,5,165,0.0606099987,26,0.03845999956,5.75948155709948,8.99748004811246,23.6607901038138,471.671958505954,24
"45",2020-04-14,850,506,18,32,28.9,33,0,26,7,5,20,51,31,2,117,7,208,0.06730999947,18,0.1666699982,7.52236276874336,8.55028446912587,32.3797490597046,461.164717744364,33
"46",2020-04-15,879,504,24,60,33.7,29,2,18,9,4,16,51,35,6,121,11,390,0.1,24,0.2083300018,10.6280000104348,9.38099874889005,27.6229194350526,440.904672296954,29
"47",2020-04-16,949,553,24,21,33.1,70,1,55,13,7,13,53,40,0,128,14,310,0.03548000097,11,0,3.42641753915888,8.53708702130798,68.4349544775111,530.680701861688,70
"48",2020-04-17,981,557,26,73,38.3,32,0,26,6,0,13,49,36,2,128,6,378,0.08465999603,66,0.5,14.6399726349865,9.36435116554963,30.9653186214523,460.947078691493,32
"49",2020-04-18,1021,579,31,31,38.3,40,0,31,9,1,11,46,35,5,129,9,421,0.06176000118,8,0,6.06082995262937,8.59582928861896,39.3574754495569,537.664253921493,40
"50",2020-04-19,1038,582,35,38,38.7,17,0,13,4,5,15,47,32,4,134,4,452,0.04425000191,47,0.1276599979,5.21062540373146,7.60681283811198,16.7544923882829,546.278642495166,17
"51",2020-04-20,1099,618,39,16,38.7,61,1,47,13,3,13,45,32,4,137,14,325,0.05230999947,43,0.02325999975,4.89155701548913,7.48282361788192,60.1933404618633,582.39174324511,61
"52",2020-04-21,1135,631,47,51,41.4,36,0,26,10,2,11,43,32,8,139,10,543,0.06998000145,25,0.36,8.2744966174912,7.59027131056019,35.0253320161595,569.498450219662,36
"53",2020-04-22,1176,647,54,35,37.9,41,1,31,9,4,9,45,36,7,143,10,656,0.02438999891,122,0.1065600014,3.72752692233419,6.60448944083153,40.5609278342778,618.592030877775,41
"54",2020-04-23,1221,662,57,50,42,45,0,35,10,5,11,48,37,3,148,10,775,0.03612999916,105,0.02857000113,3.52279539405114,6.61825770581614,44.585043532806,634.52988187176,45
"55",2020-04-24,1262,669,65,38,37,41,0,36,5,7,10,48,38,8,155,5,517,0.04061999798,94,0.1063799953,5.07369206446154,5.25164619574115,40.7011802987119,629.017923967651,41
"56",2020-04-25,1363,741,78,53,40.1,101,0,95,6,4,9,48,39,13,159,6,557,0.0502699995,28,0.03571000099,4.95731106824274,5.09400064082877,100.649641595796,697.730737080849,101
"57",2020-04-26,1417,760,87,88,47.3,54,0,41,13,5,9,50,41,9,164,13,358,0.05027999878,81,0.01235000014,4.32815252268337,4.96793308639333,53.3372327702259,721.253608105516,54
"58",2020-04-27,1478,784,95,87,57.4,61,0,54,7,8,11,56,45,8,172,7,269,0.06320000172,80,0.1,7.16355314116905,5.29250396149046,60.4093344460695,717.845457959785,61
"59",2020-04-28,1499,780,103,65,59.4,21,0,14,7,7,13,61,48,8,179,7,503,0.06163000107,11,0.2727300072,6.61477054813424,5.05540023729661,20.4545839148617,719.225064798872,21
"60",2020-04-29,1524,769,111,29,58.6,25,0,17,8,7,13,62,49,8,186,8,668,0.03144000053,74,0.1486499977,4.31294072558491,5.13903078061814,24.593576703381,729.932560612497,25
"61",2020-04-30,1544,759,122,30,55.7,20,0,10,10,2,11,56,45,11,188,10,603,0.04145999908,6,0.3333300018,4.43355656092611,5.26913951874314,19.4777633209317,719.362236058713,20
"62",2020-05-01,1567,742,135,42,56.3,23,0,16,7,6,11,57,46,13,194,7,516,0.03101000071,55,0.09090999603,3.67797025359194,5.06975068861891,22.696735643002,709.85397815821,23
"63",2020-05-02,1588,743,139,22,51.9,21,0,15,6,4,12,57,45,4,198,6,508,0.05118000031,28,0.03571000099,5.03718660171642,5.08116147911515,20.6439963853067,698.914885713817,21
"64",2020-05-03,1607,724,148,23,42.6,19,0,13,6,3,12,52,40,9,201,6,826,0.02058000088,231,0.00432999998,1.702867618,4.7061207784461,18.8796496784245,709.477727863229,19
"65",2020-05-04,1625,721,152,14,32.1,18,0,11,7,6,10,52,42,4,207,7,637,0.01098999977,24,0.125,1.51295459205598,3.89889241428708,17.8752504316534,708.150794460305,18
"66",2020-05-05,1650,721,156,29,27,25,0,24,1,3,9,50,41,4,210,1,923,0.02924999952,29,0.1724099922,3.36109656835714,3.4340818457475,24.9604090331145,692.454912875544,25
"67",2020-05-06,1666,694,161,23,26.1,16,0,11,5,4,10,52,42,5,214,5,598,0.01672000051,149,0.01342000008,1.60617674925033,3.0474012776997,15.9054027618687,680.869903347372,16
"68",2020-05-07,1689,672,167,32,26.4,23,0,16,7,6,10,54,44,6,220,7,813,0.03566999912,234,0.01281999946,3.05631224051576,2.85065208906965,22.7479940014469,647.807424138899,23
"69",2020-05-08,1702,639,173,16,22.7,13,0,8,5,4,8,54,46,6,224,5,715,0.00978999972,127,0.04723999977,1.54386339318171,2.54577968043962,12.9090727635578,627.379499182687,13
"70",2020-05-09,1719,623,179,12,21.3,17,0,12,5,5,6,51,45,6,229,5,1100,0.01544999957,164,0.03049000025,1.74013920632911,2.07477290967001,16.8975129213148,610.230109995823,17
"71",2020-05-10,1731,554,185,25,21.6,12,0,8,4,3,5,52,47,6,232,4,907,0.01764000058,316,0.01266000032,1.63532629821586,2.06512414970084,11.9229487781705,543.328405776621,12
"72",2020-05-11,1751,535,188,14,21.6,20,0,14,6,1,5,51,46,3,233,6,517,0.00967000008,197,0.01523000002,1.12040616880952,2.00904580352278,19.9208151935676,527.939354759777,20
"73",2020-05-12,1774,518,193,13,19.3,23,0,17,6,4,6,51,45,5,237,6,835,0.01317000031,322,0.0031099999,1.03702422010804,1.67703546805862,22.9267082202678,511.672476349788,23
"74",2020-05-13,1795,500,195,21,19,21,0,15,6,2,7,47,40,2,239,6,1249,0.01440999985,224,0.01338999987,1.42548878367481,1.65122290154783,20.8992534524093,491.604454367444,21
"75",2020-05-14,1809,472,198,25,18,14,0,10,4,2,6,45,39,3,241,4,1046,0.02677000046,127,0.02361999989,2.64289518049361,1.59216332154467,13.8754754307771,457.306100831698,14
"76",2020-05-15,1829,458,201,17,18.1,20,0,12,8,1,5,44,39,3,242,8,1163,0.01203999996,137,0.01460000038,1.23097846196462,1.54746547422794,19.8840006491138,451.359037161763,20
"77",2020-05-16,1845,438,207,19,19.1,16,0,6,10,1,4,42,38,6,243,10,967,0.01343999982,25,0.04,1.4109354663246,1.50043636851301,15.8338033490298,430.720586687503,16
"78",2020-05-17,1857,398,212,15,17.7,12,0,9,3,1,2,42,40,5,244,3,353,0.02549999952,10,0.1,2.75523411310193,1.66042319921102,11.9026367910158,385.083147608098,12
"79",2020-05-18,1872,390,213,26,19.4,15,0,8,7,2,1,43,42,1,246,7,376,0.03989000082,17,0.05881999969,4.07088557329517,2.08192025699468,14.6643380966466,371.298836813168,15
"80",2020-05-19,1884,353,219,23,20.9,12,0,8,4,0,1,40,39,6,246,4,359,0.03900000095,31,0.2258099937,5.3849000373718,2.70304537374665,11.7462811380447,330.609310432441,12
"81",2020-05-20,1899,339,223,17,20.3,15,0,9,6,3,1,41,40,4,249,6,675,0.02963000059,36,0.05556000233,3.09429120705063,2.94144571994319,14.7813106915181,326.644054070773,15
"82",2020-05-21,1907,325,229,11,18.3,8,0,1,7,0,1,38,37,6,249,7,478,0.02092000008,36,0,1.94547860666148,2.84181478082432,7.8395869792241,317.552252606833,8
"83",2020-05-22,1914,309,233,7,16.9,7,0,3,4,1,1,36,35,4,250,4,514,0.00583999991,14,0,0.568515142753788,2.7471771637942,6.97321342754317,306.93073727771,7
"84",2020-05-23,1923,305,236,6,15,9,1,3,5,1,0,35,35,3,251,6,582,0.00859000027,43,0,0.7999008251424,2.65988650076817,8.94346693746668,302.12623598789,9
"85",2020-05-24,1933,302,237,8,14,10,0,3,7,1,1,36,35,1,252,7,332,0.01506000042,25,0.04,1.6806498990028,2.50637447018258,9.86142323732442,296.021402524568,10
"86",2020-05-25,1948,298,240,6,11.1,15,1,7,7,0,1,35,34,3,252,8,401,0.01746000051,8,0,1.71184846076039,2.1693691683919,14.838686608743,291.991076175678,15
"87",2020-05-26,1954,288,243,16,10.1,6,0,2,4,1,1,35,34,3,253,4,1123,0.00800999999,41,0.07316999912,1.03051545985309,1.54731422874637,5.95144548498826,284.504074919154,6
"88",2020-05-27,1959,261,243,8,8.9,5,0,1,4,1,1,33,32,0,254,4,1150,0.00957000017,13,0.07691999912,1.0322837647515,1.25274173698935,4.9513621682501,257.826381478319,5
"89",2020-05-28,1963,236,244,4,7.9,4,0,2,2,1,1,31,30,1,255,2,1403,0.00284999996,88,0,0.268179070682763,1.01312751756382,3.99368214004516,235.254492525329,4
"90",2020-05-29,1970,226,247,7,7.9,7,0,3,4,2,1,32,31,3,257,4,1380,0.0065200001,37,0,0.634975309668313,1.02262182712304,6.97008204203965,224.30963537524,7
"91",2020-05-30,1973,208,248,15,9.1,3,1,1,1,0,1,31,30,1,257,2,1020,0.01274999976,119,0,1.14179102328358,1.07146328400035,2.97310127235345,205.202532324759,3
"92",2020-05-31,1977,193,249,10,9.4,4,0,1,3,3,1,34,33,1,260,3,1309,0.00535000026,11,0.09090999603,0.606300022475,0.917984730210664,3.97857484577639,191.621648411615,4
"93",2020-06-01,1988,184,250,5,9.3,11,0,5,6,0,1,31,30,1,260,6,763,0.00130999997,20,0,0.127653892351213,0.691671220437924,10.9909780497131,183.723326857867,11
"94",2020-06-02,1991,165,251,8,8.1,3,0,1,2,0,1,26,25,1,260,2,858,0.01049000025,9,0,1.03811075138408,0.692756262085208,2.97554380985749,162.982364313243,3
"95",2020-06-03,2001,156,251,8,8.1,10,0,7,3,0,0,22,22,0,260,3,1110,0.00449999988,141,0,0.399280564892086,0.602327233533863,9.98589040513906,155.266301067231,10
"96",2020-06-04,2008,146,254,8,8.7,7,0,2,5,0,0,20,20,3,260,5,1430,0.00559000015,21,0,0.550909732219159,0.642717328039062,6.96755367106894,145.052567195213,7
"97",2020-06-05,2012,137,256,15,9.9,4,0,1,3,1,0,21,21,2,261,3,1366,0.00952000022,29,0,0.932209340539068,0.68517933244917,3.96705801063935,135.49564915253,4
"98",2020-06-06,2015,128,257,2,8,3,0,0,3,0,0,21,21,1,261,3,1404,0.00071000002,68,0,0.0677201106032609,0.531740630637696,2.99760693755578,127.89789600238,3
"99",2020-06-07,2016,118,258,4,7.1,1,0,0,1,0,0,20,20,1,261,1,870,0.00230000004,22,0,0.224327358161435,0.477173107164329,0.997357607308253,117.688197662374,1
"100",2020-06-08,2019,110,258,0,6.4,3,0,0,3,0,0,19,19,0,261,3,701,0.00143000007,12,0,0.140593274764376,0.47902159036621,2.99503177885046,109.817831891183,3
"101",2020-06-09,2029,107,259,3,5.7,10,0,3,7,0,0,18,18,1,261,7,1338,0.00224000007,10,0,0.222338285879822,0.362482666722744,9.98166725866324,106.719770953852,10
"102",2020-06-10,2039,105,259,7,5.6,10,0,4,6,0,0,17,17,0,261,6,1281,0.00233999997,12,0,0.231828303292343,0.338560915065638,9.98361551387988,104.713271492898,10
"103",2020-06-11,2046,104,260,5,5.1,7,0,2,5,0,0,16,16,1,261,5,1529,0.00326999992,6,0,0.325721816135505,0.306391212767973,6.98081631786793,103.600979411653,7
"104",2020-06-12,2050,107,260,10,4.4,4,0,2,2,0,0,16,16,0,261,2,1596,0.00814999998,13,0,0.80841516271473,0.288706330221639,3.98095506196513,105.981095815134,4
"105",2020-06-13,2053,105,260,6,5,3,0,3,0,0,0,16,16,0,261,0,1479,0.00270000011,23,0.0434800005,0.332446083501331,0.326524326349935,3,104.588826006745,3
"106",2020-06-14,2056,102,260,1,4.6,3,0,1,2,0,0,16,16,0,261,2,768,0,13,0,0,0.294477560898301,3,102,3
"107",2020-06-15,2061,100,260,2,4.9,5,0,2,3,0,0,14,14,0,261,3,720,0.00555999994,17,0,0.543175028059701,0.35198923994049,4.98080552809633,99.3601842698777,5
"108",2020-06-16,2065,99,260,3,4.9,4,0,1,3,1,0,14,14,0,262,3,1250,0.00079999998,14,0,0.0791139220727848,0.331528616539485,3.99720430823221,98.907742171663,4
"109",2020-06-17,2068,89,260,8,5,3,0,0,3,1,1,6,5,0,263,3,1098,0.00911000013,26,0,0.889927058962633,0.425542724492384,2.96855216266,88.0670474922466,3
"110",2020-06-18,2070,75,260,2,4.6,2,0,0,2,0,1,6,5,0,263,2,1304,0.00230000004,122,0,0.210322584302945,0.409057119944875,1.99504514416586,74.8141929062198,2
"111",2020-06-19,2073,73,260,5,3.9,3,0,0,3,0,1,5,4,0,263,3,1875,0.00107000001,19,0,0.105926611338437,0.308701612605405,2.99625681362332,72.9089157981674,3
"112",2020-06-20,2079,73,261,1,3.1,6,0,0,6,1,1,5,4,1,264,6,1792,0.00056000002,158,0,0.0514625659405128,0.268561110096716,5.9963628785382,72.9557483555481,6
"113",2020-06-21,2085,77,261,1,3.1,6,0,0,6,0,1,4,3,0,264,6,1102,0.00363000005,86,0,0.336722226860269,0.316664285362469,5.97620212642729,76.6945939558168,6
"114",2020-06-22,2087,76,262,6,3.7,2,0,1,1,0,1,1,0,1,264,1,509,0.00393000007,10,0,0.385427752529865,0.294128960286778,1.99545997650564,75.6549582144283,2
"115",2020-06-23,2096,81,262,4,3.9,9,0,0,9,0,1,1,0,0,264,9,1255,0.00158999994,20,0,0.156505876447059,0.305184953768817,8.98340839972548,80.8506755975293,9
"116",2020-06-24,2098,75,263,3,3.1,2,0,0,2,1,1,2,1,1,265,2,1733,0.00289000005,24,0,0.285052366912351,0.21877428347592,1.99328463280388,74.7481737301456,2
"117",2020-06-25,2104,73,263,6,3.7,6,0,0,6,0,1,2,1,0,265,6,1796,0.00277999997,21,0.04762000084,0.329823883531095,0.23584589765137,5.97668966746056,72.7163909541034,6
"118",2020-06-26,2108,67,263,6,3.9,4,0,0,4,0,1,2,1,0,265,4,2028,0.00196999997,23,0,0.194790830773281,0.248540786142062,3.99082209371388,66.8462700697075,4
"119",2020-06-27,2111,69,263,3,4.1,3,0,0,3,0,1,1,0,0,265,3,1574,0.00064000003,80,0,0.0609044768573156,0.249889630558748,2.99784778531881,68.9504990623327,3
"120",2020-06-28,2113,68,263,2,4.3,2,0,0,2,0,1,1,0,0,265,2,880,0.00114,12,0,0.112466367713004,0.217853079251996,1.99735047645951,67.9099161996234,2
"121",2020-06-29,2117,69,263,1,3.6,4,0,0,4,2,1,3,2,0,267,4,854,0.00351000011,8,0,0.347742470294664,0.21246946750411,3.98361551315635,68.717367601947,4
"122",2020-06-30,2120,68,263,10,4.4,3,0,0,3,0,1,3,2,0,267,3,1605,0.0043599999,11,0,0.433032168285891,0.251973223481086,2.9846977063411,67.6531480103984,3
"123",2020-07-01,2122,67,263,4,4.6,2,0,0,2,0,2,3,1,0,267,2,1601,0.00312000006,15,0,0.309103966340347,0.255409166256514,1.99271801648856,66.7560535523669,2
"124",2020-07-02,2128,66,263,4,4.3,6,0,1,5,0,1,3,2,0,267,5,1012,0.00197999999,12,0,0.195679686511719,0.23624570953946,5.98847526717651,65.8478735267299,6
"125",2020-07-03,2136,74,263,4,4,8,0,0,8,0,1,3,2,0,267,8,1334,0.00300000012,14,0,0.296884284872404,0.250830488696478,7.97202356873201,73.7412180107711,8
"126",2020-07-04,2139,74,263,4,4.1,3,0,0,3,0,1,3,2,0,267,3,1257,0.00317999989,40,0,0.308192741845027,0.286157383694722,2.9891092251693,73.7313608875093,3
"127",2020-07-05,2141,71,263,5,4.6,2,0,0,2,0,1,2,1,0,267,2,734,0.00272000015,47,0,0.25563125609475,0.3066095106064,1.99397774601883,70.7862099836683,2
"128",2020-07-06,2147,71,263,0,4.4,6,0,1,5,0,1,2,1,0,267,5,602,0,10,0,0,0.25693201485002,6,71,6
"129",2020-07-07,2154,72,263,6,3.9,7,0,1,6,0,1,1,0,0,267,6,1272,0.00393000007,21,0,0.386617176259861,0.250301301703444,6.97267579640506,71.6721095568607,7
"130",2020-07-08,2167,78,263,5,4,13,0,1,12,0,1,1,0,0,267,12,1684,0.00296999991,39,0,0.29027741430296,0.247611794269531,12.9589692354377,77.7333000303451,13
"131",2020-07-09,2175,82,263,5,4.1,8,0,0,8,1,0,2,2,0,268,8,1504,0.00266000003,41,0,0.258941103244013,0.256649139517002,7.97559908574994,81.7498906289369,8
"132",2020-07-10,2191,95,263,12,5.3,16,0,0,16,0,0,2,2,0,268,16,1900,0.00684000015,14,0.07143000126,0.731244529918495,0.318700603095015,15.862184606099,94.1817210987128,16
"133",2020-07-11,2198,100,263,7,5.7,7,0,0,7,1,1,2,1,0,269,7,1571,0.00381999999,25,0,0.376016289742481,0.32838968136608,6.96899585084513,99.5570835835019,7
"134",2020-07-12,2221,120,263,9,6.3,23,0,2,21,1,1,3,2,0,270,21,1068,0.00842999995,13,0,0.832862159722479,0.410851239027184,22.7939808726651,118.822747843801,23
"135",2020-07-13,2244,138,263,6,7.1,23,0,2,21,0,0,3,3,0,270,21,808,0.00619000018,65,0,0.572911815056128,0.492695784035203,22.8582829213696,137.068716340429,23
"136",2020-07-14,2263,148,263,4,6.9,19,0,2,17,1,0,4,4,0,271,17,1406,0.00356000006,66,0,0.340038049209239,0.486041623027971,18.9319087110922,147.407205249509,19
"137",2020-07-15,2284,168,263,15,8.3,21,0,0,21,1,0,5,5,0,272,21,1404,0.00782999992,46,0,0.758159992253793,0.552881991306661,20.812459411007,166.499675288056,21
"138",2020-07-16,2306,186,263,7,8.6,22,0,1,21,0,0,5,5,0,272,21,1695,0.00708000004,25,0.04,0.755848841151163,0.623868811007683,21.8130311038468,184.343989776929,22
"139",2020-07-17,2336,213,263,17,9.3,30,0,0,29,0,1,5,4,0,272,29,1787,0.00726999998,21,0,0.718555860855089,0.622056143998625,28.7545440005355,211.197168003933,30
"140",2020-07-18,2362,232,263,16,10.6,26,0,0,24,2,1,6,5,0,274,24,1551,0.00708999991,81,0,0.673810653211397,0.664598195922755,23.8095134866909,230.158630371345,26
"141",2020-07-19,2380,250,263,28,13.3,18,0,0,18,0,1,6,5,0,274,18,2025,0.02122999907,22,0,2.10018310291891,0.845644044950816,17.5547081127179,243.815390454415,18
"142",2020-07-20,2410,275,263,47,19.1,30,0,0,27,2,3,8,5,0,276,27,1548,0.01485999942,35,0.02857000113,1.51631264319078,0.980415591827195,26.5177551059778,270.088246449774,30
"143",2020-07-21,2434,294,263,23,21.9,24,0,0,23,0,3,8,5,0,276,23,1428,0.01610999942,15,0,1.59425358085655,1.15958923920538,22.5680829434109,288.478973276644,24
"144",2020-07-22,2461,314,263,13,21.6,27,0,1,23,2,3,9,6,0,278,23,1771,0.00902999997,16,0,0.894914938269166,1.17912566006472,23.7575485915941,310.69001120698,27
"145",2020-07-23,2480,322,263,29,24.7,19,0,1,17,1,3,10,7,0,279,17,1667,0.01019999981,32,0,1.0007886805927,1.21411706569923,17.7995959824368,318.204112137921,19
"146",2020-07-24,2503,337,263,34,27.1,23,0,1,18,0,3,7,4,0,279,18,2036,0.01228000045,83,0,1.1798999960453,1.2800233707264,18.7498313859811,332.316287615312,23
"147",2020-07-25,2515,336,263,26,28.6,12,0,1,10,0,3,7,4,0,279,10,2126,0.00800000012,320,0,0.69533933994767,1.28309889740301,10.9180947163457,333.247982469217,12
"148",2020-07-26,2522,338,263,21,27.6,7,0,0,6,2,4,9,5,0,281,6,1816,0.01210999966,73,0,1.1642011319513,1.14938718726478,5.91771998062104,333.364892241652,7
"149",2020-07-27,2537,340,264,22,24,15,0,1,13,1,4,9,5,1,282,13,1601,0.00874000013,24,0,0.861091705115692,1.0557841961112,13.8681415774999,336.551395103843,15
"150",2020-07-28,2557,330,264,14,22.7,20,0,2,17,1,4,10,6,0,283,17,1488,0.00739000022,24,0,0.727269862920635,0.93192937926321,18.8543670554951,327.173007547845,20
"151",2020-07-29,2573,324,264,20,23.7,16,2,2,12,2,4,11,7,0,285,14,2254,0.00620999992,52,0,0.606996522969644,0.890798177077563,15.8999010880751,321.683425181166,16
"152",2020-07-30,2593,334,264,19,22.3,20,1,0,18,1,4,12,8,0,286,19,1891,0.00898999989,134,0,0.839510607011852,0.867758452280299,18.8121137898423,330.697158200386,20
"153",2020-07-31,2603,321,264,18,20,10,0,1,9,1,3,13,10,0,287,9,2129,0.00797999978,207,0,0.727286795017979,0.80309942356211,9.92289841083408,318.250043319749,10
"154",2020-08-01,2621,309,264,15,18.4,18,0,0,18,1,2,13,11,0,288,18,1629,0.00551999986,83,0.01205000043,0.583658283155958,0.78714498687758,17.8762496955274,306.875619773221,18
"155",2020-08-02,2629,294,264,2,15.7,8,0,0,8,0,2,13,11,0,288,8,1340,0.00149000004,11,0,0.147786828541821,0.641942943533369,7.98607353685699,293.488202479494,8
"156",2020-08-03,2638,280,264,10,14,9,0,1,7,0,1,12,11,0,288,7,1046,0.01146999955,47,0,1.09767790752973,0.675740972449661,7.90949176804983,276.379670721993,9
"157",2020-08-04,2650,268,264,20,14.9,12,0,1,11,1,1,11,10,0,289,11,1699,0.00588999987,12,0,0.584869069499123,0.655398001960873,11.9242179311389,266.153673231385,12
"158",2020-08-05,2659,248,264,12,13.7,9,1,0,8,1,1,12,11,0,290,9,1599,0.005,70,0,0.479029358897543,0.637116978522002,8.94921683566767,246.600641693954,9
"159",2020-08-06,2669,224,264,13,12.9,10,0,0,10,1,2,10,8,0,291,10,1639,0.00305000007,10,0,0.30315040113584,0.560494091968286,9.96429136370049,223.200126546891,10
"160",2020-08-07,2681,225,264,6,11.1,12,0,3,9,1,2,10,8,0,292,9,1689,0,39,0,0,0.456595978394289,12,225,12
"161",2020-08-08,2687,208,264,14,11,6,1,1,4,0,1,10,9,0,292,5,1518,0.00725000024,95,0,0.682300084582765,0.470687664312404,5.95981531695785,206.328317185446,6
"162",2020-08-09,2689,199,264,16,13,2,0,1,1,2,2,12,10,0,294,1,1589,0.00441000015,102,0,0.414399186182732,0.508775143975391,1.99511871672715,198.028624628703,2
"163",2020-08-10,2701,200,264,8,12.7,12,2,0,10,0,1,12,11,0,294,12,1384,0.00578000009,27,0,0.566939767863926,0.432955409737419,11.9198629621527,198.664382702544,12
"164",2020-08-11,2714,204,264,8,11,13,2,1,10,0,1,12,11,0,294,12,1460,0.00342000008,41,0,0.33265823562958,0.396925290613198,12.9529786987438,203.200637878644,13
"165",2020-08-12,2721,187,264,12,11,7,3,0,4,0,2,10,8,0,294,7,1486,0.00268999994,7,0,0.267738775006028,0.366740921485839,6.97792379441722,186.410249936574,7
"166",2020-08-13,2743,190,264,11,10.7,22,0,0,22,0,2,9,7,0,294,22,1689,0.00532999992,56,0,0.515895121196562,0.397133024351656,21.8663099088721,188.845403758441,22
"167",2020-08-14,2754,185,264,6,10.7,11,4,1,6,1,2,10,8,0,295,10,1882,0.00477999985,36,0,0.469028139608968,0.464137044295794,10.9447523236361,183.977917987268,11
"168",2020-08-15,2758,177,264,2,9,4,0,0,4,1,2,11,9,0,296,4,2044,0.00734000027,21,0,0.726535619945763,0.470456406490508,3.96576801994775,175.485234882688,4
"169",2020-08-16,2762,158,264,26,10.4,4,0,1,3,0,2,11,9,0,296,3,1196,0.00501999974,22,0,0.492932650988506,0.481675472891333,3.98258097034836,157.08259777168,4
"170",2020-08-17,2785,172,265,8,10.4,23,1,4,18,1,1,9,8,1,297,19,1358,0.00662999988,32,0,0.647736678923741,0.493217888757021,22.8550336484535,170.687673028105,23
"171",2020-08-18,2811,191,265,15,11.4,26,1,1,24,0,1,7,6,0,297,25,1888,0.00583000004,77,0.05195000172,0.763724692517048,0.554798811169516,25.7750987036809,189.281754096122,26
"172",2020-08-19,2835,200,265,23,13,24,4,3,15,2,1,7,6,0,299,19,1519,0.01184999943,25,0.04,1.23057960713536,0.692347501473707,21.7245908071311,197.100955864538,24
"173",2020-08-20,2852,208,266,24,14.9,17,1,0,16,3,0,6,6,1,302,17,1607,0.00995999992,103,0,0.936007010025731,0.75236348559216,16.8125682585005,205.706717515771,17
"174",2020-08-21,2873,215,266,16,16.3,21,3,2,16,0,0,6,6,0,302,19,1804,0.00721000016,116,0.00861999989,0.72951876436875,0.789576431986414,20.8367304537532,213.152476187208,21
"175",2020-08-22,2892,225,266,16,18.3,19,1,0,18,1,0,7,7,0,303,19,1864,0.00589999974,73,0,0.567764559388745,0.766894851906841,18.8729317647277,223.495244582301,19
"176",2020-08-23,2909,235,266,13,16.4,17,0,1,15,0,0,7,7,0,303,15,694,0.01728999972,5,0,1.716632304103,0.941709088066055,15.6966921450003,230.248176938338,17
"177",2020-08-24,2928,251,266,19,18,19,2,0,17,1,1,8,7,0,304,19,1142,0.00963,58,0,0.916455,0.980097419648377,18.7948932922444,248.29043243965,19
"178",2020-08-25,2942,253,266,23,19.1,14,0,1,13,4,2,11,9,0,308,13,1647,0.01457000017,73,0,1.39516222558081,1.07030278151463,13.7863597000134,248.842231084877,14
"179",2020-08-26,2960,261,266,15,18,18,1,4,13,0,2,11,9,0,308,14,1832,0.00490999997,41,0,0.480251999201281,0.963113123238332,17.9208023427636,259.523529390093,18
"180",2020-08-27,2973,264,266,16,16.9,13,1,3,9,1,2,9,7,0,309,10,1469,0.00612999976,9,0,0.609267229190798,0.916436011690485,12.9282333065869,262.105359293893,13
"181",2020-08-28,3001,274,266,20,17.4,28,0,3,21,1,1,9,8,0,310,21,2137,0.0060799998,35,0,0.59820255859116,0.897676553722258,23.8520269318857,272.069303777937,28
"182",2020-08-29,3022,288,266,12,16.9,21,0,2,18,0,1,9,8,0,310,18,1790,0.00726000011,11,0.09090999603,0.777091069029983,0.927580340813863,19.8352370570749,285.363792913199,21
"183",2020-08-30,3042,302,267,16,17.3,20,0,6,12,2,1,10,9,1,312,12,1402,0.00428000003,33,0,0.418157494220209,0.742083939402035,17.9408933632108,300.512482974139,20
"184",2020-08-31,3063,312,267,13,16.4,21,1,3,17,1,1,11,10,0,313,18,1353,0.0051700002,54,0,0.497157801748401,0.682184339651807,20.8945899833639,310.172893044974,21
"185",2020-09-01,3088,316,267,18,15.7,25,1,2,22,0,1,11,10,0,313,23,1361,0.01542999983,22,0.09090999603,1.66306939127187,0.720456791893387,24.5494392830558,309.809687541115,25
"186",2020-09-02,3124,326,267,15,15.7,36,1,9,26,0,1,9,8,0,313,27,1528,0.00261999995,51,0,0.253537677238759,0.688069031613026,35.9193654086842,325.026411971521,36
"187",2020-09-03,3146,327,267,24,16.9,22,1,4,17,1,1,8,7,0,314,18,1493,0.00938000023,133,0.00751999974,0.922785996851783,0.732857426993167,21.804346050816,323.445619923157,22
"188",2020-09-04,3168,331,267,24,17.4,22,0,3,19,3,1,11,10,0,317,19,2705,0.00813000023,258,0.00774999976,0.809691210267634,0.763070091518377,21.8187875035472,327.843087561797,22
"189",2020-09-05,3193,338,267,17,18.1,25,1,11,13,2,1,13,12,0,319,14,2256,0.00398999989,164,0,0.371960320323967,0.705194270274661,24.9386605656956,336.519090800366,25
"190",2020-09-06,3214,340,267,27,19.7,21,1,3,16,1,1,14,13,0,320,17,1310,0.00611000001,192,0.03125,0.932363516185087,0.7786522734125,19.8132978538864,336.265957077728,21
"191",2020-09-07,3255,365,267,29,22,41,2,6,33,0,1,12,11,0,320,35,1290,0.0147300005,44,0,1.42441534070465,0.911117636120536,40.4127543555103,358.875866850322,41
"192",2020-09-08,3307,402,267,24,22.9,52,0,14,36,3,1,14,13,0,323,36,1097,0.01276000023,4,0,1.27136423726703,0.855159756976987,49.4608773112698,395.979796642513,52
"193",2020-09-09,3352,433,267,15,22.9,45,2,10,31,0,1,13,12,0,323,33,1587,0.01449000001,29,0,1.42299690692265,1.02222536121754,42.4468626131221,425.742167014602,45
"194",2020-09-10,3429,495,267,33,24.1,77,1,21,52,2,2,14,12,0,325,53,1959,0.01276000023,61,0,1.23746734903812,1.0671798401013,73.2274533100768,487.78470544317,77
"195",2020-09-11,3459,509,267,60,29.3,30,0,1,25,0,1,12,11,0,325,25,2314,0.01555999994,93,0.0752699995,1.78670335748484,1.20675300398948,25.4738524167501,498.287635205033,30
"196",2020-09-12,3508,534,269,47,33.6,49,0,4,42,1,0,12,12,2,326,42,1900,0.01684000015,26,0,1.66126688914849,1.39093965667869,45.1781286956614,523.550493416266,49
"197",2020-09-13,3543,547,270,31,34.1,35,1,5,29,1,1,11,10,1,327,30,1199,0.01667999983,44,0,1.60895573581416,1.48759568805428,34.4314345455893,536.633156547911,35
"198",2020-09-14,3611,596,272,59,38.4,68,0,19,49,1,1,11,10,2,328,49,2394,0.01419999957,218,0.04127999783,1.64601219362634,1.5192523813288,67.0499548485569,584.444348770203,68
"199",2020-09-15,3684,645,273,41,40.9,73,0,15,55,1,1,11,10,1,329,55,2961,0.01215999961,28,0,1.20460886066276,1.50971589895677,69.2195881404058,635.84789728294,73
"200",2020-09-16,3761,685,274,41,44.6,77,0,7,67,1,0,11,11,1,330,67,1887,0.01907999992,162,0.00616999984,1.80592971318302,1.56442058556539,72.5747509376148,670.428423765166,77
"201",2020-09-17,3811,710,278,57,48,50,2,4,38,2,2,11,9,4,332,40,2512,0.01911000013,208,0.00481000006,1.80164707128824,1.64501768874398,43.1511228780478,694.932431085349,50
"202",2020-09-18,3899,778,278,47,46.1,88,1,6,78,0,2,11,9,0,332,79,2409,0.01286999941,281,0.0213499999,1.37558284574684,1.58628618706712,83.7199440274492,765.393879156399,88
"203",2020-09-19,3969,829,280,47,46.1,70,2,4,60,0,2,10,8,2,332,62,2101,0.0214199996,161,0,1.98954107690539,1.63318249960382,64.5470197288139,809.572247664302,70
"204",2020-09-20,4012,861,280,76,52.6,43,1,4,34,2,2,11,9,0,334,35,2847,0.01861999989,112,0,1.79152212527307,1.65926341238366,38.2614067435183,842.83060589055,43
"205",2020-09-21,4121,941,280,55,52,109,2,22,82,1,3,12,9,0,335,84,2949,0.01899000049,73,0,1.85312744688981,1.68885130570702,104.166420721644,920.459546417461,109
"206",2020-09-22,4230,1020,280,85,58.3,109,0,27,81,3,3,15,12,0,338,81,2507,0.01355999947,64,0.03125,1.40003573206107,1.71676943019249,106.664206713041,1003.17889934941,109
"207",2020-09-23,4336,1079,281,67,62,106,0,26,75,2,3,16,13,1,340,75,1896,0.01687999964,7,0.5714300156,1.89198578174672,1.72906315427302,99.3285466905758,1054.95335838842,106
"208",2020-09-24,4437,1132,282,38,59.3,101,2,18,75,2,3,18,15,1,342,77,2730,0.01281999946,55,0,1.25668217327828,1.65121102598588,93.8601930590828,1115.24335769976,101
"209",2020-09-25,4556,1195,284,57,60.7,119,5,16,86,3,3,20,17,2,345,91,3291,0.01337000012,59,0.03390000105,1.37315732707075,1.65086452331787,105.528105072416,1175.671269907,119
"210",2020-09-26,4641,1242,286,76,64.9,85,3,14,66,3,4,21,17,2,348,69,3437,0.02996999979,12,0,2.98657260882082,1.79329759930579,80.5726227007153,1198.30720861288,85
"211",2020-09-27,4723,1272,287,109,69.6,82,2,12,64,2,4,22,18,1,350,66,2684,0.03315999985,13,0,3.30001629949574,2.00879676705188,75.4344815738143,1222.55546305897,82
"212",2020-09-28,4838,1342,288,86,74,115,3,11,97,6,4,27,23,1,356,100,3135,0.02584000111,192,0.01042000055,2.49501183004058,2.10049453607342,108.061080253627,1302.55969700368,115
"213",2020-09-29,4945,1373,291,58,70.1,107,5,18,74,4,3,27,24,3,360,79,2165,0.02632999897,79,0.02532000065,2.62944419881462,2.27612431703821,94.5531566407735,1330.47448187066,107
"214",2020-09-30,5028,1402,291,107,75.9,83,1,10,67,5,5,30,25,0,365,68,3170,0.03059999943,281,0.01422999978,2.92670611797392,2.42394150792781,75.6557542040887,1353.66716756077,83
"215",2020-10-01,5129,1438,293,105,85.4,101,2,11,78,3,5,29,24,2,368,80,3844,0.02263000011,120,0.00833000004,2.21971040432997,2.56151696950663,88.9082902421643,1400.4015171029,101
"216",2020-10-02,5225,1488,294,115,93.7,96,0,13,79,1,5,29,24,1,369,79,3362,0.02171000004,197,0,2.05082945025232,2.65832727281828,90.0915896889851,1452.0542462938,96
"217",2020-10-03,5298,1501,295,65,92.1,73,2,6,64,5,6,31,25,1,374,66,3113,0.03019999981,485,0.01031000018,2.75188853518149,2.62480097658409,69.8606103415622,1452.34509276795,73
"218",2020-10-04,5355,1482,295,77,87.6,57,1,7,47,3,6,32,26,0,377,48,3118,0.0291899991,102,0,2.82653469545963,2.55716074743607,53.4018752558475,1432.65789852429,57
"219",2020-10-05,5433,1483,295,82,87,78,3,13,59,3,6,33,27,0,380,62,3821,0.01779999971,238,0.00839999974,1.72488294727839,2.4471423356129,73.7403020115578,1452.86883682484,78
"220",2020-10-06,5509,1456,296,139,98.6,76,5,15,53,2,7,34,27,1,382,58,2158,0.0194599998,55,0,1.89763576901943,2.34259827421359,71.7035494115937,1423.45461971173,76
"221",2020-10-07,5610,1470,296,174,108.1,101,12,22,63,3,10,36,26,0,385,75,2268,0.03131000042,76,0,3.02948297579181,2.35728068247329,94.3236377384101,1417.54329967284,101
"222",2020-10-08,5690,1429,296,85,105.3,80,5,14,55,2,9,36,27,0,387,60,2434,0.02711999893,182,0,2.52332100136162,2.40065362490638,72.2166406199642,1386.52632409881,80
"223",2020-10-09,5773,1430,296,97,102.7,83,5,19,57,2,9,37,28,0,389,62,2508,0.02072999954,247,0.00810000002,1.95976547554483,2.38764448566246,79.5687651262032,1396.98926016888,83
"224",2020-10-10,5838,1415,297,68,103.1,65,5,7,51,6,9,43,34,1,395,56,2628,0.03006000042,21,0,2.98216991709173,2.42054182593535,61.0328588215581,1365.2945577233,65
"225",2020-10-11,5902,1380,297,139,112,64,6,6,48,5,10,46,36,0,400,54,2660,0.0233100009,238,0.01680999994,2.27761843960386,2.34212521795595,58.5512620131975,1342.97669589283,64
"226",2020-10-12,5964,1352,297,62,109.1,62,2,14,43,3,10,46,36,0,403,45,1994,0.01504999995,237,0.01266000032,1.47961093573017,2.30708635916335,58.215712733453,1328.43652479174,62
"227",2020-10-13,6049,1374,298,74,99.9,85,4,10,68,1,7,45,38,1,404,72,2117,0.03023000002,18,0,2.99751335092927,2.46421172800761,79.4578057021151,1325.48645881536,85
"228",2020-10-14,6116,1379,300,84,87,67,1,16,49,2,7,45,38,2,406,50,3004,0.02963000059,110,0.03635999918,2.98677333597174,2.45811035089046,64.2409127224691,1330.4843728857,67
"229",2020-10-15,6202,1405,300,107,90.1,86,3,25,52,5,8,49,41,0,411,55,2119,0.02171000004,105,0.00952000022,2.11344829621673,2.39955710729833,78.6307919783196,1370.02295871889,86
"230",2020-10-16,6277,1426,301,78,87.4,75,2,10,59,4,8,47,39,1,415,61,3126,0.02142999887,280,0.00356999993,1.99617664263124,2.40475870259639,69.5656870409184,1392.46999541557,75
"231",2020-10-17,6324,1408,302,64,86.9,47,1,10,36,6,8,49,41,1,421,37,3037,0.02140000105,149,0,2.03991849305869,2.27015135630596,46.1109428952675,1374.16777287937,47
"232",2020-10-18,6381,1376,305,74,77.6,57,1,11,40,2,6,48,42,3,423,41,1144,0.02710000038,37,0.0540500021,2.79443272755461,2.34398196887035,50.6504386456786,1330.70740430375,57
"233",2020-10-19,6445,1355,307,69,78.6,64,1,6,57,3,6,47,41,2,426,58,1334,0.03747999907,27,0,3.67364575748567,2.65741551483542,61.4901926483239,1296.36570755998,64
"234",2020-10-20,6523,1358,309,46,74.6,78,3,14,57,4,5,45,40,2,430,60,1595,0.02507999897,48,0.02082999945,2.49558358677724,2.5857112628137,72.2362440625901,1318.08032394996,78
"235",2020-10-21,6611,1382,312,69,72.4,88,1,46,40,4,4,44,40,3,434,41,2258,0.03055999994,446,0.00897000015,2.69989274894305,2.5447283218096,85.6960963923527,1338.04890766418,88
"236",2020-10-22,6676,1368,312,88,69.7,65,1,24,36,1,3,43,40,0,435,37,2238,0.02680999994,87,0.01149000049,2.62367354444516,2.6176176429851,59.8565250949365,1325.72233323981,65
"237",2020-10-23,6755,1370,313,92,71.7,79,1,13,64,2,3,36,33,1,437,65,2768,0.02457000017,65,0.01537999988,2.4359145945203,2.68043735039782,76.1349497743953,1330.69047986033,79
"238",2020-10-24,6820,1363,317,63,71.6,65,2,17,41,2,3,36,33,4,439,43,2358,0.02119999886,191,0,1.96114544181561,2.66918405736309,59.0066704021689,1331.51376181759,65
"239",2020-10-25,6890,1344,319,69,70.9,70,1,24,42,3,3,38,35,2,442,43,1751,0.03084000111,77,0,2.95409419822812,2.69199283888788,65.5037370817513,1297.23308460171,70
"240",2020-10-26,6963,1303,320,77,72,73,1,16,51,4,3,39,36,1,446,52,995,0.03920000076,121,0.01652999997,3.6742052645672,2.69207276847095,65.7494851837534,1246.60729220059,73
"241",2020-10-27,7041,1273,322,61,74.1,78,0,15,60,1,3,31,28,2,447,60,1354,0.02880000114,116,0,2.65273479888163,2.71452294162872,73.1251773025389,1233.22251176887,78
"242",2020-10-28,7153,1279,325,94,77.7,112,2,69,38,2,2,29,27,3,449,40,1900,0.04052999973,166,0.01807000041,3.87253724855082,2.88204358442984,107.175387218401,1220.65800630838,112
"243",2020-10-29,7217,1263,326,65,74.4,64,0,18,42,9,2,37,35,1,458,42,2190,0.02921999931,96,0,2.79929127248031,2.907131831292,58.6151188683979,1221.35464597111,64
"244",2020-10-30,7267,1232,328,122,78.7,50,1,9,36,4,2,40,38,2,462,37,2789,0.03585999966,105,0.05714000225,3.66320799198307,3.08245945950097,44.4034650882045,1178.83970239643,50
"245",2020-10-31,7306,1162,329,83,81.6,39,0,5,32,2,2,39,37,1,464,32,2352,0.02763999939,322,0,2.43116225001047,3.14960471781452,36.0836127467243,1128.72368786542,39
"246",2020-11-01,7356,1122,332,50,78.9,50,1,6,40,1,2,37,35,3,465,41,1714,0.02566999912,104,0,2.42015283232563,3.07332737982845,45.8311957908837,1090.01467505784,50
"247",2020-11-02,7420,1075,332,56,75.9,64,3,8,47,6,2,42,40,0,471,50,1030,0.01748000026,14,0.07143000126,1.82034677063602,2.80849045212399,56.9278902398268,1051.94964015628,64
"248",2020-11-03,7491,1003,333,36,72.3,71,1,36,33,1,2,43,41,1,472,34,1456,0.02197999954,13,0,2.17854862697345,2.74074957042283,69.1275083226487,977.261495518136,71
"249",2020-11-04,7556,927,337,53,66.4,65,5,1,51,1,1,40,39,4,473,56,1466,0.02729000092,295,0.00338999987,2.32863096594946,2.5201915300512,55.4639554452412,901.572976745332,65
"250",2020-11-05,7603,884,337,45,63.6,47,0,6,34,5,2,43,41,0,478,34,2536,0.02404999971,41,0,2.36673648678929,2.4583979892382,39.052140557415,859.35565449279,47
"251",2020-11-06,7677,878,341,79,57.4,74,1,12,58,4,3,46,43,4,482,59,2342,0.0234800005,116,0.02585999966,2.35923194188609,2.2721156963672,69.3604005313674,853.600536721027,74
"252",2020-11-07,7712,845,346,75,56.3,35,3,4,25,3,4,46,42,5,485,28,2499,0.02760999918,142,0,2.61254782093222,2.29802792078459,31.1383370931096,818.996244417059,35
"253",2020-11-08,7749,783,346,47,55.9,37,1,5,29,1,4,47,43,0,486,30,1176,0.02040999889,92,0.01087000012,1.97178223230915,2.2339749779251,34.3032205697414,764.814056870251,37
"254",2020-11-09,7819,751,350,31,52.3,70,3,24,41,7,4,46,42,4,493,44,711,0.02109999895,20,0.1,2.32586857092339,2.30619237796615,66.7945395549507,730.424981949272,70
"255",2020-11-10,7886,760,350,51,54.4,67,0,11,54,3,5,47,42,0,496,54,1374,0.0334800005,17,0,3.30708272372394,2.46741153464479,62.8964446879915,730.394406719881,67
"256",2020-11-11,7942,759,353,78,58,56,0,6,48,2,5,46,41,3,498,48,2375,0.02611000061,241,0.02904999971,2.63808491509404,2.51161924166545,52.5084248968323,735.414468681161,56
"257",2020-11-12,7984,749,355,58,59.9,42,1,8,31,3,3,43,40,2,501,32,2318,0.02157000065,214,0.00467000008,2.01416435718088,2.46125179457853,39.2407933518567,731.229819391897,42
"258",2020-11-13,8022,725,357,81,60.1,38,1,7,26,0,3,36,33,2,501,27,2719,0.02170000076,200,0,2.02131901563686,2.41297851940007,33.3571439380539,707.738124262557,38
"259",2020-11-14,8043,702,357,50,56.6,21,3,2,14,3,3,37,34,0,504,17,1710,0.01578999996,245,0.01633000016,1.5857672619335,2.26629558240025,18.6824563103337,688.887313520839,21
"260",2020-11-15,8073,658,360,29,54,30,1,1,25,0,2,35,33,3,504,26,984,0.01524000049,306,0.00653999984,1.31762794055814,2.17284496929297,26.5964649510571,647.787459145984,30
"261",2020-11-16,8117,620,363,11,51.1,44,0,3,39,3,2,33,31,3,507,39,735,0.01223999977,53,0,1.14167510545051,2.00367447422541,41.4755280621633,611.662240988238,44
"262",2020-11-17,8158,598,363,39,49.4,41,1,10,29,1,2,32,30,0,508,30,1828,0.02078999996,38,0,2.03666237550268,1.82218585305094,39.2802935200557,583.653850833111,41
"263",2020-11-18,8199,590,363,66,47.7,41,3,6,30,1,2,32,30,0,509,33,2684,0.02049000025,20,0.05,2.07082694789201,1.74114900059351,38.1950426588695,575.608338446455,41
"264",2020-11-19,8219,573,364,53,47,20,2,1,17,0,2,30,28,1,509,19,2476,0.01212000012,187,0.01603999972,1.23952685860909,1.63048650079754,19.7225883724308,564.633849336993,20
"265",2020-11-20,8244,530,364,28,39.4,25,1,2,20,1,2,30,28,0,510,21,2643,0.00757000029,222,0.02252000093,0.872842965896335,1.46641849369175,22.784091107952,524.550870819742,25
"266",2020-11-21,8273,498,365,27,36.1,29,4,4,19,2,2,31,29,1,512,23,1495,0.01873000026,71,0,1.78808112316092,1.4953204738671,26.5155709575115,487.51105812351,29
"267",2020-11-22,8300,484,368,26,35.7,27,3,4,19,3,4,31,27,3,515,22,1220,0.01475000024,36,0,1.43272295324841,1.51176261853714,25.6287213150291,475.83186893064,27
"268",2020-11-23,8340,467,370,20,37,40,2,10,25,1,3,27,24,2,516,27,922,0.01735000014,13,0,1.71087701915294,1.59307717763748,36.4558762597599,457.588674566958,40
"269",2020-11-24,8384,477,370,21,34.4,44,2,7,34,1,3,23,20,0,517,36,1403,0.00855000019,41,0.09755999565,1.10772923048615,1.46037244263512,42.530266823921,470.776035416953,44
"270",2020-11-25,8439,485,371,38,30.4,55,4,10,39,2,2,23,21,1,519,43,2618,0.01222000003,72,0.01389000058,1.22646989294796,1.33975000621454,52.3787871008761,477.993296370346,55
"271",2020-11-26,8484,500,372,60,31.4,45,3,4,37,3,2,23,21,1,522,40,3059,0.01437999964,224,0.0044600001,1.37031553217058,1.35843410243761,43.3543521793735,491.929402242169,45
"272",2020-11-27,8530,511,374,56,35.4,46,2,3,40,3,1,24,23,2,525,42,3154,0.01776000023,336,0.00298000008,1.63370546568195,1.46712874526413,44.1917640381833,501.166462464563,46
"273",2020-11-28,8575,514,375,60,40.1,45,2,3,40,2,1,25,24,1,527,42,2597,0.01194000006,191,0,1.11220158378121,1.37057452535274,44.4497653734505,507.266176236989,45
"274",2020-11-29,8620,526,377,23,39.7,45,0,4,38,5,1,28,27,2,532,38,898,0.02450000048,12,0,2.41769235505934,1.51128443989716,40.9178193816129,511.020341966536,45
"275",2020-11-30,8664,533,378,45,43.3,44,1,7,35,1,1,25,24,1,533,36,1135,0.02290999889,61,0,2.17415123245401,1.57746647036874,42.078050000316,519.350018060234,44
"276",2020-12-01,8717,554,378,34,45.1,53,2,11,39,3,1,27,26,0,536,41,1906,0.01417000055,113,0.01769999981,1.43675686116048,1.62447041760793,51.3061233801556,544.624203722102,53
"277",2020-12-02,8759,568,379,50,46.9,42,1,5,34,6,1,31,30,1,542,35,2859,0.01014000058,81,0.01235000014,1.02008883229796,1.59498740894365,39.5794465935313,561.175019003594,42
"278",2020-12-03,8797,567,380,40,44,38,0,6,31,3,1,33,32,1,545,31,3327,0.01021999955,202,0,0.963500665991783,1.53687099948953,36.6481732709087,560.564975632427,38
"279",2020-12-04,8839,570,382,54,43.7,42,1,5,32,2,1,31,30,2,547,33,2994,0.01101999998,165,0.01212000012,1.10774548781007,1.46173385979355,37.5694049358279,562.562448891573,42
"280",2020-12-05,8874,559,382,45,41.6,35,3,2,29,1,1,31,30,0,548,32,2277,0.01845000029,209,0,1.68988940709292,1.54426069169522,33.3630235447679,547.872817547665,35
"281",2020-12-06,8913,553,383,33,43,39,0,7,30,1,2,31,29,1,549,30,1397,0.01575000048,20,0,1.55276998380804,1.42070035294504,36.4512892108915,542.885431120767,39
"282",2020-12-07,8966,555,384,24,40,53,0,4,44,2,1,30,29,1,551,44,1068,0.01684999943,25,0.04,1.73795053899726,1.3583859681655,47.0992480588095,543.638242559983,53
"283",2020-12-08,9013,560,384,57,43.3,47,1,1,44,0,1,27,26,0,551,45,2367,0.01942999959,69,0,1.88796424587562,1.42284416598195,44.9992596824073,547.546342714402,47
"284",2020-12-09,9068,571,386,39,41.7,55,2,3,48,1,3,24,21,2,552,50,2911,0.00962000012,167,0.00598999977,0.94230507832716,1.41173220112898,52.4450208675448,564.662138307361,55
"285",2020-12-10,9112,569,386,57,44.1,44,2,0,42,1,3,23,20,0,553,44,3091,0.01391000032,252,0.00397000015,1.31607092512474,1.46209938100511,43.3179015087308,560.179226328814,44
"286",2020-12-11,9151,553,386,49,43.4,39,6,2,30,1,2,23,21,0,554,36,3047,0.01180999994,32,0,1.16872587908996,1.47081086547367,37.5044011622681,545.387051187062,39
"287",2020-12-12,9180,538,387,56,45,29,2,5,22,0,2,20,18,1,554,24,2616,0.01567000031,24,0,1.55275457617273,1.45122017534222,28.5610357244573,528.159884156584,29
"288",2020-12-13,9220,536,388,28,44.3,40,5,2,33,0,2,19,17,1,554,38,1502,0.01197999954,47,0,1.16165005223241,1.39534589940284,39.4800350965897,528.665758204528,40
"289",2020-12-14,9262,533,388,19,43.6,42,3,4,35,2,2,20,18,0,556,38,917,0.01745000005,20,0,1.70775347340982,1.39103203289035,41.2355943443176,522.278204882139,42
"290",2020-12-15,9310,543,389,51,42.7,48,2,7,38,1,1,20,19,1,557,40,2079,0.01347000003,49,0,1.3159835555625,1.30932050570276,46.3799516281602,534.582843352274,48
"291",2020-12-16,9364,559,389,54,44.9,54,3,4,46,0,1,18,17,0,557,49,2312,0.01687000036,94,0,1.62109064140981,1.40628987185742,52.0643390675447,548.325827321582,54
"292",2020-12-17,9402,555,390,60,45.3,38,1,5,30,1,0,17,17,1,558,31,3207,0.01340999961,83,0.02410000086,1.36796865716261,1.41370383357712,35.5004799112894,546.056979056956,38
"293",2020-12-18,9443,544,390,23,41.6,41,3,4,34,0,0,16,16,0,558,37,3298,0.00727999985,170,0.00588,0.721137240637255,1.34976259951245,40.6857069586568,539.379042851602,41
"294",2020-12-19,9482,541,390,46,40.1,39,1,7,28,3,0,19,19,0,561,29,2799,0.0117900002,140,0,1.12283805919701,1.2883459542302,35.6164427108994,533.844672641261,39
"295",2020-12-20,9526,536,390,24,39.6,44,5,2,34,0,0,16,16,0,561,39,1360,0.01618000031,51,0,1.55951810216868,1.34518424707824,40.283575969003,526.153762035529,44
"296",2020-12-21,9600,556,390,28,40.9,74,7,8,59,1,0,15,15,0,562,66,1365,0.00658999979,32,0.03125,0.715486736818182,1.20343185613658,73.443762018,551.314116394061,74
"297",2020-12-22,9682,598,390,67,43.1,82,5,7,68,2,0,15,15,0,564,73,3021,0.02250999928,48,0,2.21579367301662,1.33197615863002,78.0946827659051,582.392058822072,82
"298",2020-12-23,9782,665,390,52,42.9,100,5,6,88,1,1,13,12,0,565,93,2652,0.01998000026,199,0.01508000016,1.9637979909281,1.38093435141835,96.8487302143178,649.617264435713,100
"299",2020-12-24,9855,693,390,55,42.1,73,11,5,55,2,1,13,12,0,567,66,3469,0.01557000041,144,0,1.49494413014918,1.39907370470214,69.8377915852713,680.796811645349,73
"300",2020-12-25,9918,722,390,52,46.3,63,6,2,54,0,1,10,9,0,567,60,2537,0.0295600009,161,0,2.77960423585248,1.69314041830432,60.035512214213,698.360663644363,63
"301",2020-12-26,10011,765,390,86,52,93,5,4,83,2,2,12,10,0,569,88,951,0.01998000026,50,0,1.8981998249011,1.80390638483348,90.032386838772,747.895181041597,93
"302",2020-12-27,10122,830,391,35,53.6,111,8,6,95,2,4,12,8,1,571,103,1480,0.02703000069,32,0.0625,2.77806885060847,1.97798506318202,105.629492115973,802.839596662699,111
"303",2020-12-28,10256,926,391,65,58.9,134,15,7,110,1,2,13,11,0,572,125,1188,0.04125,39,0.02563999891,4.07538385961614,2.45797036643887,125.99941417368,881.547660198618,134
"304",2020-12-29,10376,1003,391,112,65.3,120,5,15,100,3,4,12,8,0,575,105,1880,0.05052999973,25,0.04,5.03918107571654,2.86131142396743,113.767469949364,943.464498659165,120
"305",2020-12-30,10513,1094,391,88,70.4,137,12,10,115,3,5,13,8,0,578,127,2458,0.05736000061,62,0,5.5948762499754,3.38003688954561,128.630310944294,1021.90204860676,137
"306",2020-12-31,10639,1182,391,147,83.6,126,0,9,117,2,5,13,8,0,580,117,2652,0.03318000078,144,0,3.14711595381116,3.61606143578304,121.662757307192,1138.18272766753,126
"307",2021-01-01,10756,1237,392,88,88.7,117,0,5,111,2,6,13,7,1,582,111,2759,0.03914000034,134,0.01493000031,3.80186246040788,3.76209832500524,111.02910605035,1181.60364129985,117
"308",2021-01-02,10868,1296,392,133,95.4,112,2,8,100,2,6,15,9,0,584,102,2369,0.02954999924,431,0,2.50014100712714,3.8480899224661,106.996139272842,1257.83329899611,112
"309",2021-01-03,10991,1323,393,107,105.7,123,0,5,118,3,5,18,13,1,587,118,1516,0.06002999783,126,0.02381000042,5.72506314026797,4.26908910670317,115.042486102348,1233.78143316446,123
"310",2021-01-04,11167,1435,393,115,112.9,176,4,30,141,5,8,21,13,0,592,145,1386,0.05339000225,155,0.00644999981,4.86685873387735,4.38215694588335,166.687496130401,1352.73487549741,176
"311",2021-01-05,11310,1510,395,106,112,143,2,19,122,6,8,23,15,2,598,124,2417,0.05750999928,97,0.01031000018,5.5688837819101,4.45782876105386,134.865985214812,1410.94869092231,143
"312",2021-01-06,11494,1605,395,132,118.3,184,11,42,130,7,7,28,21,0,605,141,2627,0.05138999939,211,0.01422000051,4.86264793887033,4.35322471661028,174.92380014237,1513.06878885464,184
"313",2021-01-07,11611,1640,395,188,124.1,117,2,7,107,6,9,32,23,0,611,109,2311,0.04889999866,91,0.01098999977,4.74637747220358,4.58169064780919,109.905979796712,1548.31015473952,117
"314",2021-01-08,11743,1671,395,186,138.1,132,6,13,112,0,11,30,19,0,611,118,2661,0.03683000088,249,0,3.36785678150103,4.51968983653679,126.318869593665,1604.7104329747,132
"315",2021-01-09,11842,1681,397,154,141.1,99,6,2,91,4,11,30,19,2,615,97,3020,0.03244999886,375,0.0026699999,2.91606028040353,4.57910687557627,95.6681660481886,1623.25966110314,99
"316",2021-01-10,11935,1665,397,118,142.7,93,5,3,83,5,11,34,23,0,620,88,1824,0.05098999977,78,0,4.88989272242271,4.45979681588409,85.9312937703313,1569.09777417729,93
"317",2021-01-11,12099,1716,397,66,135.7,164,2,25,135,3,13,34,21,0,623,137,1608,0.03420000076,115,0,3.19173541625537,4.22049348479524,156.849343736926,1651.48521060267,164
"318",2021-01-12,12239,1744,398,159,143.3,140,1,22,115,4,13,35,22,1,627,116,2211,0.07056000233,74,0.01350999951,6.87124311227002,4.4065448177038,128.61123602177,1602.84478984454,140
"319",2021-01-13,12328,1732,402,172,149,89,0,9,76,2,11,34,23,4,629,76,2532,0.03752000093,173,0.01156000018,3.58597125271349,4.22416243396711,81.7897746959747,1658.84065491353,89
"320",2021-01-14,12420,1720,402,130,140.7,92,2,14,75,9,10,41,31,0,638,77,2581,0.03371000051,146,0,3.1905211337114,4.00189724275394,88.1062069545709,1655.35942807613,92
"321",2021-01-15,12515,1688,404,144,134.7,95,6,7,80,5,11,41,30,2,643,86,2923,0.03729000092,206,0.00485000014,3.51542897788431,4.02297898509441,89.4388366325621,1618.10181669494,95
"322",2021-01-16,12576,1639,405,119,129.7,61,0,0,59,2,9,39,30,1,645,59,2470,0.03239000082,289,0,2.89972098678507,4.02064480029177,56.9847759329188,1583.01775854329,61
"323",2021-01-17,12656,1578,407,74,123.4,80,2,3,72,2,9,39,30,2,647,74,2036,0.02602999926,32,0,2.56272139716441,3.6881917538263,74.7661797043835,1530.36529153401,80
"324",2021-01-18,12777,1599,408,63,123,121,2,45,72,7,10,43,33,1,654,74,1021,0.03917999983,48,0,3.74207482005893,3.76681166865538,115.738185161285,1528.51835233642,121
"325",2021-01-19,12851,1541,415,81,111.9,74,3,24,47,8,9,45,36,7,662,50,2337,0.04107999802,89,0,3.95729412088788,3.35053324131507,71.6693156934064,1469.16830967078,74
"326",2021-01-20,12912,1499,415,166,111,61,1,8,50,2,7,37,30,0,664,51,3065,0.02250999928,163,0.00612999976,2.16828803451301,3.14800706728643,57.6974264144556,1460.71455284841,61
"327",2021-01-21,12983,1467,417,81,104,71,1,9,60,3,7,37,30,2,667,61,2636,0.02427999973,117,0,2.32481217901489,3.02433435947264,68.3295525232695,1426.82710740388,71
"328",2021-01-22,13062,1437,418,95,97,79,1,3,74,5,6,37,31,1,672,75,2311,0.03072000027,111,0.00901000023,2.97250332987201,2.94677355261374,75.3739757582099,1386.6853755273,79
"329",2021-01-23,13110,1371,418,84,92,48,1,4,40,4,9,39,30,0,676,41,2122,0.03299000025,276,0,2.9192986042744,2.94957035511222,43.5901351142918,1323.85549369986,48
"330",2021-01-24,13156,1287,419,44,87.7,46,2,9,35,2,8,37,29,1,678,37,1247,0.02244999886,36,0,2.18200690400779,2.89518257037556,45.0490165429724,1253.9211970488,46
"331",2021-01-25,13219,1228,419,29,82.9,63,1,18,43,4,7,38,31,0,682,44,825,0.02061000109,48,0,1.94768051537801,2.63884052684971,60.9905483696573,1199.82712268044,63
"332",2021-01-26,13281,1165,420,74,81.9,62,1,19,40,8,5,40,35,1,690,41,2354,0.02421000004,79,0,2.34238964628689,2.408139887621,58.8687512452098,1132.85598050413,62
"333",2021-01-27,13359,1124,422,80,69.6,78,0,27,50,1,4,30,26,2,691,50,2800,0.01963999987,175,0.0057099998,1.88205881011765,2.36724999842166,75.8915443737997,1099.08191752302,78
"334",2021-01-28,13397,1063,422,66,67.4,38,1,3,33,3,5,30,25,0,694,34,2355,0.02122999907,209,0.02871000051,2.18397183761466,2.3471299496502,36.125336369225,1035.65389883783,38
"335",2021-01-29,13426,961,422,73,64.3,29,1,2,26,3,4,31,27,0,697,27,2847,0.01228999972,180,0.00555999994,1.18898015170268,2.09234092419744,28.6218592453033,947.540990175425,29
"336",2021-01-30,13445,864,423,42,58.3,19,1,6,12,2,5,33,28,1,699,13,2155,0.01577999949,216,0,1.43424288911641,1.8801901077463,18.7803753029818,849.403404752022,19
"337",2021-01-31,13487,805,424,25,55.6,42,3,5,34,4,6,32,26,1,703,37,922,0.01952000022,24,0,1.90247782271036,1.84025738184666,41.17084362408,786.960246415795,42
"338",2021-02-01,13527,714,424,26,55.1,40,6,7,25,4,5,29,24,0,707,31,548,0.02920000076,29,0,2.77324097339341,1.95819459013458,36.9873382187582,690.676112522366,40
"339",2021-02-02,13569,651,425,59,53,42,4,5,31,3,5,27,22,1,710,35,2439,0.02213999987,107,0.02803999901,2.23879574143755,1.94339546087039,39.0770086431315,633.832360762246,42
"340",2021-02-03,13632,636,425,54,49.3,63,4,22,36,2,4,26,22,0,712,40,2865,0.01291000009,212,0,1.20205233207182,1.84625167829241,61.4336322910594,626.994753427845,63
"341",2021-02-04,13714,638,425,51,47.1,82,3,43,33,2,5,25,20,0,714,36,2814,0.01279000044,90,0,1.2393616128843,1.71130736047379,78.4744480413548,628.686051399566,82
"342",2021-02-05,13772,637,427,72,47,58,1,8,48,2,5,21,16,2,716,49,2435,0.01601999998,149,0,1.50962461111842,1.7571137118189,56.1286750196349,625.672775255254,58
"343",2021-02-06,13797,606,427,61,49.7,25,1,4,19,3,6,21,15,0,719,20,2369,0.01434999943,205,0.01463000059,1.43722994446853,1.75754043401206,23.6614121493918,595.740788126573,25
"344",2021-02-07,13822,561,429,33,50.9,25,1,2,19,3,4,23,19,2,722,20,1004,0.0249000001,75,0,2.31692308622799,1.81674690022886,21.4541708438447,545.689492169845,25
"345",2021-02-08,13869,558,431,24,50.6,47,1,7,38,2,5,21,16,2,724,39,852,0.01407999992,29,0,1.36165265968672,1.61509142684219,45.3744729952708,549.050152086182,47
"346",2021-02-09,13924,577,431,43,48.3,55,5,8,39,0,2,19,17,0,724,44,2244,0.01782999992,149,0,1.67198160553615,1.53411797885628,51.1334387009135,565.636230236979,55
"347",2021-02-10,13981,594,432,40,46.3,57,0,6,50,3,4,20,16,1,727,50,2791,0.01253999949,100,0,1.21062395629851,1.53534249660295,55.2869920279016,585.529465291471,57
"348",2021-02-11,14041,620,433,51,46.3,60,1,11,46,1,3,16,13,1,728,47,2563,0.01521999955,58,0,1.48831968129149,1.57090793494683,57.1760341725153,609.13066355233,60
"349",2021-02-12,14092,623,435,52,43.4,51,0,8,41,3,2,16,14,2,731,41,2612,0.01570000052,173,0,1.47247401645386,1.56560070713761,48.2888739069459,612.194352293348,51
"350",2021-02-13,14125,622,435,46,41.3,33,0,3,29,6,2,21,19,0,737,29,2099,0.02191999912,46,0.02174000025,2.1916139004373,1.67336984370457,31.2513528736209,605.942809910075,33
"351",2021-02-14,14166,597,437,48,43.4,41,0,4,35,4,2,21,19,2,741,35,1175,0.01702000022,10,0,1.68763715261603,1.58347185318858,38.3042355420979,585.132246246642,41
"352",2021-02-15,14228,620,438,34,44.9,62,2,8,51,4,2,23,21,1,745,53,867,0.02653000116,26,0,2.5757571115028,1.75691534630516,59.3919635276967,601.189007305131,62
"353",2021-02-16,14279,615,438,61,47.4,51,3,13,32,3,2,24,22,0,748,35,1561,0.0333100009,23,0,3.28263329576389,1.98700844490913,46.6466643188211,591.219958744999,51
"354",2021-02-17,14336,630,439,49,48.7,57,5,6,44,2,2,25,23,1,750,49,2063,0.01842000008,222,0,1.66303983216805,2.05163928431906,54.0401268378656,617.6587736297,57
"355",2021-02-18,14408,646,439,68,51.1,72,3,12,53,3,3,26,23,0,753,56,2348,0.02128999949,116,0,2.02877105529708,2.12884662346272,66.6617532885591,630.562368293021,72
"356",2021-02-19,14462,650,440,58,52,54,2,16,33,1,3,26,23,1,754,35,2576,0.01514000058,96,0,1.45960484633533,2.12700817058864,50.3982467302954,638.824582134057,54
"357",2021-02-20,14510,628,440,66,54.9,48,0,3,44,4,3,26,23,0,758,44,2384,0.02559000015,68,0,2.48803264101142,2.16935370495637,45.7104925135387,609.595211329598,48
"358",2021-02-21,14552,617,440,53,55.6,42,0,7,33,2,4,24,20,0,760,33,1000,0.03,28,0,2.91828793774319,2.34516095997454,38.8656235609594,595.790598094302,42
"359",2021-02-22,14617,633,440,32,55.3,65,0,11,54,1,6,23,17,0,761,54,863,0.01506000042,66,0,1.399007574,2.17705388318842,64.1101251284958,622.568689006256,65
"360",2021-02-23,14672,639,440,47,53.3,55,0,7,47,3,6,25,19,0,764,47,2036,0.01965000033,84,0,1.88714154112641,1.97769791824021,52.9552378020254,624.795679904132,55
"361",2021-02-24,14718,645,441,60,54.9,46,2,10,34,1,6,24,18,1,765,36,2874,0.01878999949,41,0,1.85257147630394,2.00477386740248,45.2144160689019,630.924954567826,46
"362",2021-02-25,14751,641,441,43,51.3,33,1,5,25,1,6,23,17,0,766,26,2376,0.01851999998,128,0.00781000018,1.7972523951885,1.97169977310126,30.4495757786163,627.429925926656,33
"363",2021-02-26,14816,644,441,56,51,65,5,12,43,1,6,21,15,0,767,48,2639,0.01819000006,181,0,1.70224858717518,2.00636316464981,59.0375474278688,631.087094657239,65
"364",2021-02-27,14862,649,442,71,51.7,46,0,4,34,3,6,23,17,1,770,34,2535,0.0209100008,47,0.02128000021,2.09167358783385,1.9497404427673,37.1623010960027,633.009806214874,46
"365",2021-02-28,14927,660,442,49,51.1,65,2,8,54,7,6,28,22,0,777,56,1552,0.02576999903,94,0,2.42983222931713,1.87996105584929,62.3971996338638,641.10985282768,65
"366",2021-03-01,15004,675,442,54,54.3,77,4,7,64,3,6,29,23,0,780,68,996,0.02911999941,45,0,2.78612098101441,2.0781201139942,72.7683606985573,652.84769811068,77
"367",2021-03-02,15067,684,443,61,56.3,63,1,6,54,3,4,29,25,1,783,55,2006,0.02592000008,41,0,2.54008403324279,2.17139761286797,59.3543938878069,663.534643986544,63
"368",2021-03-03,15126,694,443,65,57,59,0,5,51,6,5,32,27,0,789,51,2676,0.02092999935,109,0,2.01108360002154,2.19404220197049,54.7918651332235,677.559890244257,59
"369",2021-03-04,15183,690,443,61,59.6,57,3,3,50,1,5,31,26,0,790,53,2414,0.02029999971,225,0.00444000006,1.89477829910724,2.20797447395888,54.8170963021759,674.599932990592,57
"370",2021-03-05,15256,694,444,51,58.9,73,1,10,57,1,2,28,26,1,791,58,2440,0.0188499999,154,0,1.77309174078643,2.21809492447477,66.7886369617555,679.505414680315,73
"371",2021-03-06,15312,707,446,46,55.3,56,3,3,47,0,2,26,24,2,791,50,1957,0.02095000029,25,0,2.06857470068264,2.21479508345317,51.7816941463992,689.773155230085,56
"372",2021-03-07,15352,698,447,54,56,40,1,0,38,2,5,25,20,1,793,39,1752,0.01940999985,16,0.0625,1.97999546024887,2.15053268787199,38.0904136816273,681.72073717374,40
"373",2021-03-08,15435,740,448,38,53.7,83,1,9,65,6,4,29,25,1,799,66,1170,0.02051000118,142,0,1.82901687352134,2.01380352965869,73.5780747532852,724.057201779258,83
"374",2021-03-09,15492,747,448,70,55,57,0,8,47,1,3,27,24,0,800,47,2105,0.03183000088,57,0,3.09908195432007,2.09366037552688,53.284281489365,719.731027075652,57
"375",2021-03-10,15572,770,448,76,56.6,80,5,8,64,0,2,24,22,0,800,69,2655,0.01807999969,173,0,1.69739742492751,2.04884806479916,75.6204172753195,754.604656550666,80
"376",2021-03-11,15633,767,451,73,58.3,61,1,7,52,1,2,20,18,3,801,53,2321,0.02801000118,86,0,2.70092283916826,2.16401157052216,58.313822986312,742.598155292477,61
"377",2021-03-12,15715,772,451,93,64.3,82,5,4,67,2,2,17,15,0,803,72,2361,0.02286999941,133,0,2.16503883749038,2.22000401290844,74.1638282326045,752.312158271815,82
"378",2021-03-13,15783,790,451,56,65.7,68,5,3,54,5,4,22,18,0,808,59,2353,0.01870000005,99,0,1.79449837347675,2.18085025187903,60.7528743878983,773.301199431181,68
"379",2021-03-14,15851,815,451,65,67.3,68,2,10,51,2,3,23,20,0,810,53,1535,0.02996999979,36,0,2.9283227038606,2.31632557239499,61.1718580181909,786.888005374067,68
"380",2021-03-15,15958,862,452,58,70.1,107,4,3,97,4,5,25,20,1,814,101,1000,0.03200000048,13,0,3.15893390720632,2.50631372006427,100.241824725297,829.925276368381,107
"381",2021-03-16,16044,880,453,85,72.3,86,7,4,72,5,6,27,21,1,819,79,1583,0.03411000013,9,0,3.39171672146922,2.54811868679986,79.8438198688355,844.842550437661,86
"382",2021-03-17,16132,907,454,77,72.4,88,3,5,76,3,5,27,22,1,822,79,2842,0.02674000025,175,0,2.51889561519722,2.66547557112411,81.656028216378,880.088830281706,88
"383",2021-03-18,16225,944,455,63,71,93,6,3,80,2,5,24,19,1,824,86,2566,0.02845000029,161,0,2.67703339729153,2.66206279371314,86.288139419736,914.232600142218,93
"384",2021-03-19,16350,993,457,117,74.4,125,7,6,104,2,4,24,20,2,826,111,2615,0.03823999882,97,0,3.68722702486357,2.87951824905217,112.178990639521,949.871510856257,125
"385",2021-03-20,16453,1047,458,83,78.3,103,5,6,87,4,4,27,23,1,830,92,1997,0.04356999874,151,0.00662,4.09724895175885,3.20848261737819,93.5598739658326,996.469435241595,103
"386",2021-03-21,16537,1074,459,87,81.4,84,5,1,76,4,4,29,25,1,834,81,1306,0.04210999966,87,0,3.94800140387365,3.35415100309434,78.2331577320281,1024.05446178022,84
"387",2021-03-22,16686,1150,460,55,81,149,6,7,133,4,7,30,23,1,838,139,1150,0.05478000164,131,0,4.9177987420765,3.60541740807579,137.948057414284,1083.38320882322,149
"388",2021-03-23,16810,1189,461,108,84.3,124,2,0,120,5,9,31,22,1,843,122,1966,0.0350999999,153,0,3.25656440789995,3.58610993470875,117.320121042817,1143.39035999926,124
"389",2021-03-24,16964,1280,461,85,85.4,154,7,2,138,4,9,33,24,0,847,145,3106,0.04572000027,47,0,4.50384779063178,3.8696745311994,139.307512045272,1212.09389943413,154
"390",2021-03-25,17113,1362,462,124,94.1,149,7,4,132,8,10,40,30,1,855,139,3005,0.0379399991,282,0,3.46850311212352,3.98274163331826,137.320998198189,1306.35395356787,149
"391",2021-03-26,17262,1446,463,104,92.3,149,10,2,130,4,11,42,31,1,859,140,2390,0.06736000061,117,0,6.42163547897487,4.37337141247702,131.410174524902,1336.62223116435,149
"392",2021-03-27,17378,1500,465,137,100,116,7,3,100,5,13,44,31,2,864,107,2476,0.06260000229,117,0,5.97753974816969,4.64198438339285,102.466073688973,1394.38421059307,116
"393",2021-03-28,17515,1559,466,139,107.4,137,3,5,124,5,13,45,32,1,869,127,2480,0.08265999794,157,0,7.77386404593098,5.18853618940104,120.370640936686,1416.24274976609,137
"394",2021-03-29,17724,1707,466,111,115.4,209,7,1,189,4,12,47,35,0,873,196,1644,0.08394000053,40,0,8.19461762893824,5.65665317323843,178.080925702862,1542.23030701421,209
"395",2021-03-30,17932,1837,467,170,124.3,208,9,6,185,6,12,48,36,1,879,194,1968,0.04065000057,64,0,3.93696855914173,5.75385376627297,191.003392076142,1751.81047032924,208
"396",2021-03-31,18139,1939,468,163,135.4,207,7,5,190,8,14,54,40,1,887,197,3023,0.0793900013,224,0,7.39131425715738,6.16634897577663,184.848464305415,1770.18361567614,207
"397",2021-04-01,18375,2074,469,143,138.1,236,12,4,203,4,15,53,38,1,891,215,2634,0.07212999821,100,0.01,6.98575037619386,6.66881287064382,201.308419192742,1903.33796002673,236
"398",2021-04-02,18573,2167,470,242,157.9,198,14,7,163,6,15,57,42,1,897,177,3130,0.09392999649,99,0,9.10501359596469,7.05215260164237,165.016819259532,1934.59009794015,198
"399",2021-04-03,18824,2346,470,223,170.1,251,15,3,224,11,14,61,47,0,908,239,2885,0.1019099998,36,0,10.0654005280041,7.63613271304728,213.663638790945,2067.85312386425,251
"400",2021-04-04,19054,2505,471,151,171.9,230,9,2,215,12,15,64,49,1,920,224,1818,0.09295999527,139,0,8.63573180382524,7.75925667846075,203.214304872538,2250.18675761477,230
"401",2021-04-05,19339,2650,472,183,182.1,285,8,4,269,5,17,67,50,1,925,277,2045,0.1056200027,162,0,9.78671977895333,7.98669984274862,249.067564750578,2344.5091934622,285
"402",2021-04-06,19613,2785,473,156,180.1,274,7,6,246,10,19,70,51,1,935,253,1749,0.1286400032,83,0,12.2811880784279,9.17873120264665,222.400426776888,2382.11536985625,274
"403",2021-04-07,19920,2925,474,218,188,307,3,6,289,12,23,76,53,1,947,292,3364,0.0981000042,44,0,9.683345485,9.5061642351956,264.693929564033,2591.36898621506,307
"404",2021-04-08,20214,3096,475,169,191.7,294,22,5,256,10,29,83,54,1,957,278,3366,0.08586000443,194,0.01031000018,8.17429536366011,9.6759563762622,256.232350326284,2797.89696622365,294
"405",2021-04-09,20511,3249,477,262,194.6,297,13,2,277,14,30,88,58,2,971,290,3418,0.1102999973,158,0,10.5426563414821,9.88133391133612,255.98667952928,2845.52662686424,297
"406",2021-04-10,20797,3413,480,380,217,286,13,2,260,14,26,92,66,3,985,273,3187,0.0875399971,97,0,8.49543150906516,9.65705262291627,247.681100047357,3071.46371597666,286
"407",2021-04-11,21066,3551,480,205,224.7,269,9,4,249,13,28,100,72,0,998,258,2714,0.145909996,29,0,14.4367382115931,10.485767824026,218.12633599952,2947.14193462905,269
"408",2021-04-12,21380,3645,481,264,236.3,314,17,3,291,16,27,100,73,1,1014,308,2125,0.08046999931,107,0,7.66123425330421,10.1821270346475,283.205134556404,3316.06401122757,314
"409",2021-04-13,21616,3672,483,245,249,236,13,0,219,12,28,104,76,2,1026,232,2670,0.07677999973,178,0,7.1981249746875,9.45597516268461,212.329179052779,3360.65838569744,236
"410",2021-04-14,21889,3745,485,389,273.4,273,12,11,248,12,28,101,73,2,1038,260,3971,0.1714900017,97,0.01031000018,16.7646722411052,10.4675932706996,219.656729072852,3005.45942453012,273
"411",2021-04-15,22112,3750,485,313,294,223,15,3,203,19,29,107,78,0,1057,218,3902,0.1309599972,98,0.01019999981,12.8001377263945,11.1284278939474,188.131017974725,3184.5931991065,223
"412",2021-04-16,22348,3789,487,348,306.3,236,3,10,218,20,24,114,90,2,1077,221,2970,0.120539999,244,0.00409999996,11.1700123528388,11.2180501812841,201.922233497507,3290.46761412694,236
"413",2021-04-17,22529,3736,490,405,309.9,181,6,7,167,16,23,123,100,3,1093,173,2935,0.1018700027,121,0.00825999975,9.81635856983802,11.4067540471088,159.996240031627,3304.0112876194,181
"414",2021-04-18,22691,3678,490,296,322.9,162,6,8,146,10,22,121,99,0,1103,152,1949,0.06465000153,188,0.01595999956,6.0366557276205,10.2067422636841,149.191756652353,3416.4689537326,162
"415",2021-04-19,22918,3617,491,256,321.7,227,6,4,217,22,22,115,93,1,1125,223,2084,0.1122799969,88,0.0340899992,10.9112078024494,10.6710241992763,198.338903082825,3152.12471950933,227
"416",2021-04-20,23108,3506,492,188,313.6,190,8,2,180,17,27,118,91,1,1142,188,2775,0.100539999,221,0,9.31236639602804,10.9730586880392,169.377893661433,3121.41965519672,190
"417",2021-04-21,23303,3408,493,207,287.6,195,4,2,184,12,25,110,85,1,1154,188,2521,0.1368500042,236,0.02118999958,12.6949474243409,10.3916694285015,161.887214848103,2898.38100107625,195
"418",2021-04-22,23479,3302,496,239,277,176,8,4,160,14,22,106,84,3,1168,168,2358,0.1632699966,213,0.0093900001,15.0521478803617,10.7133851647825,142.213266772874,2716.54885050018,176
"419",2021-04-23,23687,3226,499,190,254.4,208,7,8,184,21,29,112,83,3,1189,191,2507,0.0805700016,86,0.01162999988,7.82835225610798,10.2360051509638,181.387587660886,2928.52543347654,208
"420",2021-04-24,23842,3104,500,227,229,155,3,2,148,18,31,118,87,1,1207,151,2464,0.08522999763,214,0.00467000008,7.87924175419866,9.95927417730103,138.985536045335,2815.91459526304,155
"421",2021-04-25,23991,2974,505,139,206.6,149,2,6,137,21,30,124,94,5,1228,139,1621,0.1357199955,93,0.02151000023,12.9523070435758,10.9472243652946,123.793106807092,2520.26402621793,149
"422",2021-04-26,24153,2837,510,172,194.6,162,4,7,147,11,31,122,91,5,1239,151,1304,0.1150300026,31,0,11.2358893925393,10.9936074495932,138.015213163571,2461.5242367222,162
"423",2021-04-27,24314,2744,511,189,194.7,161,3,5,149,10,31,119,88,1,1249,152,2425,0.06103000164,332,0.00903999984,5.47693267768879,10.4456883469733,147.193904729685,2566.97417485695,161
"424",2021-04-28,24480,2641,513,187,191.9,166,2,7,155,13,27,114,87,2,1262,157,2408,0.06894000053,38,0,6.7868978444906,9.60168126413756,151.448775942839,2429.86762589196,166
"425",2021-04-29,24606,2545,513,159,180.4,126,2,7,113,13,29,112,83,0,1275,115,2728,0.06525000095,111,0.00901000023,6.30511139898309,8.35210462394061,113.459058992824,2355.98526205857,126
"426",2021-04-30,24759,2454,516,178,178.7,153,4,3,139,13,27,109,82,3,1288,143,2122,0.06691999912,179,0,6.17141408659887,8.1153991711536,135.604728354234,2275.60841525377,153
"427",2021-05-01,24883,2399,520,136,165.7,124,3,5,113,7,29,110,81,4,1295,116,2051,0.08970999718,70,0.02857000113,8.76921755281848,8.24253857095643,109.017872089238,2151.1971995007,124
"428",2021-05-02,24979,2336,520,128,164.1,96,0,4,90,8,27,108,81,0,1303,90,1279,0.06959000111,21,0,6.84658549382231,7.37029263527735,86.7417543457393,2147.60820168497,96
"429",2021-05-03,25085,2218,523,102,154.1,106,3,3,100,10,22,98,76,3,1313,103,976,0.1741799927,140,0.00713999987,15.3225154889785,7.95409636334009,87.4098706562259,1817.68051568455,106
"430",2021-05-04,25191,2124,524,141,147.3,106,1,2,100,9,23,95,72,1,1322,101,2386,0.03898000002,57,0.01753999949,3.84797625946173,7.72138830359337,98.4220728699131,2027.72755223461,106
"431",2021-05-05,25273,2010,525,114,136.9,82,1,2,75,8,23,89,66,1,1330,76,1904,0.07772999763,65,0.03076999903,7.6179769133809,7.84011388486341,71.1802514495032,1829.63559754607,82
"432",2021-05-06,25378,1937,527,122,131.6,105,3,6,91,12,22,88,66,2,1342,94,2133,0.0534499979,246,0,4.79230119885246,7.62399814198761,94.6937577020525,1827.65753903059,105
"433",2021-05-07,25491,1840,530,108,121.6,113,5,4,103,19,23,95,72,3,1361,108,2302,0.04691999912,82,0.01220000029,4.57257709723238,7.39559285779239,106.182988666446,1740.89536246538,113
"434",2021-05-08,25581,1767,534,135,121.4,90,1,3,86,4,21,86,65,4,1365,87,1901,0.04892000198,86,0.01162999988,4.73060411442677,6.81864808087929,85.1521298862045,1668.53808630946,90
"435",2021-05-09,25664,1704,537,69,113,83,0,5,78,4,22,83,61,3,1369,78,1173,0.1722100067,123,0.00813000023,15.6637598678542,8.0782444200267,68.608510770742,1389.60131222236,83
"436",2021-05-10,25757,1636,538,82,110.1,93,4,2,86,9,22,85,63,1,1378,90,715,0.1048999977,14,0,10.2885457277778,7.35910588271231,81.0928416238011,1437.73209885043,93
"437",2021-05-11,25889,1604,540,124,107.7,132,1,6,123,5,21,79,58,2,1383,124,1899,0.04580999851,86,0.02325999975,4.48330212337481,7.44986672041418,123.451605889774,1519.29335360643,132
"438",2021-05-12,25986,1544,541,117,108.1,97,3,3,90,8,22,80,58,1,1391,93,2118,0.04958000183,174,0.00574999988,4.6252593305,7.02233563714548,90.9331954230451,1459.88014766862,97
"439",2021-05-13,26079,1516,541,78,101.9,93,1,1,90,7,20,77,57,0,1398,91,1684,0.07956999779,54,0.01851999998,7.76731624150057,7.44733778609521,83.6741707949867,1377.2971750022,93
"440",2021-05-14,26163,1438,541,128,104.7,84,2,5,75,7,21,70,49,0,1405,77,1738,0.04717999935,105,0,4.44920449648942,7.42971312884622,77.9645849408132,1362.63731356999,84
"441",2021-05-15,26238,1389,542,85,97.6,75,2,8,64,7,19,64,45,1,1412,66,1779,0.05228000164,61,0,5.05468059334565,7.47600976869177,70.0703599546787,1306.29893904619,75
"442",2021-05-16,26307,1361,543,47,94.4,69,2,3,63,7,19,67,48,1,1419,65,805,0.04098999977,20,0,3.99963028058788,5.80970554193945,64.9376958560344,1296.8800624625,69
"443",2021-05-17,26381,1328,545,88,95.3,74,7,5,59,10,19,71,52,2,1429,66,774,0.2299699974,19,0,22.4459997462295,7.54648468743255,53.5498965105384,976.882766151439,74
"444",2021-05-18,26460,1296,546,97,91.4,79,1,6,71,5,16,64,48,1,1434,72,1920,0.02655999899,56,0,2.58072864680162,7.27468847649352,75.8112812580957,1256.60306264572,79
"445",2021-05-19,26531,1281,550,91,87.7,71,2,5,64,4,14,57,43,4,1438,66,2042,0.06659999847,122,0.01639000058,6.37693054281423,7.52492722110984,66.0424084836805,1184.77765556962,71
"446",2021-05-20,26591,1236,553,73,87,60,5,8,45,11,15,63,48,3,1449,50,1487,0.05111000061,65,0.03076999903,5.02581319871263,7.13328392928299,55.0400016798644,1162.82884152625,60
"447",2021-05-21,26672,1199,554,77,79.7,81,4,11,63,3,13,58,45,1,1452,67,1682,0.04162000179,190,0,3.73957494715705,7.03190827937837,75.048708126209,1146.18509019887,81
"448",2021-05-22,26731,1166,558,78,78.7,59,0,14,45,8,15,57,42,4,1460,45,1380,0.06231999874,101,0.0099000001,5.87451034917623,7.14902681592559,55.8861384078756,1085.31638630184,59
"449",2021-05-23,26786,1142,559,39,77.6,55,0,4,51,5,12,58,46,1,1465,51,826,0.03753000021,14,0.07143000126,3.80950002275,7.12186535052018,52.7114875769357,1090.7552708404,55
"450",2021-05-24,26838,1097,561,65,74.3,52,2,11,39,5,11,56,45,2,1470,41,716,0.06703999996,31,0.03226000071,6.55966532709103,4.85238900492897,48.8320329434193,1012.23756436417,52
"451",2021-05-25,26900,1031,563,56,68.4,62,1,13,47,3,11,53,42,2,1473,48,1022,0.0528399992,18,0,5.19254607523077,5.22550578041885,58.0641307246968,967.939974524218,62
"452",2021-05-26,26956,989,566,77,66.4,56,1,11,44,1,8,46,38,3,1474,45,1361,0.02497999907,59,0.01695000052,2.46463582851761,4.66660653551933,54.6935873138651,960.287952298057,56
"453",2021-05-27,27000,940,566,62,64.9,44,0,8,35,3,9,41,32,0,1477,35,1363,0.05136000156,113,0.0088499999,4.81055095629946,4.63585478660316,41.0167476325514,886.735507845666,44
"454",2021-05-28,27036,891,569,67,63.4,36,0,2,30,1,7,33,26,3,1478,30,1596,0.03947000027,196,0.01019999981,3.62685939696875,4.61975256514769,30.718356934737,852.935200961688,36
"455",2021-05-29,27071,853,571,46,58.9,35,0,3,31,4,9,35,26,2,1482,31,1069,0.02058000088,104,0.00962000012,1.96082702073316,4.06065494679868,33.2839949349612,833.298312242643,35
"456",2021-05-30,27098,805,573,45,59.7,27,0,3,22,5,8,35,27,2,1487,22,696,0.0646600008,34,0,6.16484391189041,4.39713264524731,23.402430047297,746.543463094277,27
"457",2021-05-31,27147,773,576,40,56.1,49,1,2,40,5,6,34,28,3,1492,41,765,0.06535999775,27,0,6.31318160085227,4.36192068435606,39.9510713829999,715.516540952657,49
"458",2021-06-01,27189,737,577,38,53.6,42,1,5,36,2,5,30,25,1,1494,37,1557,0.01348999977,28,0.07143000126,1.45135455376467,3.82746475271805,41.3674565518666,724.400418343938,42
"459",2021-06-02,27220,698,577,50,49.7,31,0,1,29,1,6,29,23,0,1495,29,1667,0.03178999901,43,0.02325999975,3.15755019525848,3.92645251939531,28.9213926414655,672.03903668079,31
"460",2021-06-03,27265,686,577,48,47.7,45,2,4,39,2,5,28,23,0,1497,41,1178,0.01527999997,187,0,1.31866959448059,3.42761232484976,44.3631532059149,675.344465835552,45
"461",2021-06-04,27295,638,579,45,44.6,30,0,0,27,3,6,28,22,2,1500,27,1187,0.04044000149,68,0.01470999956,3.9045865927259,3.46728763852935,25.7581934661923,608.656571534471,30
"462",2021-06-05,27315,606,582,39,43.6,20,1,0,19,2,4,29,25,3,1502,20,999,0.01802000046,86,0,1.65916870594839,3.4241935935601,19.609127009839,594.156548398121,20
"463",2021-06-06,27332,557,582,21,40.1,17,0,1,16,2,4,27,23,0,1504,16,604,0.09767999649,22,0,9.42471531628754,3.88988950847398,15.2237530667562,495.164403636449,17
"464",2021-06-07,27359,524,583,17,36.9,27,0,3,24,1,4,26,22,1,1505,24,646,0.01238000035,14,0,1.21173942819697,3.1611120552375,26.657440829087,516.520791435067,27
"465",2021-06-08,27390,491,584,29,35.6,31,0,2,28,1,3,25,22,1,1506,28,1396,0.02937000036,53,0,2.82957353364803,3.35800048093513,29.0667583051578,474.634940279731,31
"466",2021-06-09,27417,465,585,33,33.1,27,1,0,24,2,4,23,19,1,1508,25,1192,0.06039999962,26,0,5.91106728629228,3.75136006536853,23.2593116232299,432.623196192076,27
"467",2021-06-10,27446,452,585,21,29.3,29,1,0,28,2,5,20,15,0,1510,29,1207,0.02486000061,136,0,2.23425321937975,3.88215772606841,28.2367874414566,440.104411156496,29
"468",2021-06-11,27470,442,585,36,28,24,0,1,22,1,4,15,11,0,1511,22,1049,0.01238999963,96,0,1.13511874339476,3.48651946187825,22.7058430638122,436.090119736591,24
"469",2021-06-12,27488,417,585,31,26.9,18,0,0,18,2,6,16,10,0,1513,18,881,0.01475999951,44,0,1.40579022360108,3.45032253582863,17.7019369497259,410.09487266865,17
"470",2021-06-13,27507,407,585,18,26.4,19,0,1,16,2,5,15,10,0,1515,16,574,0.1202099991,17,0,11.6752181867005,3.77182294588763,14.7996077543859,351.027522252192,18
"471",2021-06-14,27525,369,587,22,27.1,18,2,1,15,2,4,14,10,2,1517,17,654,0.05505000114,29,0,5.27125925996486,4.3517543504259,16.9444509577301,346.08837667073,17
"472",2021-06-15,27546,350,587,22,26.1,21,0,0,19,0,4,14,10,0,1517,19,1515,0.01386000037,36,0,1.35382982337524,4.14093382038693,18.6970068602018,344.41854742477,23
"473",2021-06-16,27563,331,587,24,24.9,17,0,3,14,1,4,12,8,0,1518,14,1240,0.01855000019,42,0,1.7942277874883,3.55281389198636,16.7041165105948,324.004468929063,19
"474",2021-06-17,27570,282,588,16,24.1,7,0,0,7,0,5,11,6,1,1518,7,1099,0.02092999935,124,0.0241899991,2.12605308046198,3.53735672928382,6.82469784257763,274.937827372413,16
"475",2021-06-18,27580,247,588,26,22.7,10,0,0,10,1,4,12,8,0,1519,10,857,0.01284000039,63,0,1.19607394937283,3.54606461585211,9.85911227732028,243.520073249811,18
"476",2021-06-19,27586,214,588,18,20.9,6,0,0,6,0,5,11,6,0,1519,6,920,0.01412999988,36,0,1.35979078343096,3.53949326725638,5.90389666446682,210.572314365983,17
"477",2021-06-20,27589,193,588,6,19.1,3,0,0,3,0,5,11,6,0,1519,3,541,0.02773000002,15,0,2.69818885086691,2.25706050499444,2.90465263052729,186.865985897256,17
"478",2021-06-21,27589,172,588,7,17,0,0,0,0,0,5,10,5,0,1519,0,NA,NA,NA,NA,NA,NA,NA,NA,18
