"","date","observed_cumulative_cases","observed_active_cases","observed_cumulative_deaths","observed_new_cases","observed_daily_average_cases","observed_new_episodes","observed_new_cases_community_outbreak","observed_new_cases_institution_outbreak","observed_new_cases_sporadic","observed_new_ICU_p_acute_care","observed_census_ICU","observed_census_ICU_p_acute_care","observed_census_acute_care","observed_new_deaths","cumulative_hosp","observed_new_community_cases","num_non_ltch_tests","non_ltch_pct_positivity","num_ltch_tests","ltch_pct_positivity","observed_pct_positivity","pct_positivity_7_day","adjusted_new_episodes","adjusted_active_cases","adjusted_episode_cases"
"1",2020-03-01,7,7,0,0,0,2,0,0,2,0,0,1,1,0,0,2,NA,NA,NA,NA,NA,NA,NA,NA,2
"2",2020-03-02,10,10,0,0,0,3,2,0,1,0,0,1,1,0,0,3,NA,NA,NA,NA,NA,NA,NA,NA,3
"3",2020-03-03,11,11,0,0,0,1,0,0,1,0,0,1,1,0,0,1,NA,NA,NA,NA,NA,NA,NA,NA,1
"4",2020-03-04,12,12,0,0,0,1,0,0,1,0,0,1,1,0,0,1,NA,NA,NA,NA,NA,NA,NA,NA,1
"5",2020-03-05,18,17,0,0,0,6,2,0,4,0,0,1,1,0,0,6,NA,NA,NA,NA,NA,NA,NA,NA,6
"6",2020-03-06,23,22,0,0,0,5,0,1,4,0,0,1,1,0,0,4,NA,NA,NA,NA,NA,NA,NA,NA,5
"7",2020-03-07,27,26,0,0,0,4,0,0,4,0,0,1,1,0,0,4,NA,NA,NA,NA,NA,NA,NA,NA,4
"8",2020-03-08,36,35,0,0,0,9,1,0,8,0,0,1,1,0,0,9,NA,NA,NA,NA,NA,NA,NA,NA,9
"9",2020-03-09,45,44,0,1,0.1,9,0,0,9,0,0,1,1,0,0,9,NA,NA,NA,NA,NA,NA,NA,NA,9
"10",2020-03-10,52,51,0,0,0.1,7,1,0,6,0,0,1,1,0,0,7,NA,NA,NA,NA,NA,NA,NA,NA,7
"11",2020-03-11,61,60,0,0,0.1,9,0,0,9,0,0,1,1,0,0,9,NA,NA,NA,NA,NA,NA,NA,NA,9
"12",2020-03-12,75,74,0,3,0.6,14,1,0,13,0,0,1,1,0,0,14,NA,NA,NA,NA,NA,NA,NA,NA,14
"13",2020-03-13,97,96,0,1,0.7,22,2,2,18,0,0,1,1,0,0,20,NA,NA,NA,NA,NA,NA,NA,NA,22
"14",2020-03-14,115,114,0,4,1.3,18,1,1,16,1,0,2,2,0,1,17,NA,NA,NA,NA,NA,NA,NA,NA,18
"15",2020-03-15,142,140,0,4,1.9,27,1,0,26,0,0,2,2,0,1,27,NA,NA,NA,NA,NA,NA,NA,NA,27
"16",2020-03-16,157,155,0,0,1.7,15,0,0,15,0,0,2,2,0,1,15,NA,NA,NA,NA,NA,NA,NA,NA,15
"17",2020-03-17,180,177,0,5,2.4,23,1,0,22,2,0,4,4,0,3,23,132,0.00758000016212463,4,0,0.735705898088567,0.735705898088567,22.0682451804668,169.829538997505,23
"18",2020-03-18,196,192,0,4,3,16,0,0,16,0,0,3,3,0,3,16,204,0.0245099997520447,1,0,2.43904387776445,1.58737488792651,13.8511348136926,166.213617764311,16
"19",2020-03-19,221,217,0,1,2.7,25,0,0,25,4,0,7,7,0,7,25,117,0.0170899999141693,8,0,1.59962399196625,1.59145792260642,22.7979483971317,197.886192087103,25
"20",2020-03-20,243,239,0,2,2.9,22,1,1,20,3,1,10,9,0,10,21,137,0.00730000019073486,3,0,0.714357161521912,1.37218273233529,21.1739539254362,229.598808960917,22
"21",2020-03-21,263,259,0,4,2.9,20,0,2,18,3,1,10,9,0,13,18,208,0.0192299997806549,4,0,1.88671695961142,1.47508957779052,18.1299688860166,232.092330082127,20
"22",2020-03-22,289,284,0,7,3.3,26,0,1,25,3,5,13,8,0,16,25,157,0.0318499994277954,2,0,3.14493705041753,1.75339748989502,21.6706615382285,234.818715074276,26
"23",2020-03-23,310,305,0,9,4.6,21,2,0,19,4,5,17,12,0,20,21,142,0.0352099990844727,2,0,3.47209713194105,1.99892601018731,16.9850445115804,246.687551239621,21
"24",2020-03-24,328,321,1,8,5,18,1,3,14,3,7,20,13,1,23,15,256,0.03125,2,0,3.10077519379845,2.33679305243158,15.4388730026816,266.191882257387,18
"25",2020-03-25,351,344,1,8,5.6,23,0,1,22,4,8,23,15,0,27,22,149,0.0335599994659424,2,0,3.31154961617577,2.46143672934748,18.9883455139,281.272311671892,23
"26",2020-03-26,365,354,1,19,8.1,14,1,3,10,2,7,25,18,0,29,11,274,0.0219000005722046,3,0,2.1662816450484,2.54238782264493,12.6878690512344,311.773240376088,14
"27",2020-03-27,382,362,1,27,11.7,17,3,2,12,5,9,26,17,0,34,15,575,0.0295700001716614,5,0,2.93150863770781,2.85912374781435,14.578680992443,303.565501284291,17
"28",2020-03-28,407,384,2,26,14.9,25,1,1,23,3,8,25,17,1,37,24,361,0.0775600004196167,3,0,7.69207696469275,3.6884608913974,14.8346008344617,221.353613351387,25
"29",2020-03-29,426,396,2,11,15.4,19,5,4,10,7,8,31,23,0,44,15,189,0.0582000017166138,0,0,5.82000017166138,4.0706127658608,14.1928925405973,269.092363071768,19
"30",2020-03-30,451,406,3,48,21,25,8,3,14,4,12,32,20,1,48,22,540,0.0870400047302246,0,0,8.70400047302246,4.81802752887243,14.4558600680307,211.412690346384,25
"31",2020-03-31,468,403,3,51,27.1,17,2,3,12,6,13,34,21,0,54,14,952,0.0609200000762939,0,0,6.09200000762939,5.24534535941971,12.3036819081518,267.813129213226,17
"32",2020-04-01,495,405,3,37,31.3,27,6,4,16,3,15,33,18,0,57,22,578,0.0553599977493286,4,0.25,5.669772972356,5.5822344103026,19.131562918877,278.558317370236,27
"33",2020-04-02,512,401,6,32,33.1,17,5,4,7,6,14,34,20,3,63,12,103,0.0873799991607666,9,0,8.03583920853479,6.4207426336578,10.6901523762833,223.562591907467,17
"34",2020-04-03,539,406,6,26,33,27,3,4,19,5,14,37,23,0,68,22,220,0.113640003204346,3,0,11.211121392357,7.60354445575054,12.4187010189514,155.363300622466,27
"35",2020-04-04,556,414,7,18,31.9,17,3,7,6,7,14,43,29,1,75,9,314,0.0222900009155273,3,0,2.20790545346233,6.82009138271762,14.9058104678408,363.667281520675,17
"36",2020-04-05,583,425,8,40,36,27,4,8,13,4,13,43,30,1,79,17,424,0.0684000015258789,5,0.2,6.99338010418943,6.98771708736448,18.453553408324,261.338835208101,27
"37",2020-04-06,602,425,9,40,34.9,19,3,7,9,4,12,44,32,1,83,12,236,0.122880001068115,4,0.25,12.499866771698,7.52998370146099,10.7404534670153,132.47439362346,19
"38",2020-04-07,625,423,9,25,31.1,23,2,11,10,4,14,45,31,0,87,12,283,0.0989400005340576,6,0,9.68858828759111,8.0437820271698,16.5980641024529,197.331759611466,23
"39",2020-04-08,645,426,11,26,29.6,20,1,10,8,5,16,44,28,2,92,9,369,0.0460699987411499,6,0.333330001831055,5.06661587905884,7.95761672812735,16.4890962610539,307.150556356553,20
"40",2020-04-09,681,434,11,25,28.6,36,1,20,13,6,16,47,31,0,98,14,293,0.0955599975585937,5,0,9.39566418948589,8.1518774396918,26.7568897467576,209.463582149487,36
"41",2020-04-10,715,450,11,36,30,34,0,20,13,4,16,49,33,0,102,13,332,0.0903600025177002,8,0,8.82338848114014,7.81077273808939,26.6839097440982,231.366106526475,34
"42",2020-04-11,759,480,11,31,31.9,44,0,34,8,5,19,53,34,0,107,8,225,0.102220001220703,11,0.363639984130859,11.4404830932617,9.12971240091787,36.9603088206471,177.618529238825,44
"43",2020-04-12,792,495,13,35,31.1,33,0,18,14,1,18,49,31,2,108,14,227,0.101319999694824,11,0.545449981689453,12.1847015669366,9.8713297527389,22.606822990658,162.884098598266,33
"44",2020-04-13,816,502,16,16,27.7,24,0,19,5,3,20,51,31,3,111,5,165,0.0606099987030029,26,0.0384599995613098,5.75948155737672,8.90841757926443,22.4142929014809,342.795007308679,24
"45",2020-04-14,849,502,18,32,28.7,33,0,26,7,5,20,50,30,2,116,7,207,0.0579699993133545,18,0.166669998168945,6.66659992218017,8.4767049556343,30.4303616393271,317.720220420312,33
"46",2020-04-15,878,500,24,60,33.6,29,2,18,9,4,16,50,34,6,120,11,391,0.102299995422363,25,0.2,10.8171389928231,9.29820825760062,22.4479882234955,202.181282886157,29
"47",2020-04-16,948,549,24,21,33,70,1,55,13,7,13,52,39,0,127,14,310,0.0387100005149841,11,0,3.73834895939099,8.49002036758706,66.1181096799667,435.988729592981,70
"48",2020-04-17,980,553,26,73,38.3,32,0,26,6,0,13,49,36,2,127,6,375,0.0853299999237061,66,0.5,14.7389455717437,9.335099951959,27.1304678273619,104.191451421859,32
"49",2020-04-18,1020,575,31,31,38.3,40,0,31,9,1,11,46,35,5,128,9,422,0.0616099977493286,8,0,6.0463765233062,8.56451329910821,37.0035483680153,383.560034623203,40
"50",2020-04-19,1037,578,35,38,38.7,17,0,13,4,5,15,47,32,4,133,4,452,0.0442500019073486,47,0.127659997940063,5.21062540386865,7.56821670438422,15.8523236880506,412.160772923306,17
"51",2020-04-20,1098,614,39,16,38.7,61,1,47,13,3,13,45,32,4,136,14,325,0.0523099994659424,43,0.0232599997520447,4.89155701515467,7.44422748406678,57.2291024821392,448.619208859532,61
"52",2020-04-21,1134,627,47,51,41.4,36,0,26,10,2,11,43,32,8,138,10,544,0.069850001335144,25,0.36,8.25982438072379,7.67183097814444,31.4517912688653,341.827312557852,36
"53",2020-04-22,1175,644,54,35,37.9,41,1,31,9,4,9,45,36,7,142,10,654,0.0244600009918213,122,0.106560001373291,3.73674752785987,6.6603464831497,38.9423887302106,511.489834225563,41
"54",2020-04-23,1220,659,57,50,42,45,0,35,10,5,11,48,37,3,147,10,775,0.0361299991607666,105,0.0285700011253357,3.522795394063,6.62955311667427,43.0601998262008,531.167168546635,45
"55",2020-04-24,1261,666,65,38,37,41,0,36,5,7,10,48,38,8,154,5,517,0.0406199979782104,94,0.106379995346069,5.07369206501887,5.24880261571358,39.6031052546915,479.93361992491,41
"56",2020-04-25,1362,738,78,53,40.1,101,0,95,6,4,9,48,39,13,158,6,557,0.0502699995040894,28,0.0357100009918213,4.95731106864081,5.09322183647567,99.3621768856518,536.547756935177,101
"57",2020-04-26,1416,757,87,88,47.3,54,0,41,13,5,9,50,41,9,163,13,357,0.0504199981689453,81,0.0123500001430511,4.33796560682663,4.96855615118395,50.8947324082715,576.177879466272,54
"58",2020-04-27,1477,781,95,87,57.4,61,0,54,7,8,11,56,45,8,171,7,269,0.0594799995422363,80,0.1,6.8768251796165,5.25216588896421,58.3493303951851,485.261005519942,61
"59",2020-04-28,1498,777,103,65,59.4,21,0,14,7,7,13,61,48,8,178,7,504,0.0634899997711182,11,0.272730007171631,6.79592038126825,5.04303674618485,18.3805151184061,486.237178143079,21
"60",2020-04-29,1523,766,111,29,58.6,25,0,17,8,7,13,62,49,8,185,8,670,0.0343300008773804,74,0.148649997711182,4.57005381968713,5.16208050216017,22.9868280267106,573.238783557543,25
"61",2020-04-30,1543,756,122,30,55.7,20,0,10,10,2,11,56,45,11,187,10,599,0.0383999991416931,6,0.333330001831055,4.13249247881992,5.24918008569687,17.72447481845,583.970296274822,20
"62",2020-05-01,1566,740,135,42,56.3,23,0,16,7,6,11,57,46,13,193,7,518,0.0328200006484985,55,0.0909099960327148,3.83958291757793,5.0728787789196,21.520034249968,583.546477853758,23
"63",2020-05-02,1587,741,139,22,51.9,21,0,15,6,4,12,57,45,4,197,6,507,0.0473400020599365,27,0.037039999961853,4.68192154369997,5.03353741821376,19.4531615592284,549.965452564701,21
"64",2020-05-03,1606,722,148,23,42.6,19,0,13,6,3,12,52,40,9,200,6,832,0.0216300010681152,231,0.0043299999833107,1.78705464579649,4.66912156663803,18.4095832670248,650.953186465317,19
"65",2020-05-04,1624,719,152,14,32.1,18,0,11,7,6,10,52,42,4,206,7,634,0.0110399997234344,24,0.125,1.51965954782028,3.90381219066714,17.4142478152544,658.834882738273,18
"66",2020-05-05,1649,719,156,29,27,25,0,24,1,3,9,50,41,4,209,1,921,0.0293199992179871,29,0.172409992218018,3.36880095306196,3.41422370092338,24.8144995680062,585.625189396461,25
"67",2020-05-06,1665,693,161,23,26.1,16,0,11,5,4,10,52,42,5,213,5,599,0.016690000295639,149,0.0134200000762939,1.60386232465984,2.99048205877663,15.5584227767857,631.797396862495,16
"68",2020-05-07,1688,671,167,32,26.4,23,0,16,7,6,10,54,44,6,219,7,814,0.0356299996376038,233,0.0128799998760223,3.05672012188373,2.83680029350003,21.8217884116759,558.060003462075,23
"69",2020-05-08,1701,638,173,16,22.7,13,0,8,5,4,8,54,46,6,223,5,732,0.00955999970436096,126,0.0476200008392334,1.51492306402513,2.50470602870677,12.5829096365005,584.779269617462,13
"70",2020-05-09,1718,622,179,12,21.3,17,0,12,5,5,7,52,45,6,228,5,1082,0.0157099997997284,161,0.0310599994659424,1.76982137548856,2.08869171896228,16.5127307396915,561.383704017629,17
"71",2020-05-10,1730,553,185,25,21.6,12,0,8,4,3,6,53,47,6,231,4,908,0.0176199996471405,325,0.0123099994659424,1.62203645628831,2.06511769188969,11.6427352431402,503.608147364136,12
"72",2020-05-11,1750,534,188,14,21.6,20,0,14,6,1,6,52,46,3,232,6,504,0.00991999983787537,195,0.0153799998760223,1.14431758141825,2.01149741097511,19.6219341979854,500.352143620696,20
"73",2020-05-12,1773,517,193,13,19.3,23,0,17,6,4,7,52,45,5,236,6,841,0.0130799996852875,334,0.0029899999499321,1.02118635903014,1.67612389754199,22.6626149540107,487.928655203923,23
"74",2020-05-13,1794,499,195,21,19,21,0,15,6,2,8,48,40,2,238,6,1243,0.0144799995422363,225,0.0133299994468689,1.43037393096357,1.65133984129967,20.5274253614802,459.697542563103,21
"75",2020-05-14,1808,471,198,25,18,14,0,10,4,2,7,46,39,3,240,4,1042,0.0268700003623962,126,0.0238100004196167,2.6539897628843,1.59380693287118,13.4154403844197,402.168105265415,14
"76",2020-05-15,1828,457,201,17,18.1,20,0,12,8,1,6,45,39,3,241,8,1171,0.0119599997997284,132,0.0151499998569489,1.22831617395236,1.55286309143221,19.4589097211314,426.090217819633,20
"77",2020-05-16,1844,437,207,19,19.1,16,0,6,10,1,5,43,38,6,242,10,964,0.0134899997711182,25,0.04,1.41601211115854,1.50231891081364,15.2202838280202,402.926403284481,16
"78",2020-05-17,1856,397,212,15,17.7,12,0,9,3,1,3,43,40,5,243,3,353,0.0254999995231628,10,0.1,2.7552341134095,1.66420429040238,11.5448554615698,336.769206081074,12
"79",2020-05-18,1871,389,213,26,19.4,15,0,8,7,2,2,44,42,1,245,7,377,0.0397900009155273,17,0.0588199996948242,4.06110922334158,2.08088881067714,13.4346470211207,302.011098745136,15
"80",2020-05-19,1883,352,219,23,20.9,12,0,8,4,0,2,41,39,6,245,4,359,0.0390000009536743,31,0.225809993743896,5.38490003805894,2.70427647910983,10.8139384935813,247.626587435156,12
"81",2020-05-20,1898,338,223,17,20.3,15,0,9,6,3,2,42,40,4,248,6,674,0.0296700000762939,36,0.0555600023269653,3.09827325847787,2.94254781161187,13.9763758039309,280.335836954775,15
"82",2020-05-21,1906,324,229,11,18.3,8,0,1,7,0,2,39,37,6,248,7,479,0.0208800005912781,36,0,1.9420427734412,2.84084109883428,7.2514403643604,289.352382578967,8
"83",2020-05-22,1913,308,233,7,16.9,7,0,3,4,1,2,37,35,4,249,4,515,0.00583000004291534,14,0,0.567570892646768,2.74644891579063,6.87498858229972,298.374120837079,7
"84",2020-05-23,1922,304,236,6,15,9,1,3,5,1,1,36,35,3,250,6,581,0.00861000001430511,43,0,0.801668270562704,2.65868550999122,8.73514052166851,290.580453097871,9
"85",2020-05-24,1931,300,237,8,14,9,0,3,6,1,2,37,35,1,251,6,332,0.0150600004196167,25,0.04,1.68064989896716,2.5051734793566,8.44473784002221,272.236892001111,9
"86",2020-05-25,1946,296,240,6,11.1,15,1,7,7,0,2,36,34,3,251,8,400,0.0175,8,0,1.7156862745098,2.17011305809492,14.244216444909,268.036008461633,15
"87",2020-05-26,1952,286,243,16,10.1,6,0,2,4,1,2,36,34,3,252,4,1126,0.00799000024795532,41,0.0731699991226196,1.02799573635176,1.54769815785104,5.77357682351911,269.810742881617,6
"88",2020-05-27,1957,258,243,8,8.9,5,0,1,4,1,2,34,32,0,253,4,1151,0.00955999970436096,13,0.0769199991226196,1.03123021033621,1.2524062938308,4.77286440823576,243.349754331206,5
"89",2020-05-28,1961,233,244,4,7.9,4,0,2,2,1,1,31,30,1,254,2,1401,0.0028600001335144,88,0,0.269097393354848,1.01341409667561,3.97036471824175,229.547489675164,4
"90",2020-05-29,1968,223,247,7,7.9,7,0,3,4,2,1,32,31,3,256,4,1383,0.00651000022888184,37,0,0.634037346235463,1.02290930433114,6.86034888583135,215.214450385098,7
"91",2020-05-30,1971,205,248,15,9.1,3,1,1,1,0,1,31,30,1,256,2,1015,0.0128100001811981,119,0,1.14657409029242,1.07218156429252,2.87372956014583,192.057279914948,3
"92",2020-05-31,1975,190,249,10,9.4,4,0,1,3,3,1,34,33,1,259,3,1309,0.00535000026226044,11,0.0909099960327148,0.606300022701422,0.918703010540277,3.89984366749831,183.656765608226,4
"93",2020-06-01,1986,180,250,5,9.3,11,0,5,6,0,1,31,30,1,259,6,764,0.00130999997258186,20,0,0.127658160593437,0.691841851409367,10.9578236097634,178.734708292903,11
"94",2020-06-02,1989,161,251,8,8.1,3,0,1,2,0,1,26,25,1,259,2,858,0.0104900002479553,9,0,1.03811075118174,0.693286853527935,2.88567446074451,151.796794089933,3
"95",2020-06-03,1999,152,251,8,8.1,10,0,7,3,0,0,22,22,0,259,3,1110,0.00449999988079071,139,0,0.399919925354499,0.603099669959119,9.93393615121538,148.652764994913,10
"96",2020-06-04,2006,142,254,8,8.7,7,0,2,5,0,0,20,20,3,259,5,1433,0.00558000028133392,21,0,0.549940880546872,0.643220168129408,6.8485896431195,137.699945864594,7
"97",2020-06-05,2010,133,256,15,9.9,4,0,1,3,1,0,21,21,2,260,3,1381,0.00940999984741211,28,0,0.9223001979614,0.684400575518827,3.8476427480873,126.245495165204,4
"98",2020-06-06,2013,124,257,2,8,3,0,0,3,0,0,21,21,1,260,3,1402,0.000710000023245811,68,0,0.0677156484755529,0.53027794097356,2.98881386978337,123.537639951046,3
"99",2020-06-07,2014,116,258,4,7.1,1,0,0,1,0,0,20,20,1,260,1,871,0.00230000004172325,22,0,0.224333710676478,0.475711324969997,0.987647236859324,114.567079475682,1
"100",2020-06-08,2017,108,258,0,6.4,3,0,0,3,0,0,19,19,0,260,3,702,0.00142000004649162,12,0,0.139613449949176,0.477419223449388,2.97693687845744,107.169727624468,3
"101",2020-06-09,2027,105,259,3,5.7,10,0,3,7,0,0,18,18,1,260,7,1337,0.00224000006914139,10,0,0.222337052148629,0.360880123587515,9.91430026927231,103.714504039085,10
"102",2020-06-10,2037,103,259,7,5.6,10,0,4,6,0,0,17,17,0,260,6,1281,0.00233999997377396,12,0,0.231828303666236,0.336867034774906,9.92340731718319,101.685158944978,10
"103",2020-06-11,2044,102,260,5,5.1,7,0,2,5,0,0,16,16,1,260,5,1530,0.00326999992132187,6,0,0.325722648412921,0.304835858755771,6.9103216651375,100.170561968805,7
"104",2020-06-12,2048,105,260,10,4.4,4,0,2,2,0,0,16,16,0,260,2,1595,0.00814999997615814,13,0,0.808411067286831,0.288565982945118,3.91097093339755,100.325974003371,4
"105",2020-06-13,2051,103,260,6,5,3,0,3,0,0,0,16,16,0,260,0,1481,0.00270000010728836,23,0.0434800004959106,0.332363043238032,0.326372753625472,3,101.114964534052,3
"106",2020-06-14,2054,100,260,1,4.6,3,0,1,2,0,0,16,16,0,260,2,768,0,13,0,0,0.294325080671689,3,100,3
"107",2020-06-15,2059,98,260,2,4.9,5,0,2,3,0,0,14,14,0,260,3,720,0.00555999994277954,17,0,0.543175028331244,0.351976734726271,4.91027145520832,95.0688675368052,5
"108",2020-06-16,2063,97,260,3,4.9,4,0,1,3,1,0,14,14,0,261,3,1250,0.000799999982118607,14,0,0.0791139222822989,0.331516287602509,3.98693095825675,96.5774343169682,4
"109",2020-06-17,2066,87,260,8,5,3,0,0,3,1,1,6,5,0,262,3,1098,0.0091100001335144,26,0,0.889927059305944,0.425530395551039,2.8529905539885,82.7367260656664,3
"110",2020-06-18,2068,73,260,2,4.6,2,0,0,2,0,1,6,5,0,262,2,1299,0.00231000006198883,120,0,0.211465121953734,0.409207891771155,1.97671167158844,72.1499760129781,2
"111",2020-06-19,2071,71,260,5,3.9,3,0,0,3,0,1,5,4,0,262,3,1869,0.0010700000077486,20,0,0.105867126229864,0.30884447162016,2.98251152449503,70.5861060797157,3
"112",2020-06-20,2077,71,261,1,3.1,6,0,0,6,1,1,5,4,1,263,6,1792,0.000560000017285347,158,0,0.0514625656910432,0.26871583197059,5.9829975205418,70.798803993078,6
"113",2020-06-21,2083,75,261,1,3.1,6,0,0,6,0,1,4,3,0,263,6,1102,0.00363000005483627,86,0,0.336722227308887,0.316819007300431,5.88875189808242,73.6093987260303,6
"114",2020-06-22,2085,74,262,6,3.7,2,0,1,1,0,1,1,0,1,263,1,510,0.00391999989748001,10,0,0.384461528406693,0.294145650168352,1.9788299218036,72.4334142134662,2
"115",2020-06-23,2094,79,262,4,3.9,9,0,0,9,0,1,1,0,0,263,9,1256,0.00158999994397163,20,0,0.156507831475578,0.305201922910249,8.92243815031437,78.3191793194262,9
"116",2020-06-24,2096,73,263,3,3.1,2,0,0,2,1,1,2,1,1,264,2,1731,0.00289000004529953,24,0,0.285047867715868,0.218790609825953,1.96860811704999,71.8541962723246,2
"117",2020-06-25,2102,71,263,6,3.7,6,0,0,6,0,1,2,1,0,264,6,1796,0.00277999997138977,21,0.0476200008392334,0.32982388366758,0.235699004356502,5.89103100998604,69.7105336181681,6
"118",2020-06-26,2106,65,263,6,3.9,4,0,0,4,0,1,2,1,0,264,4,2028,0.00196999996900558,23,0,0.194790830674955,0.248402390705801,3.95709597124663,64.3028095327578,4
"119",2020-06-27,2109,67,263,3,4.1,3,0,0,3,0,1,1,0,0,264,3,1574,0.000640000030398369,80,0,0.0609044768952257,0.249751235163541,2.98993902554781,66.7753049039011,3
"120",2020-06-28,2111,66,263,2,4.3,2,0,0,2,0,1,1,0,0,264,2,879,0.00114000000059605,12,0,0.112464646523448,0.217714437908478,1.98761444157443,65.5912765719563,2
"121",2020-06-29,2115,67,263,1,3.6,4,0,0,4,2,1,3,2,0,266,4,855,0.00351000010967255,8,0,0.347746244932796,0.212469397412207,3.92340648253424,65.7170585824485,4
"122",2020-06-30,2118,66,263,10,4.4,3,0,1,2,0,1,3,2,0,266,2,1605,0.00435999989509583,11,0,0.433032167798812,0.251972874029812,2.95231083384676,64.426257516943,3
"123",2020-07-01,2120,65,263,4,4.6,2,0,0,2,0,2,3,1,0,266,2,1600,0.00312999993562698,15,0,0.310092872879453,0.255550731910324,1.96584994917847,63.8901233483004,2
"124",2020-07-02,2126,64,263,4,4.3,6,0,1,5,0,1,3,2,0,266,5,1013,0.00196999996900558,12,0,0.19469365547343,0.236246413596874,5.94639671844674,63.3138779961183,6
"125",2020-07-03,2134,72,263,4,4,8,0,0,8,0,1,3,2,0,266,8,1332,0.00300000011920929,14,0,0.296879655184753,0.250830531383988,7.8692204020261,70.8229836182349,8
"126",2020-07-04,2137,72,263,4,4.1,3,0,0,3,0,1,3,2,0,266,3,1260,0.0031700000166893,40,0,0.307246155463732,0.286022199750918,2.94924518067906,70.7818843362975,3
"127",2020-07-05,2139,69,263,5,4.6,2,0,0,2,0,1,2,1,0,266,2,734,0.00272000014781952,47,0,0.255631255889824,0.306474572517543,1.97184772323483,68.0287464516017,2
"128",2020-07-06,2145,69,263,0,4.4,6,0,1,5,0,1,2,1,0,266,5,601,0,10,0,0,0.256796537527143,6,69,6
"129",2020-07-07,2152,70,263,6,3.9,7,0,1,6,0,1,1,0,0,266,6,1271,0.0039300000667572,21,0,0.386612235669381,0.250165118651511,6.87226896857963,68.509804633429,7
"130",2020-07-08,2165,76,263,5,4,13,0,1,12,0,1,1,0,0,266,12,1684,0.00296999990940094,39,0,0.29027741424441,0.247334338846504,12.8081931708381,74.7852234153077,13
"131",2020-07-09,2173,80,263,5,4.1,8,0,0,8,1,0,2,2,0,267,8,1504,0.00266000002622604,41,0,0.258941102876632,0.25651254561839,7.88593285952165,78.8593285952165,8
"132",2020-07-10,2189,93,263,12,5.3,16,0,0,16,0,0,2,2,0,267,16,1901,0.00684000015258789,14,0.0714300012588501,0.731219859409581,0.318561146221937,15.3557750585192,89.255442527643,16
"133",2020-07-11,2196,98,263,7,5.7,7,0,0,7,1,1,2,1,0,268,7,1571,0.00381999999284744,25,0,0.376016290022765,0.328385451158942,6.85506466649278,95.9709053308989,7
"134",2020-07-12,2219,118,263,9,6.3,23,0,2,21,1,1,3,2,0,269,21,1068,0.00842999994754791,13,0,0.832862159480219,0.410847008814713,22.0369208085971,112.588412162593,23
"135",2020-07-13,2242,136,263,6,7.1,23,0,2,21,0,0,3,3,0,269,21,808,0.00619000017642975,65,0,0.572911814725686,0.492691553775525,22.3375140880269,131.709615046269,23
"136",2020-07-14,2261,146,263,4,6.9,19,0,2,17,1,0,4,4,0,270,17,1406,0.00426999986171722,67,0,0.407577719319377,0.495686622868381,18.618469791184,142.723328794874,19
"137",2020-07-15,2282,166,263,15,8.3,21,0,0,21,1,0,5,5,0,271,21,1403,0.00712999999523163,45,0,0.690841850366711,0.552910113742996,20.201145828196,159.685247975264,21
"138",2020-07-16,2304,184,263,7,8.6,22,0,1,21,0,0,5,5,0,271,21,1695,0.00708000004291534,24,0.0416699981689453,0.756293195392449,0.623960412673827,21.1254612413456,176.337374686076,22
"139",2020-07-17,2334,211,263,17,9.3,30,0,0,29,0,1,5,4,0,271,29,1786,0.00727999985218048,21,0,0.71953955373516,0.622291797577481,27.8509941378216,202.639991830357,30
"140",2020-07-18,2360,230,263,16,10.6,26,0,0,24,2,1,6,5,0,273,24,1553,0.00708000004291534,81,0,0.672903308852358,0.664704228838851,23.1107303312625,221.477832341266,26
"141",2020-07-19,2378,248,263,28,13.3,18,0,0,18,0,1,6,5,0,273,18,2024,0.02125,22,0,2.10215053763441,0.846031140003735,15.9164405706816,219.293181196058,18
"142",2020-07-20,2408,273,263,47,19.1,30,0,0,27,2,3,8,5,0,275,27,1548,0.0148599994182587,35,0.0285700011253357,1.51631264301018,0.980802686901521,24.7456461024715,250.205977258322,30
"143",2020-07-21,2432,292,263,23,21.9,24,0,0,23,0,3,8,5,0,275,23,1429,0.0161000001430511,15,0,1.59327563742521,1.15018810377378,20.9821525722808,266.382110917652,24
"144",2020-07-22,2459,312,263,13,21.6,27,0,1,23,2,3,9,6,0,277,23,1768,0.0090499997138977,16,0,0.896883379718113,1.17962260796684,22.8641175586837,296.591507752579,27
"145",2020-07-23,2478,320,263,29,24.7,19,0,1,17,1,3,10,7,0,278,17,1667,0.0101999998092651,32,0,1.0007886805206,1.21455053441372,17.0631698050193,302.365549270951,19
"146",2020-07-24,2501,335,263,34,27.1,23,0,1,18,0,3,7,4,0,278,18,2036,0.0122800004482269,83,0,1.17989999587494,1.28031631186226,17.830534865108,313.234954433954,23
"147",2020-07-25,2513,334,263,26,28.6,12,0,1,10,1,3,8,5,0,279,10,2127,0.00799000024795532,321,0,0.694229188210824,1.28336286605633,10.6177280400056,321.232116536186,12
"148",2020-07-26,2520,336,263,21,27.6,7,0,0,6,2,4,10,6,0,281,6,1818,0.0121000003814697,73,0,1.16328930161354,1.14923983233906,5.61566621894903,314.477308261145,7
"149",2020-07-27,2535,338,264,22,24,15,0,1,13,1,4,10,6,1,282,13,1600,0.00875,23,0,0.862600123228589,1.05585232951312,13.3825206444543,321.945536755812,15
"150",2020-07-28,2555,327,264,14,22.7,20,0,2,17,1,4,11,7,0,283,17,1488,0.00739000022411346,24,0,0.727269863325452,0.932137218927437,18.3192085590853,313.904776401228,20
"151",2020-07-29,2571,322,264,20,23.7,16,2,2,12,2,4,12,8,0,285,14,2254,0.00620999991893768,53,0,0.606733412106005,0.890687223554278,15.5322696821021,311.242202688349,16
"152",2020-07-30,2592,333,264,19,22.3,21,1,0,19,1,4,13,9,0,286,20,1890,0.00898999989032745,134,0,0.839481215055281,0.867643299916376,19.0754922584435,317.606946103085,21
"153",2020-07-31,2602,320,264,18,20,10,0,1,9,1,3,14,11,0,287,9,2131,0.00797999978065491,207,0,0.727347285396733,0.802992912705203,9.6395426331877,307.183738068896,10
"154",2020-08-01,2619,307,264,15,18.4,17,0,0,17,1,2,14,12,0,288,17,1630,0.00551999986171722,83,0.0120500004291534,0.58363980211435,0.787194428977135,16.4536594984979,297.133733296403,17
"155",2020-08-02,2627,292,264,2,15.7,8,0,0,8,0,2,14,12,0,288,8,1338,0.00149000003933907,11,0,0.147785029846973,0.64212239015334,7.93489864848462,289.623800669689,8
"156",2020-08-03,2636,278,264,10,14,9,0,1,7,0,1,13,12,0,288,7,1047,0.0114600002765656,47,0,1.09676602281208,0.67557466152241,7.57725196084979,261.210863588035,9
"157",2020-08-04,2648,266,264,20,14.9,12,0,1,11,1,1,12,11,0,289,11,1697,0.00529999971389771,12,0,0.526278497044143,0.646861609196509,11.681229675181,258.291553963468,12
"158",2020-08-05,2657,246,264,12,13.7,9,1,0,8,1,1,13,12,0,290,9,1600,0.00563000023365021,70,0,0.539401219990439,0.637242724608571,8.73268458229408,238.693378582705,9
"159",2020-08-06,2667,222,264,12,12.7,10,0,0,10,1,2,11,9,0,291,10,1637,0.00305000007152557,10,0,0.303148155257278,0.560623716065999,9.83307380120742,218.294238386805,10
"160",2020-08-07,2679,223,264,6,11,12,0,3,9,1,2,11,9,0,292,9,1689,0,39,0,0,0.456716961009323,12,223,12
"161",2020-08-08,2685,206,264,14,10.9,6,1,1,4,0,1,11,10,0,292,5,1520,0.00723999977111816,95,0,0.681411743164062,0.470684381159282,5.81239293374147,198.270588870149,6
"162",2020-08-09,2687,197,264,16,12.9,2,0,1,1,2,2,13,11,0,294,1,1587,0.00441000014543533,102,0,0.414367686844634,0.508767617873233,1.97718316220373,192.505082954134,2
"163",2020-08-10,2699,198,264,8,12.6,12,2,0,10,0,1,13,12,0,294,12,1384,0.00578000009059906,27,0,0.566939767922686,0.433078152889035,11.6253827756661,191.818815798491,12
"164",2020-08-11,2712,202,264,8,10.9,13,2,1,10,0,1,13,12,0,294,12,1457,0.00342999994754791,41,0,0.333612144431062,0.405554388230023,12.7795588480082,198.289240608138,13
"165",2020-08-12,2719,185,264,12,10.9,7,3,0,4,0,2,11,9,0,294,7,1489,0.00268999993801117,7,0,0.26774130399055,0.366745828801467,6.89679921796691,182.272550760554,7
"166",2020-08-13,2741,188,264,11,10.7,22,0,0,22,0,2,10,8,0,294,22,1689,0.00532999992370605,56,0,0.515895121555274,0.397138252558324,21.3750379071372,182.659414842809,22
"167",2020-08-14,2752,182,264,6,10.7,11,4,1,6,1,2,11,9,0,295,10,1882,0.00477999985218048,36,0,0.469028139822923,0.464142272533027,10.7417332642485,177.299545409322,11
"168",2020-08-15,2756,174,264,2,9,4,0,0,4,1,2,12,10,0,296,4,2043,0.00734000027179718,21,0,0.726532003647366,0.470588024030642,3.83997629730969,167.038968932972,4
"169",2020-08-16,2760,156,264,26,10.4,4,0,1,3,0,2,12,10,0,296,3,1198,0.00500999987125397,22,0,0.491965561128054,0.481673434642559,3.91873088491704,151.774006015686,4
"170",2020-08-17,2783,170,265,8,10.4,23,1,4,18,1,1,10,9,1,297,19,1355,0.00663999974727631,32,0,0.648680580934347,0.493350693644225,22.3213371571512,163.927753511353,23
"171",2020-08-18,2809,189,265,15,11.4,26,1,1,24,0,1,8,7,0,297,25,1887,0.00583000004291534,77,0.0519500017166138,0.763816711464385,0.5548084889347,24.9485255146053,181.050852890416,26
"172",2020-08-19,2833,198,265,23,13,24,4,3,15,2,1,8,7,0,299,19,1519,0.0118499994277954,25,0.04,1.23057960691847,0.692356817924403,20.7125425379928,184.583338027504,24
"173",2020-08-20,2850,206,266,24,14.9,17,1,0,16,3,0,7,7,1,302,17,1607,0.00995999991893768,103,0,0.936007009925898,0.752372801977349,16.1238114032664,195.382655827817,17
"174",2020-08-21,2871,213,266,16,16.3,21,3,2,16,0,0,7,7,0,302,19,1804,0.00721000015735626,116,0.00861999988555908,0.729518764093518,0.78958574830172,20.2367626025769,204.443707070993,21
"175",2020-08-22,2890,223,266,16,18.3,19,1,0,18,1,0,8,8,0,303,19,1865,0.00589999973773956,73,0,0.567776032553369,0.766906323859721,18.405981144373,216.028094483957,19
"176",2020-08-23,2907,233,266,13,16.4,17,0,1,15,0,0,8,8,0,303,15,693,0.0173199999332428,5,0,1.71959311658127,0.942281688924466,14.5796789254225,210.937679308229,17
"177",2020-08-24,2926,249,266,19,18,19,2,0,17,1,1,9,8,0,304,19,1142,0.00962999999523163,58,0,0.91645499954621,0.980535177297589,18.041186103584,236.434491568022,19
"178",2020-08-25,2940,251,266,23,19.1,14,0,1,13,4,2,12,10,0,308,13,1646,0.0145799994468689,73,0,1.39608371666935,1.07085903518401,13.0006344186107,231.704556851637,14
"179",2020-08-26,2958,259,266,15,18,18,1,4,13,0,2,12,10,0,308,14,1832,0.00437000006437302,41,0,0.427434069296923,0.956123958380934,17.6704914067305,252.904091024515,18
"180",2020-08-27,2971,262,266,16,16.9,13,1,3,9,1,2,10,8,0,309,10,1467,0.00612999975681305,9,0,0.609262170951541,0.909446124241741,12.6645144741892,253.210279223757,13
"181",2020-08-28,2999,272,266,20,17.4,28,0,3,21,1,1,10,9,0,310,21,2138,0.0065499997138977,35,0,0.644450040879581,0.897293449496892,23.254790943249,262.347768407796,28
"182",2020-08-29,3020,286,266,12,16.9,21,0,2,18,0,1,10,9,0,310,18,1790,0.00726000010967255,11,0.0909099960327148,0.777091068999096,0.927195597560568,19.229781409435,273.762082394356,21
"183",2020-08-30,3040,300,267,16,17.3,20,0,6,12,2,1,11,10,1,312,12,1407,0.00425999999046326,33,0,0.416237499068181,0.741001937915841,17.7249624291908,293.124060729769,20
"184",2020-08-31,3060,308,267,13,16.4,20,1,3,16,1,1,12,11,0,313,17,1340,0.00522000014781952,55,0,0.501419369037861,0.681711133557505,19.5306253813557,299.496036321034,20
"185",2020-09-01,3085,312,267,18,15.7,25,1,2,22,0,1,12,11,0,313,23,1373,0.0152900004386902,21,0.0952400016784668,1.64944122220728,0.717905062920066,22.9110201341033,283.662533993054,25
"186",2020-09-02,3121,322,267,15,15.7,36,1,9,26,0,1,10,9,0,313,27,1530,0.00261000007390976,50,0,0.252740513486198,0.692948840661391,35.6242420293285,317.518738275696,36
"187",2020-09-03,3143,323,267,24,16.9,22,1,4,17,1,1,9,8,0,314,18,1493,0.00870999991893768,133,0.00751999974250793,0.861266288113623,0.728949428827402,21.1463506235036,307.681736188426,22
"188",2020-09-04,3165,327,267,24,17.4,22,0,3,19,3,1,12,11,0,317,19,2707,0.00850000023841858,258,0.00774999976158142,0.843473881412719,0.757381406046422,21.117540436614,311.812406461726,22
"189",2020-09-05,3190,334,267,17,18.1,25,1,11,13,2,1,14,13,0,319,14,2257,0.00398999989032745,164,0,0.371971489156095,0.699507180354565,24.7132474668438,327.158903851844,25
"190",2020-09-06,3211,336,267,26,19.6,21,1,3,16,1,1,15,14,0,320,17,1310,0.00611000001430511,192,0.03125,0.932363516560566,0.773239468567763,19.1272220479573,318.749800477273,21
"191",2020-09-07,3252,361,267,29,21.9,41,2,6,33,0,1,13,12,0,320,35,1290,0.0147300004959106,44,0,1.4244153403092,0.90509603589224,38.2547982909461,332.685205229473,41
"192",2020-09-08,3304,398,267,24,22.7,52,0,14,36,3,1,15,14,0,323,36,1095,0.0109599995613098,4,0,1.09201087530794,0.825463129192334,47.8352934145939,374.067966083566,52
"193",2020-09-09,3349,429,267,15,22.7,45,2,10,31,0,1,14,13,0,323,33,1588,0.015110000371933,29,0,1.48390108785588,1.00134321124515,40.3035742419737,393.946465145658,45
"194",2020-09-10,3426,491,267,33,24,77,1,21,52,2,2,15,13,0,325,53,1958,0.0127699995040894,61,0,1.23841798063432,1.05522202446239,70.3857957473116,457.51746626283,77
"195",2020-09-11,3456,505,267,60,29.1,30,0,1,25,0,1,13,12,0,325,25,2315,0.0159800004959106,93,0.0752699995040894,1.8269855108768,1.1957236858144,23.4849612203564,454.196216651198,30
"196",2020-09-12,3505,530,269,47,33.4,49,0,4,42,1,0,13,13,2,326,42,1901,0.0173599994182587,26,0,1.71257700540268,1.38723875956391,42.0393271352183,480.02008051585,49
"197",2020-09-13,3540,543,270,31,34.1,35,1,5,29,1,1,12,11,1,327,30,1199,0.0158500003814697,44,0,1.52889384210637,1.47245737749903,32.4743791146912,497.28626197591,35
"198",2020-09-14,3608,593,272,59,38.4,68,0,19,49,1,1,12,11,2,328,49,2394,0.0141999995708466,218,0.0412799978256226,1.6460121936674,1.50411407083591,63.5588166575925,539.252617917394,68
"199",2020-09-15,3681,642,273,41,40.9,73,1,15,55,1,1,12,11,1,329,56,2961,0.0121599996089935,28,0,1.20460886056306,1.52019949730093,67.2854718461076,599.41558795002,73
"200",2020-09-16,3758,682,274,41,44.6,77,1,7,67,1,0,12,12,1,330,68,1887,0.0190799999237061,162,0.00616999983787537,1.80592971350752,1.56620358667974,68.2379351663066,614.180467403251,77
"201",2020-09-17,3808,707,278,57,48,50,2,4,38,2,2,12,10,4,332,40,2512,0.0191100001335144,208,0.00481000006198883,1.80164707162801,1.64666488539312,40.031747618884,636.861139163774,50
"202",2020-09-18,3896,775,278,47,46.1,88,1,6,78,0,2,12,10,0,332,79,2408,0.0128699994087219,281,0.0213499999046326,1.37561578837501,1.58218349646429,79.0159692430744,716.295900802312,88
"203",2020-09-19,3966,825,280,47,46.1,70,2,4,60,0,2,11,9,2,332,62,2101,0.0214199995994568,161,0,1.98954107685494,1.62174979238604,59.207742003512,734.619147627378,70
"204",2020-09-20,4009,857,280,76,52.6,43,1,4,34,2,2,12,10,0,334,35,2847,0.0186199998855591,112,0,1.79152212484578,1.65926811849167,35.5472924506226,772.457989433817,43
"205",2020-09-21,4118,937,280,55,52,109,2,22,82,1,3,13,10,0,335,84,2947,0.0189999997615814,73,0,1.85407282441657,1.68899106574156,97.4241801661127,841.338771614852,109
"206",2020-09-22,4227,1016,280,85,58.3,109,0,27,81,3,3,16,13,0,338,81,2507,0.0135599994659424,65,0.0307699990272522,1.39949333584327,1.7168317050673,101.757976092661,937.704984075842,109
"207",2020-09-23,4332,1074,281,67,62,105,0,25,75,2,3,17,14,1,340,75,1892,0.0169099998474121,7,0.571430015563965,1.8954044139153,1.72961380512555,92.1723260928048,961.907709648964,105
"208",2020-09-24,4434,1129,282,38,59.3,102,2,19,75,2,3,19,16,1,342,77,2730,0.0128199994564056,54,0,1.2571335673846,1.65182616166221,90.669821881252,1050.84712862251,102
"209",2020-09-25,4553,1192,284,57,60.7,119,5,16,86,3,3,21,18,2,345,91,3289,0.01307000041008,59,0.0339000010490417,1.34370762875288,1.64726785314476,100.266889386973,1103.80364999199,119
"210",2020-09-26,4637,1238,286,76,64.9,84,3,14,65,3,4,22,18,2,348,68,3439,0.030239999294281,12,0,3.01348471669175,1.79354551597859,70.7164052525409,1032.57220150949,84
"211",2020-09-27,4719,1268,287,109,69.6,82,2,12,64,2,4,23,19,1,350,66,2692,0.0330599999427795,13,0,3.29011163940712,2.0076297323445,66.0429472774386,1038.27965375443,82
"212",2020-09-28,4834,1338,288,86,74,115,3,11,97,6,4,28,24,1,356,100,3140,0.0257999992370605,192,0.0104200005531311,2.49137568158977,2.09867299765496,97.2814315350486,1154.44555393895,115
"213",2020-09-29,4942,1370,291,58,70.1,108,5,18,75,4,3,28,25,3,360,80,2165,0.0258699989318848,79,0.0253200006484985,2.58506362472201,2.26804018178049,86.6124368688147,1174.98798137845,108
"214",2020-09-30,5025,1399,291,107,75.9,83,1,10,67,5,5,31,26,0,365,68,3171,0.0305900001525879,282,0.0141799998283386,2.92498263641609,2.41512278499489,67.0477895806598,1173.67437681387,83
"215",2020-10-01,5125,1434,293,105,85.4,100,2,11,78,3,5,30,25,2,368,80,3845,0.0228900003433228,120,0.00833000004291534,2.24493445965261,2.55623719817603,81.1107529268582,1256.73524621393,100
"216",2020-10-02,5221,1484,294,116,93.9,96,0,13,79,1,5,30,25,1,369,79,3361,0.0217199993133545,198,0,2.05116374521451,2.65730235767055,83.0772855018235,1316.38850233805,96
"217",2020-10-03,5294,1496,295,65,92.3,73,2,6,64,5,6,32,26,1,374,66,3113,0.0301999998092651,485,0.0103100001811981,2.75188853513406,2.61993147459088,61.9989787862822,1269.3101858224,73
"218",2020-10-04,5352,1478,295,77,87.7,58,1,7,47,3,6,33,27,0,377,48,3118,0.0288599991798401,102,0,2.79458004480563,2.54914124679067,47.6136928203157,1250.56329142555,58
"219",2020-10-05,5430,1479,295,82,87.1,78,3,13,59,3,6,34,28,0,380,62,3820,0.0180599999427795,236,0.00847000002861023,1.75020019201602,2.44325903399442,69.0248475450088,1336.46370192045,78
"220",2020-10-06,5506,1452,296,139,98.7,76,6,15,52,2,7,35,28,1,382,58,2160,0.0194400000572205,56,0,1.89487365178683,2.34466046643225,66.9482939535752,1300.49866932054,76
"221",2020-10-07,5607,1466,296,174,108.3,101,12,22,63,3,10,37,27,0,385,75,2272,0.03125,76,0,3.02385008517888,2.35878438768408,84.5120516564954,1221.90223637896,101
"222",2020-10-08,5687,1425,296,85,105.4,80,5,14,55,2,9,37,28,0,387,60,2434,0.0271199989318848,182,0,2.52332100153698,2.39855389366756,65.6633162534815,1227.00376102019,80
"223",2020-10-09,5772,1428,296,97,102.7,85,5,19,59,2,9,38,29,0,389,64,2506,0.0207500004768372,248,0.00805999994277954,1.96072553307056,2.38563414907557,76.09018607442,1273.8247767855,85
"224",2020-10-10,5837,1413,297,67,103,65,5,7,51,6,9,44,35,1,395,56,2628,0.0300600004196167,21,0,2.98216991705371,2.4185314893498,53.8041900742711,1180.97001026688,65
"225",2020-10-11,5901,1377,297,140,112,64,6,6,48,5,10,47,37,0,400,54,2658,0.0233299994468689,238,0.0168099999427795,2.27941707583422,2.34493677949674,53.2222252545506,1204.16674399104,64
"226",2020-10-12,5963,1349,297,63,109.3,62,2,14,43,3,10,47,37,0,403,45,1992,0.0150600004196167,237,0.0126600003242493,1.4804818713649,2.3064055908323,55.3315282281252,1239.02736843869,62
"227",2020-10-13,6048,1371,298,74,100,85,4,10,68,1,7,46,39,1,404,72,2110,0.0303299999237061,18,0,3.00734491724717,2.46533005732663,70.0770063849103,1143.96632991267,85
"228",2020-10-14,6115,1376,300,84,87.1,67,1,16,49,2,7,46,39,2,406,50,3004,0.0296300005912781,111,0.0360400009155273,2.9858414728033,2.45990025555869,57.7793468538624,1149.76762541829,67
"229",2020-10-15,6201,1403,300,107,90.3,86,3,25,52,5,8,50,42,0,411,55,2118,0.0207699990272522,105,0.00952000021934509,2.02386225653403,2.38854900627255,73.8706670277455,1246.64628799867,86
"230",2020-10-16,6276,1424,301,78,87.6,75,2,10,59,4,8,48,40,1,415,61,3125,0.0224000000953674,279,0.00358000010251999,2.08574677810301,2.40640918413433,63.9941474847356,1260.45354128301,75
"231",2020-10-17,6323,1406,302,64,87.1,47,1,10,36,6,8,50,42,1,421,37,3035,0.0210899996757507,149,0,2.01030618768541,2.26757150851029,42.9042493623999,1250.3614757712,47
"232",2020-10-18,6380,1372,305,74,77.7,57,1,11,40,2,6,48,42,3,423,41,1144,0.0271000003814697,37,0.0540500020980835,2.79443272769098,2.34114517306126,45.6911952053985,1160.88584931236,57
"233",2020-10-19,6444,1350,307,69,78.6,64,1,6,57,3,6,47,41,2,426,58,1332,0.0375399994850159,27,0,3.67941716806778,2.65527878687595,52.2489520595117,1076.48422897139,64
"234",2020-10-20,6522,1354,309,46,74.6,78,3,14,57,4,5,46,41,2,430,60,1596,0.0250600004196167,45,0.0222199988365173,2.49821210343397,2.58254552775978,65.7462723825594,1167.74088009976,78
"235",2020-10-21,6610,1376,312,69,72.4,88,1,46,40,4,4,45,41,3,434,41,2258,0.0305599999427795,446,0.00897000014781952,2.69989274913919,2.54169571009348,80.9046318231631,1171.43349728469,88
"236",2020-10-22,6676,1363,312,88,69.7,66,2,24,36,2,3,45,42,0,436,38,2242,0.0272099995613098,88,0.011360000371933,2.66113729824836,2.63273500176696,56.4317278576803,1163.27487026364,66
"237",2020-10-23,6755,1365,313,92,71.7,79,1,13,64,2,3,38,35,1,438,65,2767,0.024210000038147,65,0.0153799998760223,2.40073340739739,2.67773309166615,69.4073550575882,1184.55445620935,79
"238",2020-10-24,6820,1358,317,63,71.6,65,2,17,41,2,3,38,35,4,440,43,2360,0.0216100001335144,190,0,1.99998432608212,2.67625854000854,55.2645132940641,1208.44672217067,65
"239",2020-10-25,6890,1339,319,69,70.9,70,1,24,42,3,3,40,37,2,443,43,1747,0.0303399991989136,77,0,2.90591987941349,2.6921852759689,60.1194735988583,1124.74360811329,70
"240",2020-10-26,6963,1298,320,77,72,73,1,16,51,4,3,41,38,1,447,52,995,0.0392000007629395,121,0.0165299999713898,3.67420526484435,2.69144071836555,57.479501159415,1035.39216355617,73
"241",2020-10-27,7041,1268,322,61,74.1,78,0,15,60,1,3,33,30,2,448,60,1357,0.0287400007247925,116,0,2.64767012787124,2.71279186471373,66.2524849166151,1083.13584790447,78
"242",2020-10-28,7153,1275,325,94,77.7,112,2,69,38,2,2,31,29,3,450,40,1898,0.0400400018692017,166,0.01807000041008,3.82730346975863,2.87385053908794,100.570099190737,1006.29691170474,112
"243",2020-10-29,7217,1260,326,65,74.4,64,0,18,42,9,2,39,37,1,459,42,2192,0.0296499991416931,96,0,2.840594323365,2.89948725696174,53.4305641025705,1062.91692307712,64
"244",2020-10-30,7267,1229,328,122,78.7,50,2,9,35,4,2,42,40,2,463,37,2804,0.0356599998474121,105,0.0571400022506714,3.64353179128443,3.07702988323132,38.5767538553661,982.427851033646,50
"245",2020-10-31,7306,1159,329,83,81.6,39,0,5,32,2,2,41,39,1,465,32,2334,0.0278500008583069,322,0,2.44736076819609,3.14094080353332,32.6876148059039,1002.81079875133,39
"246",2020-11-01,7356,1118,332,50,78.9,50,1,7,39,1,2,39,37,3,466,40,1716,0.0250600004196167,104,0,2.36280003956386,3.06335225498337,41.795769365291,972.541753759882,50
"247",2020-11-02,7420,1070,332,56,75.9,64,3,8,47,6,2,44,42,0,472,50,1031,0.0184300005435944,14,0.0714300012588501,1.91400484000667,2.81189505143513,52.7303398211055,957.229272171657,64
"248",2020-11-03,7491,998,333,36,72.3,71,1,36,33,1,2,45,43,1,473,34,1457,0.0219600009918213,13,0,2.17657969014174,2.74459641747378,65.9250426884408,878.388017737175,71
"249",2020-11-04,7556,922,337,53,66.4,65,5,1,51,1,1,42,41,4,474,56,1466,0.0272900009155273,295,0.0033899998664856,2.32863096551825,2.53050034543944,49.8194407623733,803.77722112336,65
"250",2020-11-05,7603,879,337,45,63.6,47,0,6,34,5,2,45,43,0,479,34,2539,0.0240300011634827,41,0,2.364812905197,2.46253157141543,35.5726355059968,764.539606169742,47
"251",2020-11-06,7676,872,341,79,57.4,73,2,13,55,4,3,47,44,4,483,57,2342,0.0234800004959106,116,0.0258599996566772,2.35923194148077,2.27906016430063,62.5951703963196,758.71909799282,73
"252",2020-11-07,7711,838,346,75,56.3,35,3,4,25,3,4,47,43,5,486,28,2499,0.0276099991798401,143,0,2.61155896860032,2.30251705007266,27.9735024238981,717.492679686666,35
"253",2020-11-08,7748,776,346,47,55.9,37,1,5,29,1,4,48,44,0,487,30,1174,0.0204399991035461,90,0.0111099994182587,1.97756795057013,2.24748389450212,31.7332022796323,691.498832299823,37
"254",2020-11-09,7818,744,350,31,52.3,70,3,24,41,7,4,47,43,4,494,44,709,0.021159999370575,20,0.1,2.33229623508061,2.30723980808412,62.3492517166751,648.450983572871,70
"255",2020-11-10,7885,753,350,51,54.4,67,0,11,54,3,5,48,43,0,497,54,1375,0.0334500002861023,17,0,3.30414873515737,2.46832110022921,55.1752180021016,615.998873251528,67
"256",2020-11-11,7942,753,353,78,58,57,0,6,49,2,5,47,42,3,499,49,2377,0.0260800004005432,240,0.0291700005531311,2.63633783281783,2.51227922412915,47.8867722164425,643.688560795534,57
"257",2020-11-12,7984,743,355,58,59.9,42,1,8,31,3,3,44,41,2,502,32,2315,0.0216000008583069,215,0.00465000003576279,2.01595857686441,2.46244289151021,36.4477693555621,660.521644724458,42
"258",2020-11-13,8022,719,357,81,60.1,38,3,7,24,0,3,37,34,2,502,27,2720,0.0216899991035461,199,0,2.02113044061821,2.41414267710127,30.9951162069215,638.981057510244,38
"259",2020-11-14,8043,696,357,51,56.7,21,3,2,14,3,3,38,35,0,505,17,1710,0.015789999961853,245,0.0163300001621246,1.58576726212221,2.26760100474725,17.5155760828598,635.225938451201,21
"260",2020-11-15,8073,652,360,29,54.1,30,1,1,25,0,2,36,34,3,505,26,984,0.0152400004863739,307,0.00651000022888184,1.31640050727023,2.17314851284727,25.1153488969446,604.738749261841,30
"261",2020-11-16,8117,613,363,11,51.3,44,0,3,39,3,2,34,32,3,508,39,734,0.0122599995136261,53,0,1.14343578691252,2.00331130596611,39.5444659450036,574.404041648389,44
"262",2020-11-17,8158,590,363,38,49.4,41,1,10,29,1,2,33,31,0,509,30,1827,0.0207999992370605,38,0,2.03761922820963,1.82237851925929,36.6340019579234,523.802038505826,41
"263",2020-11-18,8199,583,363,66,47.7,41,3,6,30,1,2,33,31,0,510,33,2684,0.0204900002479553,20,0.05,2.07082694768906,1.74159124995518,35.2370597556257,516.521389016053,41
"264",2020-11-19,8219,567,364,53,47,20,2,1,17,0,2,31,29,1,510,19,2476,0.0121200001239777,187,0.0160399997234344,1.23952685900304,1.63067243311784,18.7031817405312,528.300212993748,20
"265",2020-11-20,8244,524,364,29,39.6,25,1,2,20,1,2,31,29,0,511,21,2644,0.00755999982357025,223,0.0224200010299683,0.871583528538635,1.4664514456779,21.9921453984307,498.851628037033,25
"266",2020-11-21,8273,494,365,27,36.1,29,4,4,19,2,2,32,30,1,513,23,1494,0.0187399995326996,71,0,1.78898142503854,1.49548204038024,24.7342956347559,445.336610589974,29
"267",2020-11-22,8300,480,368,26,35.7,27,3,4,19,3,4,32,28,3,516,22,1221,0.0147399997711182,36,0,1.43178518063129,1.5119655651461,24.2655167191353,442.156728417496,27
"268",2020-11-23,8340,462,370,20,37,40,2,10,25,1,3,27,24,2,517,27,921,0.0173699998855591,14,0,1.71099143257753,1.59304494309825,34.4562104837352,418.472934943913,40
"269",2020-11-24,8384,472,370,21,34.6,44,2,7,34,1,3,23,20,0,518,36,1402,0.00856000006198883,41,0.0975599956512451,1.10887594654258,1.46036733143152,40.8018615765138,443.17996289207,44
"270",2020-11-25,8439,480,371,38,30.6,55,4,10,39,2,2,23,21,1,520,43,2618,0.0122200000286102,72,0.0138900005817413,1.22646989281736,1.33974489502128,50.0960113052262,447.583382011827,55
"271",2020-11-26,8484,495,372,60,31.6,45,3,4,37,3,2,23,21,1,523,40,3060,0.0143799996376038,224,0.00446000009775162,1.37033614229488,1.35843193549154,40.981739795088,457.649029964214,45
"272",2020-11-27,8530,506,374,56,35.4,46,2,3,40,3,1,24,23,2,526,42,3153,0.0177600002288818,334,0.0029899999499321,1.63452654731694,1.46742379531702,41.2198342484452,460.458003088411,46
"273",2020-11-28,8575,509,375,60,40.1,45,2,3,40,2,1,25,24,1,528,42,2598,0.01192999958992,191,0,1.1112993522629,1.37061207063478,42.4299005678158,477.852842595673,45
"274",2020-11-29,8620,523,377,23,39.7,45,1,4,37,5,1,28,27,2,533,38,899,0.0244700002670288,12,0,2.41476731504488,1.51103808983672,36.9472424517896,453.458100060157,45
"275",2020-11-30,8664,530,378,45,43.3,44,1,7,35,1,1,25,24,1,534,36,1135,0.0229099988937378,61,0,2.17415123280873,1.57720377558404,38.690153278004,466.549478815059,44
"276",2020-12-01,8717,550,378,34,45.1,53,2,11,39,3,1,27,26,0,537,41,1906,0.0141700005531311,113,0.0176999998092651,1.43675686145195,1.62404390628538,48.756329652747,506.487349000264,53
"277",2020-12-02,8759,564,379,50,46.9,42,1,7,32,6,1,31,30,1,543,33,2861,0.0101400005817413,81,0.0123500001430511,1.02008469326815,1.59456030634978,38.1463841055127,532.320019257854,42
"278",2020-12-03,8797,563,380,40,44,38,0,6,31,3,1,33,32,1,546,31,3328,0.0102199995517731,203,0,0.963244364437859,1.53640433808449,35.3557504006734,533.138305663843,38
"279",2020-12-04,8839,566,382,54,43.7,42,1,5,32,2,1,31,30,2,548,33,2992,0.0110300004482269,165,0.0121200001239777,1.10869690723951,1.46128581807343,35.9853651142986,531.445959233121,42
"280",2020-12-05,8874,555,382,45,41.6,35,3,2,29,1,1,31,30,0,549,32,2278,0.0184399998188019,209,0,1.68903576949058,1.54381959196309,31.023825445229,503.381972565691,35
"281",2020-12-06,8912,547,383,33,43,38,0,7,29,1,2,31,29,1,550,29,1397,0.0157500004768372,20,0,1.55276998349623,1.42067711602757,33.5204395583394,500.23035994523,38
"282",2020-12-07,8965,549,384,23,39.9,53,0,4,44,2,1,31,30,1,552,44,1065,0.0169000005722046,25,0.04,1.74298170728421,1.35908146952407,43.7770583589857,496.309205433707,53
"283",2020-12-08,9012,554,384,58,43.3,47,1,1,44,0,1,28,27,0,552,45,2366,0.0194400000572205,69,0,1.88891335258249,1.42367525397129,41.3194797940499,496.377595686748,47
"284",2020-12-09,9067,565,386,39,41.7,55,3,3,47,1,3,25,22,2,553,50,2912,0.00962000012397766,167,0.00598999977111816,0.942311475245199,1.41256479425372,50.4056171889316,535.683474234927,55
"285",2020-12-10,9111,563,386,57,44.1,44,2,0,42,1,3,24,21,0,554,44,3091,0.0139100003242493,252,0.00397000014781952,1.3160709255012,1.46296858869134,40.8113889603082,522.200272378489,44
"286",2020-12-11,9150,547,386,49,43.4,39,6,2,30,1,2,24,22,0,555,36,3048,0.0118099999427795,32,0,1.16872986446727,1.47154472543817,35.6832124190524,511.797699811714,39
"287",2020-12-12,9177,530,387,56,45,27,2,3,22,0,2,21,19,1,555,24,2614,0.01567999958992,24,0,1.55373460682528,1.45221598791455,24.9466751895246,484.655743768669,27
"288",2020-12-13,9217,528,388,26,44,40,5,2,33,0,2,20,18,1,555,38,1504,0.0119700002670288,47,0,1.16072729862098,1.39620989007523,37.5712468928245,494.253114721351,40
"289",2020-12-14,9259,525,388,19,43.4,42,3,4,35,2,2,21,19,0,557,38,918,0.0174300003051758,20,0,1.70583585076241,1.39090333914355,38.4306395414386,475.686467348823,42
"290",2020-12-15,9307,535,389,51,42.4,48,2,7,38,1,1,21,20,1,558,40,2076,0.0134899997711182,49,0,1.31789362469841,1.30932909230296,44.0972480700444,496.175692936843,48
"291",2020-12-16,9361,551,389,53,44.4,54,4,4,45,0,1,19,18,0,558,49,2313,0.0168599998950958,94,0,1.62015703188021,1.40616417182225,48.6285776923444,501.843802213913,54
"292",2020-12-17,9398,547,390,61,45,37,1,5,29,2,0,19,19,1,560,30,3208,0.013400000333786,83,0.0241000008583069,1.36698575332802,1.41343771865465,32.7418394440203,505.826205862637,37
"293",2020-12-18,9440,537,390,23,41.3,42,5,4,33,0,0,18,18,0,560,38,3299,0.00726999998092651,170,0.00587999999523163,0.720188236848255,1.34936034328051,40.4930487806442,515.704399873841,42
"294",2020-12-19,9479,534,390,46,39.9,39,1,7,29,3,0,21,21,0,563,30,2798,0.0117900002002716,140,0,1.12281894351123,1.28780096280707,35.145185168484,500.984295999016,39
"295",2020-12-20,9523,529,390,24,39.6,44,5,3,33,0,0,18,18,0,563,38,1359,0.0161899995803833,51,0,1.56044038508801,1.34490283230236,37.734870939671,483.545966502261,44
"296",2020-12-21,9598,550,390,28,40.9,75,7,8,59,1,0,17,17,0,564,66,1367,0.00657999992370605,32,0.03125,0.714428870314952,1.20327326366701,71.4035945873207,528.363288227672,75
"297",2020-12-22,9679,593,390,67,43.1,81,7,8,64,2,0,17,17,0,566,71,3019,0.0231900000572205,48,0,2.28270655926797,1.34110368289123,70.0756209191634,518.462580353012,81
"298",2020-12-23,9781,662,390,52,43,102,5,6,90,1,1,15,14,0,567,95,2658,0.0199399995803833,199,0.0150800001621246,1.96014836951073,1.38967387398131,90.7462641556071,590.547651273809,102
"299",2020-12-24,9854,690,390,57,42.4,73,11,5,55,2,1,15,14,0,569,66,3471,0.0155599999427795,145,0,1.49360508300298,1.40776234964916,65.571881844298,633.25149200857,73
"300",2020-12-25,9918,720,390,52,46.6,64,7,2,54,0,1,12,11,0,569,61,2542,0.0295000004768372,161,0,2.77428787318239,1.70120515483975,53.6813943674986,610.009900731131,64
"301",2020-12-26,10011,762,390,86,52.3,93,5,4,83,2,2,14,12,0,571,88,951,0.0199800002574921,50,0,1.89819982466283,1.81197385214712,82.8019836937649,682.35354062101,93
"302",2020-12-27,10122,827,391,35,53.9,111,8,6,95,2,4,14,10,1,573,103,1473,0.0278299999237061,30,0.0666699981689453,2.86052493896789,1.99770021698711,92.7762017441835,696.737076140192,111
"303",2020-12-28,10257,924,391,65,59.1,135,15,7,111,1,2,14,12,0,574,126,1187,0.0421199989318848,39,0.0256399989128113,4.15957574957152,2.4898640568809,104.140476460284,712.36349404208,135
"304",2020-12-29,10377,1000,391,113,65.7,120,5,15,100,3,4,13,9,0,577,105,1881,0.0505100011825561,25,0.04,5.03721470222393,2.88336522016033,90.8761131291632,722.629648849173,120
"305",2020-12-30,10514,1091,391,88,70.9,137,12,10,115,3,5,14,9,0,580,127,2458,0.0573600006103516,62,0,5.59487625000969,3.40261206023161,97.8741504988791,754.887387356513,137
"306",2020-12-31,10639,1177,391,147,83.7,125,0,9,116,2,5,14,9,0,582,116,2651,0.033199999332428,145,0,3.14782540165474,3.63892924861043,104.893420336158,972.987549445326,125
"307",2021-01-01,10756,1232,392,89,89,117,0,5,111,2,6,14,8,1,584,111,2752,0.0377900004386902,135,0.0148099994659424,3.6715424709102,3.76710847685726,93.5590566626268,982.925746021227,117
"308",2021-01-02,10868,1290,392,134,95.9,112,4,8,100,2,6,16,10,0,586,104,2366,0.0295900011062622,431,0,2.50303691874925,3.85351377601246,97.6659086232306,1112.20213580738,112
"309",2021-01-03,10991,1316,393,107,106.1,123,0,5,118,3,5,19,14,1,589,118,1518,0.0599499988555908,126,0.0238100004196167,5.71801449608629,4.26172656988652,85.8467479895506,901.646782663124,123
"310",2021-01-04,11167,1427,393,115,113.3,176,5,30,141,5,8,22,14,0,594,146,1382,0.0535500001907349,155,0.00644999980926514,4.8800162806787,4.36464664575897,136.767706207914,1043.54463533351,176
"311",2021-01-05,11310,1503,395,105,112.1,143,2,20,121,6,8,24,16,2,600,123,2419,0.0570499992370605,97,0.0103100001811981,5.52480199411867,4.43430197317251,105.581066671245,1045.75888786083,143
"312",2021-01-06,11494,1599,395,132,118.4,184,11,42,130,7,7,29,22,0,607,141,2628,0.0513700008392334,211,0.0142200005054474,4.86089405819495,4.32944737434183,145.259743928746,1171.00943646854,184
"313",2021-01-07,11609,1631,395,188,124.3,115,2,8,104,6,9,33,24,0,613,106,2310,0.0489200019836426,91,0.0109899997711182,4.74824217248589,4.55807834160342,86.2854200747267,1204.56151077245,115
"314",2021-01-08,11742,1663,395,186,138.1,133,6,14,112,0,11,31,20,0,613,118,2661,0.0368300008773804,249,0,3.36785678126148,4.5146946716536,110.117083855777,1354.59924111997,133
"315",2021-01-09,11842,1674,397,153,140.9,100,6,2,92,4,11,31,20,2,617,98,3018,0.0324699997901916,375,0.00266999989748001,2.91764542671245,4.57392445850549,84.2555257876963,1405.05867518983,100
"316",2021-01-10,11934,1658,397,120,142.7,92,5,3,82,5,11,35,24,0,622,87,1822,0.0510400009155273,78,0,4.89446745621531,4.45627488138106,66.552622700561,1211.15228089115,92
"317",2021-01-11,12098,1709,397,66,135.7,164,2,26,134,3,13,35,22,0,625,136,1615,0.0340599989891052,115,0,3.17958950100607,4.21335676999926,138.188895736618,1409.78546186676,164
"318",2021-01-12,12239,1737,398,160,143.6,141,2,22,115,4,13,36,23,1,629,117,2216,0.0703999996185303,74,0.0135099995136261,6.85616328029133,4.4035512394525,94.8290654864923,1081.23151068408,141
"319",2021-01-13,12328,1725,402,172,149.3,89,1,9,76,2,11,35,24,4,631,77,2528,0.0375799989700317,173,0.0115600001811981,3.59134088958117,4.2221865010791,70.7729094797496,1383.87362146192,89
"320",2021-01-14,12419,1711,402,130,141,91,2,14,74,9,10,42,32,0,640,76,2582,0.0336899995803833,146,0,3.18869424180901,3.99939393955383,76.6556924148726,1410.57749634009,91
"321",2021-01-15,12514,1679,404,144,135,95,7,7,79,5,11,42,31,2,645,86,2921,0.0373200011253357,207,0.00483000010251999,3.51699275282376,4.02069907834844,76.3451970511232,1353.84402149809,95
"322",2021-01-16,12575,1630,405,119,130.1,61,1,1,57,2,9,40,31,1,647,58,2471,0.0323799991607666,289,0,2.89894847558892,4.0180280853308,49.7415547197818,1369.80576195249,61
"323",2021-01-17,12654,1569,407,74,123.6,79,2,3,71,2,9,40,31,2,649,73,2038,0.026010000705719,32,0,2.56079137382876,3.684645787847,65.7064155384008,1347.75843807878,79
"324",2021-01-18,12776,1591,408,64,123.3,122,2,45,73,7,10,44,34,1,656,75,1023,0.0400799989700317,48,0,3.82836964951844,3.77732866620591,104.189532855033,1255.6072902981,122
"325",2021-01-19,12850,1532,415,81,112,74,3,24,47,8,9,46,37,7,664,50,2337,0.0410799980163574,88,0,3.95892599440113,3.36343762536445,63.1002393370053,1198.03133328584,74
"326",2021-01-20,12911,1490,415,166,111.1,61,1,8,50,2,7,38,31,0,666,51,3062,0.0222099995613098,163,0.00612999975681305,2.13972739897957,3.15606426956423,52.9910554283583,1314.444560554,61
"327",2021-01-21,12982,1459,417,81,104.1,71,1,9,60,3,7,38,31,2,669,61,2636,0.0242799997329712,117,0,2.32481217929938,3.03265254634857,62.1911463918572,1272.22758337245,71
"328",2021-01-22,13060,1427,418,94,97,78,2,3,72,5,6,38,32,1,674,74,2310,0.0307399988174438,111,0.00901000022888184,2.97437039627019,2.95513506684091,64.8801751478378,1193.28391805358,78
"329",2021-01-23,13109,1363,418,84,92,49,1,4,41,4,9,40,31,0,678,42,2120,0.0330200004577637,277,0,2.92041722863826,2.95820203156225,39.2459578548477,1143.81525133708,49
"330",2021-01-24,13155,1279,419,44,87.7,46,2,9,35,2,8,38,30,1,680,37,1247,0.0224499988555908,36,0,2.18200690357925,2.90408996438374,41.5544303542774,1125.32747089516,46
"331",2021-01-25,13219,1222,419,29,82.7,64,1,18,44,4,7,39,32,0,684,45,825,0.0206100010871887,48,0,1.94768051511234,2.63542008804002,58.1738612079505,1090.94351991368,64
"332",2021-01-26,13281,1158,420,74,81.7,62,1,19,40,8,5,41,36,1,692,41,2352,0.0242300009727478,79,0,2.34426006943245,2.4047535273302,54.7075200561193,1008.51971280454,62
"333",2021-01-27,13359,1118,422,80,69.4,78,0,27,50,1,4,31,27,2,693,50,2800,0.0196399998664856,175,0.00570999979972839,1.88205880978528,2.36794372887388,71.8182939995969,1002.13705383099,78
"334",2021-01-28,13397,1057,422,67,67.4,38,1,3,33,3,5,31,26,0,696,34,2355,0.0208100008964539,209,0.0287100005149841,2.14539556235493,2.3423127835961,32.9834251083931,932.13177469328,38
"335",2021-01-29,13424,951,422,73,64.4,27,1,3,23,3,4,32,28,0,699,24,2848,0.0122899997234344,180,0.00555999994277954,1.18899336862753,2.08725892250429,25.4286958837314,888.737074392855,27
"336",2021-01-30,13443,854,423,41,58.3,19,1,6,12,2,5,34,29,1,701,13,2154,0.0157799994945526,216,0,1.43418223254288,1.87493963734781,17.9733621676622,786.557791629504,19
"337",2021-01-31,13485,795,424,25,55.6,42,4,5,33,4,6,33,27,1,705,37,922,0.0195200002193451,24,0,1.90247782264653,1.83500691150028,38.1239363422066,711.717010596061,42
"338",2021-02-01,13529,708,424,27,55.3,44,6,7,29,4,5,30,25,0,709,35,547,0.0292499995231628,29,0,2.77773432971703,1.95358602787238,36.6466168866297,599.708707306681,44
"339",2021-02-02,13572,646,425,59,53.1,43,5,5,31,3,5,28,23,1,712,36,2440,0.0221300005912781,108,0.0277800011634827,2.23694825621565,1.9382557688414,36.565669966357,566.428411062962,43
"340",2021-02-03,13635,631,425,54,49.4,63,4,23,35,2,4,27,23,0,714,39,2866,0.0132599997520447,212,0,1.23467054221443,1.845771730617,59.3485388529821,588.100718364915,63
"341",2021-02-04,13717,633,425,51,47.1,82,3,43,33,2,5,26,21,0,716,36,2815,0.0131400001049042,90,0,1.27329088796232,1.72118534856091,76.4759398165038,588.618608440191,82
"342",2021-02-05,13773,629,427,72,47,56,1,8,46,2,5,22,17,2,718,47,2434,0.0156099998950958,149,0,1.47095391965402,1.76146542727898,51.1931435567107,578.052921216405,56
"343",2021-02-06,13798,598,427,61,49.9,25,1,4,19,3,6,22,16,0,721,20,2371,0.0151800000667572,205,0.0146300005912781,1.51362306985611,1.77281411832372,22.3330702095719,548.158799266199,25
"344",2021-02-07,13823,553,429,33,51,25,1,2,19,3,4,24,20,2,724,20,1005,0.0258699989318848,75,0,2.40734712282817,1.84493830406396,19.3488256654775,479.695029650452,25
"345",2021-02-08,13872,552,431,24,50.6,49,1,7,40,2,5,22,17,2,726,41,852,0.0140799999237061,28,0,1.36319999261336,1.64286197019201,44.9223941001771,510.56491569019,49
"346",2021-02-09,13926,571,431,42,48.1,54,5,7,39,0,2,20,18,0,726,44,2242,0.0174000000953674,149,0,1.63156839037281,1.55637913221446,47.0469934554829,519.700755979108,54
"347",2021-02-10,13981,586,432,41,46.3,55,0,5,49,3,4,21,17,1,729,49,2792,0.0125399994850159,100,0,1.21063895443168,1.55294604824549,50.733517783904,546.935539211587,55
"348",2021-02-11,14039,611,433,51,46.3,58,1,11,44,1,3,17,14,1,730,45,2565,0.0155900001525879,58,0,1.52452727378528,1.58883696050592,52.2223885496291,559.708431196075,58
"349",2021-02-12,14090,614,435,52,43.4,51,0,8,42,3,2,17,15,2,733,42,2613,0.0156900000572205,173,0,1.47157107500061,1.58892512555543,46.5967009909828,564.24700972532,51
"350",2021-02-13,14125,615,435,45,41.1,35,0,4,30,6,2,21,19,0,739,30,2098,0.0214499998092651,46,0.0217400002479553,2.14562218336027,1.67921071319888,30.4555889695973,542.339573876744,35
"351",2021-02-14,14165,587,437,49,43.4,40,0,4,34,4,2,21,19,2,743,34,1174,0.017039999961853,10,0,1.68960810432563,1.57667656769852,34.8367430195294,532.387298601876,40
"352",2021-02-15,14226,608,438,34,44.9,61,2,8,50,4,2,23,21,1,747,52,867,0.0253699994087219,26,0,2.46313432109316,1.73381004319563,52.9472090149096,525.536597712789,61
"353",2021-02-16,14279,605,438,61,47.6,53,4,13,33,3,2,24,22,0,750,37,1560,0.0333299994468689,23,0,3.28457353993149,1.96995363598973,43.3080869706182,495.578178843892,53
"354",2021-02-17,14336,621,439,50,48.9,57,5,6,43,2,2,25,23,1,752,48,2062,0.0184300005435944,222,0,1.66386432228072,2.03470011711102,49.6022683935906,564.104347342079,57
"355",2021-02-18,14407,637,439,68,51.3,71,3,12,52,3,3,26,23,0,755,55,2348,0.0212899994850159,116,0,2.02877105482213,2.10673494297343,60.8558005717383,565.838999349042,71
"356",2021-02-19,14463,644,440,58,52.1,56,2,17,34,1,3,26,23,1,756,36,2576,0.0151400005817413,97,0.0103100001811981,1.49647255952645,2.11029229790569,50.0335240447372,590.933041244744,56
"357",2021-02-20,14510,622,440,66,55.1,47,0,3,43,4,3,26,23,0,760,43,2385,0.0259999990463257,68,0,2.52792489708466,2.16490697129489,40.0144757198175,535.418695295965,47
"358",2021-02-21,14550,608,440,53,55.7,40,0,7,32,2,4,24,20,0,762,32,1001,0.0299699997901916,28,0,2.91544895918191,2.34002709341722,33.8628174933988,510.393532374577,40
"359",2021-02-22,14616,626,440,32,55.4,66,0,11,54,1,6,23,17,0,763,54,863,0.0150600004196167,66,0,1.39900757396439,2.18800898668453,60.8400951260585,577.775917572456,66
"360",2021-02-23,14667,628,440,47,53.4,51,0,6,44,3,6,25,19,0,766,44,2036,0.0191600000858307,84,0,1.84008302711091,1.98165319913874,45.5417987431332,564.36930933381,51
"361",2021-02-24,14717,637,441,60,54.9,50,2,10,38,1,6,24,18,1,767,40,2875,0.0187800002098083,41,0,1.8515946708916,2.00847182036886,45.9217345742483,572.053623094904,50
"362",2021-02-25,14749,631,441,43,51.3,32,1,4,25,1,6,23,17,0,768,26,2378,0.0189199995994568,127,0,1.79607820548935,1.9752299847499,27.428608730812,568.594311890091,32
"363",2021-02-26,14814,633,441,56,51,65,6,13,41,1,6,21,15,0,769,47,2639,0.0181900000572205,181,0,1.70224858691506,2.00462656009113,55.5945486023778,573.66700564479,65
"364",2021-02-27,14858,635,442,70,51.6,44,0,6,32,3,6,23,17,1,772,32,2534,0.0209200000762939,47,0.0212800002098083,2.09265556773304,1.94244522732661,34.3126250106205,561.828652554501,44
"365",2021-02-28,14925,649,442,50,51.1,67,2,9,53,7,6,28,22,0,779,55,1553,0.0257599997520447,94,0,2.42897872586068,1.87294947970929,56.643758563481,562.196351049076,67
"366",2021-03-01,14994,654,442,55,54.4,69,3,5,59,3,6,29,23,0,782,62,991,0.0302699995040894,45,0,2.89551829233133,2.08673672519028,57.1147518370646,549.726575829682,69
"367",2021-03-02,15059,663,443,63,56.7,65,2,8,54,3,4,29,25,1,785,56,1983,0.0252099990844727,41,0,2.46993222255481,2.17671518168227,56.3837246435351,572.828739976138,65
"368",2021-03-03,15122,677,443,65,57.4,63,1,5,54,6,5,32,27,0,791,55,2613,0.0195200002193451,108,0,1.87452262304846,2.17999060341896,54.3229469873289,607.120638371303,63
"369",2021-03-04,15175,668,443,61,60,53,2,3,47,1,5,31,26,0,792,49,2381,0.0201600003242493,223,0.00448000013828278,1.88172046093988,2.19222521134047,46.9228410346258,598.784853288368,53
"370",2021-03-05,15231,654,444,51,59.3,56,2,8,43,2,2,28,26,1,794,45,2400,0.0183299994468689,152,0,1.72382439939206,2.19530747026575,48.7285521213382,591.921624163449,56
"371",2021-03-06,15277,658,445,46,55.9,46,3,2,39,0,2,26,24,1,794,42,1942,0.0205999994277954,23,0,2.03588798416177,2.18719781546986,39.2916065851832,584.235169834538,46
"372",2021-03-07,15314,646,446,55,56.6,37,0,0,35,2,5,25,20,1,796,35,1739,0.0189800000190735,16,0.0625,1.93767635516631,2.11701176251352,31.2656169929754,577.07395935606,37
"373",2021-03-08,15383,674,447,39,54.3,69,1,9,53,6,4,29,25,1,802,54,1161,0.0206699991226196,140,0,1.84457102085791,1.96687643801731,57.5152262769713,605.541898345901,69
"374",2021-03-09,15449,690,447,69,55.1,66,1,9,54,1,3,27,24,0,803,55,2080,0.0307699990272522,57,0,2.99492737373348,2.04187574532855,54.9297645914059,576.20977396491,66
"375",2021-03-10,15515,699,447,77,56.9,66,1,8,53,0,2,24,22,0,803,54,2618,0.0183299994468689,186,0,1.71141007674404,2.01857395299935,56.911176142252,633.128002285818,66
"376",2021-03-11,15573,695,450,73,58.6,58,1,4,50,1,2,20,18,3,804,51,2285,0.0280100011825562,85,0,2.70054230810721,2.13554850259468,47.4161325173812,591.651217638822,60
"377",2021-03-12,15640,684,450,97,65.1,67,1,6,55,2,2,17,15,0,806,56,2329,0.0236199998855591,133,0,2.23440210127811,2.20848817429269,55.1100045964843,599.843627571344,65
"378",2021-03-13,15687,682,450,57,66.7,47,3,2,36,4,4,21,17,0,810,39,2323,0.0193700003623962,94,0,1.86166780479299,2.18359957724001,37.0020591046016,612.087289983033,48
"379",2021-03-14,15752,703,450,66,68.3,65,3,6,53,2,3,22,19,0,812,56,1531,0.0346199989318848,36,0,3.38246447764618,2.38999788045142,51.5698430062313,572.064279167511,61
"380",2021-03-15,15841,733,451,60,71.3,89,1,6,78,4,5,24,19,1,816,79,993,0.037260000705719,13,0,3.67785096429214,2.65189501522773,69.0010753905997,584.554281788729,73
"381",2021-03-16,15921,743,452,85,73.6,80,2,6,68,5,6,27,21,1,821,70,1555,0.0334400010108948,8,0,3.32688429762901,2.6993174329271,63.1765373466236,606.888103550591,67
"382",2021-03-17,15994,758,453,78,73.7,73,1,7,62,3,5,27,22,1,824,63,2810,0.0313199996948242,173,0,2.95035867054831,2.87631008918485,59.7650685274735,634.855903870237,63
"383",2021-03-18,16084,793,453,67,72.9,90,3,3,82,1,5,23,18,0,825,85,2540,0.032279999256134,159,0,3.0378361656384,2.92449492597502,73.7815305929818,660.350044238054,72
"384",2021-03-19,16201,840,455,115,75.4,117,1,5,106,2,4,24,20,2,827,107,2581,0.0402899980545044,94,0,3.88741999920284,3.16064033996427,89.0958163991355,660.19145584368,84
"385",2021-03-20,16257,849,456,87,79.7,56,0,2,53,5,5,28,23,1,832,53,1980,0.0545499992370605,150,0.00666999995708466,5.1178168301851,3.62580448644885,40.0641417991517,609.744460141129,56
"386",2021-03-21,16316,852,457,86,82.6,59,3,2,54,2,5,28,23,1,834,57,1301,0.0499599981307983,85,0,4.6896073281507,3.81253917937807,44.2809117397202,631.988364951608,59
"387",2021-03-22,16444,908,457,54,81.7,128,1,1,126,4,8,30,22,0,838,127,1124,0.078289999961853,128,0,7.0285910508884,4.29121633460611,78.8479574214875,556.582246761501,91
"388",2021-03-23,16483,867,458,136,89,39,0,1,38,3,9,29,20,1,841,38,1886,0.0371199989318848,150,0,3.43852249437793,4.30716464842738,31.8050953895587,702.842571124931,72
"389",2021-03-24,16483,817,459,82,89.6,0,0,0,0,0,8,27,19,1,841,0,NA,NA,NA,NA,NA,NA,NA,NA,70
