"","date","observed_cumulative_cases","observed_active_cases","observed_cumulative_deaths","observed_new_cases","observed_daily_average_cases","observed_new_episodes","observed_new_cases_community_outbreak","observed_new_cases_institution_outbreak","observed_new_cases_sporadic","observed_new_ICU_p_acute_care","observed_census_ICU","observed_census_ICU_p_acute_care","observed_census_acute_care","observed_new_deaths","cumulative_hosp","observed_new_community_cases","num_non_ltch_tests","non_ltch_pct_positivity","num_ltch_tests","ltch_pct_positivity","observed_pct_positivity","pct_positivity_7_day","adjusted_new_episodes","adjusted_active_cases","adjusted_episode_cases"
"1",2020-03-01,7,7,0,0,0,2,0,0,2,0,0,1,1,0,0,2,NA,NA,NA,NA,NA,NA,NA,NA,2
"2",2020-03-02,10,10,0,0,0,3,2,0,1,0,0,1,1,0,0,3,NA,NA,NA,NA,NA,NA,NA,NA,3
"3",2020-03-03,11,11,0,0,0,1,0,0,1,0,0,1,1,0,0,1,NA,NA,NA,NA,NA,NA,NA,NA,1
"4",2020-03-04,12,12,0,0,0,1,0,0,1,0,0,1,1,0,0,1,NA,NA,NA,NA,NA,NA,NA,NA,1
"5",2020-03-05,18,17,0,0,0,6,2,0,4,0,0,1,1,0,0,6,NA,NA,NA,NA,NA,NA,NA,NA,6
"6",2020-03-06,23,22,0,0,0,5,0,1,4,0,0,1,1,0,0,4,NA,NA,NA,NA,NA,NA,NA,NA,5
"7",2020-03-07,27,26,0,0,0,4,0,0,4,0,0,1,1,0,0,4,NA,NA,NA,NA,NA,NA,NA,NA,4
"8",2020-03-08,36,35,0,0,0,9,1,0,8,0,0,1,1,0,0,9,NA,NA,NA,NA,NA,NA,NA,NA,9
"9",2020-03-09,45,44,0,1,0.1,9,0,0,9,0,0,1,1,0,0,9,NA,NA,NA,NA,NA,NA,NA,NA,9
"10",2020-03-10,52,51,0,0,0.1,7,1,0,6,0,0,1,1,0,0,7,NA,NA,NA,NA,NA,NA,NA,NA,7
"11",2020-03-11,61,60,0,0,0.1,9,0,0,9,0,0,1,1,0,0,9,NA,NA,NA,NA,NA,NA,NA,NA,9
"12",2020-03-12,75,74,0,3,0.6,14,1,0,13,0,0,1,1,0,0,14,NA,NA,NA,NA,NA,NA,NA,NA,14
"13",2020-03-13,97,96,0,1,0.7,22,2,2,18,0,0,1,1,0,0,20,NA,NA,NA,NA,NA,NA,NA,NA,22
"14",2020-03-14,115,114,0,4,1.3,18,1,1,16,1,0,2,2,0,1,17,NA,NA,NA,NA,NA,NA,NA,NA,18
"15",2020-03-15,142,140,0,4,1.9,27,1,0,26,0,0,2,2,0,1,27,NA,NA,NA,NA,NA,NA,NA,NA,27
"16",2020-03-16,157,155,0,0,1.7,15,0,0,15,0,0,2,2,0,1,15,NA,NA,NA,NA,NA,NA,NA,NA,15
"17",2020-03-17,180,177,0,5,2.4,23,1,0,22,2,0,4,4,0,3,23,127,0,4,0,0,0,23,177,23
"18",2020-03-18,196,192,0,4,3,16,0,0,16,0,0,3,3,0,3,16,210,0.0190499997138977,1,0,1.89597153550641,0.947985767753204,15.6101875918382,187.322251102059,16
"19",2020-03-19,221,217,0,1,2.7,25,0,0,25,4,0,7,7,0,7,25,110,0.0272699999809265,9,0,2.52075630075791,1.47224261208811,24.1902056663418,209.970985183847,25
"20",2020-03-20,243,239,0,2,2.9,22,1,1,20,3,1,10,9,0,10,21,137,0.00730000019073486,4,0,0.709290798674238,1.28150465873464,21.8085975536834,236.821657872873,22
"21",2020-03-21,263,259,0,4,2.9,20,0,2,18,3,1,10,9,0,13,18,204,0.0147099995613098,3,0,1.44968111618705,1.31513995022512,19.664688189705,254.175235618533,20
"22",2020-03-22,289,285,0,7,3.3,26,0,1,25,3,5,13,8,0,16,25,159,0.0314499998092651,2,0,3.10593165818208,1.61360523488462,25.0022177642602,273.625282512566,26
"23",2020-03-23,311,307,0,9,4.6,22,2,0,20,4,5,17,12,0,20,22,138,0.0362299990653992,3,0,3.54591480214545,1.88964945877902,20.9975681870069,293.011519700505,22
"24",2020-03-24,329,323,1,8,5,18,1,3,14,3,7,20,13,1,23,15,253,0.0197599995136261,4,0,1.94524508830638,2.16754161425136,17.6250533739545,314.926149319153,18
"25",2020-03-25,352,346,1,8,5.6,23,0,1,22,4,8,23,15,0,27,22,153,0.0588199996948242,2,0,5.80610319568265,2.7261318514194,21.3586118455661,320.185440843903,23
"26",2020-03-26,366,356,1,19,8.1,14,1,3,10,2,7,25,18,0,29,11,274,0.025550000667572,3,0,2.5273285858898,2.72707074929538,13.642761499113,344.438463062203,14
"27",2020-03-27,383,364,1,27,11.7,17,3,2,12,5,9,26,17,0,34,15,577,0.0294600009918213,4,0,2.92571782655437,3.04370318184968,16.4360669334563,350.315224251872,17
"28",2020-03-28,408,386,2,26,14.9,25,1,1,23,3,8,25,17,1,37,24,367,0.0817399978637695,3,0,8.10772411243336,3.99485218131344,22.4995736472372,345.784809493066,25
"29",2020-03-29,427,398,2,11,15.4,19,5,4,10,7,8,31,23,0,44,15,184,0.0434800004959106,0,0,4.34800004959107,4.1722905229433,18.1619215704797,375.762985670061,19
"30",2020-03-30,452,408,3,48,21,25,8,3,14,4,12,32,20,1,48,22,549,0.0783199977874756,0,0,7.83199977874756,4.7845883767436,22.7858899111672,366.938321988919,25
"31",2020-03-31,469,405,3,51,27.1,17,2,3,12,6,13,34,21,0,54,14,943,0.064689998626709,0,0,6.4689998626709,5.43083905879567,15.836224952914,371.333650423584,17
"32",2020-04-01,496,407,3,37,31.3,27,6,4,16,3,15,33,18,0,57,22,575,0.0573899984359741,4,0.25,5.87206374795943,5.44026199483521,24.3399647658436,376.289348168106,27
"33",2020-04-02,513,403,6,32,33.1,17,5,4,7,6,14,34,20,3,63,12,107,0.0841100025177002,9,0,7.75842264602924,6.1875611462837,14.8036492009975,362.8225523335,17
"34",2020-04-03,540,408,6,26,33,27,3,4,19,5,14,37,23,0,68,22,217,0.110600004196167,2,0,10.9589958495745,7.33517229242944,22.901886624172,350.544079211918,27
"35",2020-04-04,557,416,7,18,31.9,17,3,7,6,7,14,43,29,1,75,9,315,0.0253999996185303,3,0,2.51603769806196,6.53635994751924,15.7090197472094,402.550246093236,17
"36",2020-04-05,584,427,8,40,36,27,4,8,13,4,13,43,30,1,79,17,422,0.0663500022888184,5,0.2,6.79149905524153,6.88543123404074,23.5163945177003,389.735321121059,27
"37",2020-04-06,603,426,9,40,34.9,19,3,7,9,4,12,44,32,1,83,12,238,0.117650003433228,4,0.25,11.9837606682265,7.47853993253773,17.1521009740524,360.399584578859,19
"38",2020-04-07,626,424,9,25,31.1,23,2,11,10,4,14,45,31,0,87,12,285,0.108769998550415,6,0,10.6527318167932,8.07621592598378,21.3573459706913,365.959557631092,23
"39",2020-04-08,646,427,11,26,29.6,20,1,10,8,5,16,44,28,2,92,9,368,0.0434800004959106,6,0.333330001831055,4.81300005173301,7.92492111223715,18.4433756009248,400.591264621655,20
"40",2020-04-09,682,435,11,25,28.6,36,1,20,13,6,16,47,31,0,98,14,295,0.0949199962615967,5,0,9.33379963239034,8.14997496743159,32.3208466011327,382.826305106622,36
"41",2020-04-10,716,451,11,36,30,34,0,20,13,4,16,49,33,0,102,13,331,0.090629997253418,8,0,8.84912362562872,7.84856464972504,31.5217513937327,399.716144505649,34
"42",2020-04-11,760,481,11,31,31.9,44,0,34,8,5,19,53,34,0,107,8,225,0.102220001220703,11,0.363639984130859,11.4404830932617,9.12348542046786,40.8239163453667,410.28797026517,44
"43",2020-04-12,793,496,13,35,31.1,33,0,18,14,1,18,49,31,2,108,14,227,0.101319999694824,12,0.5,12.1337405567887,9.88666277783175,29.8171363753939,418.664260156814,33
"44",2020-04-13,817,503,16,16,27.7,24,0,19,5,3,20,51,31,3,111,5,165,0.0606099987030029,26,0.0384599995613098,5.75948155737672,8.99748004771035,23.629952682965,465.773239906281,24
"45",2020-04-14,850,503,18,32,28.7,33,0,26,7,5,20,50,30,2,116,7,208,0.0673099994659424,18,0.166669998168945,7.52236276812258,8.55028446932883,32.3233623225758,454.378749750807,33
"46",2020-04-15,879,501,24,60,33.6,29,2,18,9,4,16,50,34,6,120,11,390,0.1,24,0.208330001831055,10.6280000106148,9.38099874916909,27.4977296531934,432.578414204534,29
"47",2020-04-16,949,550,24,21,33,70,1,55,13,7,13,52,39,0,127,14,310,0.0354800009727478,11,0,3.42641753942424,8.5370870216025,68.3835864402642,525.783753010377,70
"48",2020-04-17,981,554,26,73,38.3,32,0,26,6,0,13,49,36,2,127,6,378,0.0846599960327148,66,0.5,14.6399726352176,9.36435116582949,30.8712561973869,449.77932222539,32
"49",2020-04-18,1021,576,31,31,38.3,40,0,31,9,1,11,46,35,5,128,9,421,0.0617600011825562,8,0,6.06082995288022,8.59582928863213,39.2990638283488,531.140085014322,40
"50",2020-04-19,1038,579,35,38,38.7,17,0,13,4,5,15,47,32,4,133,4,452,0.0442500019073486,47,0.127659997940063,5.21062540386865,7.60681283821498,16.7321734004608,540.232099716706,17
"51",2020-04-20,1099,615,39,16,38.7,61,1,47,13,3,13,45,32,4,136,14,325,0.0523099994659424,43,0.0232599997520447,4.89155701515467,7.48282361789754,60.1200074019966,576.343182301994,61
"52",2020-04-21,1135,628,47,51,41.4,36,0,26,10,2,11,43,32,8,138,10,543,0.069980001449585,25,0.36,8.27449661745152,7.59027131065882,34.9367253831445,561.226354061476,36
"53",2020-04-22,1176,645,54,35,37.9,41,1,31,9,4,9,45,36,7,142,10,656,0.0243899989128113,122,0.106560001373291,3.7275269221524,6.60448944087848,40.521011978951,614.105272642337,41
"54",2020-04-23,1221,660,57,50,42,45,0,35,10,5,11,48,37,3,147,10,775,0.0361299991607666,105,0.0285700011253357,3.522795394063,6.61825770582687,44.5473200248843,630.123121642366,45
"55",2020-04-24,1262,667,65,38,37,41,0,36,5,7,10,48,38,8,154,5,517,0.0406199979782104,94,0.106379995346069,5.07369206501887,5.25164619579848,40.6740147325036,623.513565315983,41
"56",2020-04-25,1363,739,78,53,40.1,101,0,95,6,4,9,48,39,13,158,6,557,0.0502699995040894,28,0.0357100009918213,4.95731106864081,5.09400064090713,100.617790669028,691.924550735293,101
"57",2020-04-26,1417,758,87,88,47.3,54,0,41,13,5,9,50,41,9,163,13,358,0.0502799987792969,81,0.0123500001430511,4.32815252268233,4.96793308645194,53.27698089607,715.842424555468,54
"58",2020-04-27,1478,782,95,87,57.4,61,0,54,7,8,11,56,45,8,171,7,269,0.0632000017166138,80,0.1,7.16355314090805,5.29250396155957,60.3556373032275,710.015481589129,61
"59",2020-04-28,1499,778,103,65,59.4,21,0,14,7,7,13,61,48,8,178,7,503,0.0616300010681152,11,0.272730007171631,6.61477054788909,5.05540023733637,20.4050003811057,711.870042357179,21
"60",2020-04-29,1524,767,111,29,58.6,25,0,17,8,7,13,62,49,8,185,8,668,0.0314400005340576,74,0.148649997711182,4.31294072606172,5.13903078075198,24.5566289421544,724.491799829057,25
"61",2020-04-30,1544,757,122,30,55.7,20,0,10,10,2,11,56,45,11,187,10,603,0.0414599990844727,6,0.333330001831055,4.43355656139956,5.26913951894292,19.4302870165918,713.872727156,20
"62",2020-05-01,1567,741,135,42,56.3,23,0,16,7,6,11,57,46,13,193,7,516,0.031010000705719,55,0.0909099960327148,3.67797025323123,5.06975068868754,22.6691660151877,705.978859607729,23
"63",2020-05-02,1588,742,139,22,51.9,21,0,15,6,4,12,57,45,4,197,6,508,0.0511800003051758,28,0.0357100009918213,5.03718660126871,5.08116147906296,20.6116322550282,693.971855538492,21
"64",2020-05-03,1607,723,148,23,42.6,19,0,13,6,3,12,52,40,9,200,6,826,0.0205800008773804,231,0.0043299999833107,1.70286761786764,4.70612077837514,18.8687086842147,707.17939644787,19
"65",2020-05-04,1625,720,152,14,32.1,18,0,11,7,6,10,52,42,4,206,7,637,0.0109899997711182,24,0.125,1.51295459216373,3.89889241426881,17.8639095038559,706.002120396604,18
"66",2020-05-05,1650,720,156,29,27,25,0,24,1,3,9,50,41,4,209,1,923,0.0292499995231628,29,0.172409992218018,3.36109656871868,3.4340818458159,24.9568098359146,688.903081858508,25
"67",2020-05-06,1666,694,161,23,26.1,16,0,11,5,4,10,52,42,5,213,5,598,0.0167200005054474,149,0.0134200000762939,1.60617674881196,3.04740127763736,15.8968029690414,679.676252102952,16
"68",2020-05-07,1689,672,167,32,26.4,23,0,16,7,6,10,54,44,6,219,7,813,0.0356699991226196,234,0.0128199994564056,3.05631224063884,2.85065208895726,22.725084248163,645.60808782365,23
"69",2020-05-08,1702,639,173,16,22.7,13,0,8,5,4,8,54,46,6,223,5,715,0.00978999972343445,127,0.0472399997711182,1.54386339349022,2.54577968042283,12.9008066089043,626.323084617964,13
"70",2020-05-09,1719,623,179,12,21.3,17,0,12,5,5,6,51,45,6,228,5,1100,0.0154499995708466,164,0.0304900002479553,1.74013920637626,2.0747729097239,16.8881958665599,609.06920497336,17
"71",2020-05-10,1731,554,185,25,21.6,12,0,8,4,3,5,52,47,6,231,4,907,0.0176400005817413,316,0.0126600003242493,1.6353262984548,2.06512414980778,11.915944085843,542.358255889249,12
"72",2020-05-11,1751,535,188,14,21.6,20,0,14,6,1,5,51,46,3,232,6,517,0.00967000007629394,197,0.0152300000190735,1.12040616851561,2.00904580357234,19.9136165380474,527.29747464256,20
"73",2020-05-12,1774,518,193,13,19.3,23,0,17,6,4,6,51,45,5,236,6,835,0.0131700003147125,322,0.00310999989509583,1.03702422031165,1.67703546808562,22.9200452971462,511.097243986956,23
"74",2020-05-13,1795,500,195,21,19,21,0,15,6,2,7,47,40,2,238,6,1249,0.0144099998474121,224,0.0133899998664856,1.42548878340193,1.65122290159847,20.8900946285863,490.841219048862,21
"75",2020-05-14,1809,472,198,25,18,14,0,10,4,2,6,45,39,3,240,4,1046,0.0267700004577637,127,0.0236199998855591,2.6428951802461,1.59216332154237,13.8641549575722,455.970284993523,14
"76",2020-05-15,1829,458,201,17,18.1,20,0,12,8,1,5,44,39,3,241,8,1163,0.012039999961853,137,0.0146000003814697,1.23097846214588,1.54746547420746,19.8734551996857,450.755310182009,20
"77",2020-05-16,1845,438,207,19,19.1,16,0,6,10,1,4,42,38,6,242,10,967,0.0134399998188019,25,0.04,1.4109354662078,1.50043636846911,15.8186944854052,430.058818460748,16
"78",2020-05-17,1857,398,212,15,17.7,12,0,9,3,1,2,42,40,5,243,3,353,0.0254999995231628,10,0.1,2.7552341134095,1.66042319917693,11.8937855449682,383.908882299119,12
"79",2020-05-18,1872,390,213,26,19.4,15,0,8,7,2,1,43,42,1,245,7,376,0.0398900008201599,17,0.0588199996948242,4.07088557333133,2.08192025700774,14.6338232222632,369.598722383235,15
"80",2020-05-19,1884,353,219,23,20.9,12,0,8,4,0,1,40,39,6,245,4,359,0.0390000009536743,31,0.225809993743896,5.38490003805894,2.70304537382879,11.7232156690863,328.573782796867,12
"81",2020-05-20,1899,339,223,17,20.3,15,0,9,6,3,1,41,40,4,248,6,675,0.0296300005912781,36,0.0555600023269653,3.0942912071566,2.94144572007945,14.7614297437171,325.520780520017,15
"82",2020-05-21,1907,325,229,11,18.3,8,0,1,7,0,1,38,37,6,248,7,478,0.0209200000762939,36,0,1.94547860631683,2.8418147809467,7.8250039028648,316.875181204437,8
"83",2020-05-22,1914,309,233,7,16.9,7,0,3,4,1,1,36,35,4,249,4,514,0.00583999991416931,14,0,0.568515143159664,2.74717716394867,6.97077827213103,306.742621522122,7
"84",2020-05-23,1923,305,236,6,15,9,1,3,5,1,0,35,35,3,250,6,582,0.00859000027179718,43,0,0.799900825309753,2.65988650096323,8.93832754187658,301.864983378726,9
"85",2020-05-24,1933,302,237,8,14,10,0,3,7,1,1,36,35,1,251,7,332,0.0150600004196167,25,0.04,1.68064989896716,2.50637447032861,9.84882528545162,295.477890886627,10
"86",2020-05-25,1948,298,240,6,11.1,15,1,7,7,0,1,35,34,3,251,8,401,0.0174600005149841,8,0,1.71184846124906,2.16936916860257,14.8240216800224,291.444807580835,15
"87",2020-05-26,1954,288,243,16,10.1,6,0,2,4,1,1,35,34,3,252,4,1123,0.00800999999046326,41,0.0731699991226196,1.03051545990701,1.54731422886658,5.94703141561577,284.186261924335,6
"88",2020-05-27,1959,260,243,8,8.9,5,0,1,4,1,1,33,32,0,253,4,1150,0.00957000017166138,13,0.0769199991226196,1.03228376491871,1.25274173711831,4.94694052458417,256.551134097971,5
"89",2020-05-28,1963,235,244,4,7.9,4,0,2,2,1,1,31,30,1,254,2,1403,0.00284999996423721,88,0,0.268179071081476,1.01312751779898,3.99310778619568,234.190164877993,4
"90",2020-05-29,1970,225,247,7,7.9,7,0,3,4,2,1,32,31,3,256,4,1380,0.0065200001001358,37,0,0.634975309681539,1.0226218273021,6.96736221378396,223.164124525348,7
"91",2020-05-30,1973,207,248,15,9.1,3,1,1,1,0,1,31,30,1,256,2,1020,0.0127499997615814,119,0,1.1417910234252,1.07146328417574,2.97065592098011,203.962887821442,3
"92",2020-05-31,1977,192,249,10,9.4,4,0,1,3,3,1,34,33,1,259,3,1309,0.00535000026226044,11,0.0909099960327148,0.606300022701422,0.917984730423489,3.976627094524,190.504134049536,4
"93",2020-06-01,1988,182,250,5,9.3,11,0,5,6,0,1,31,30,1,259,6,763,0.00130999997258186,20,0,0.127653892602805,0.691671220616882,10.9901578682047,181.701455335544,11
"94",2020-06-02,1991,163,251,8,8.1,3,0,1,2,0,1,26,25,1,259,2,858,0.0104900002479553,9,0,1.03811075118174,0.692756262227556,2.9733205084914,160.825621442049,3
"95",2020-06-03,2001,154,251,8,8.1,10,0,7,3,0,0,22,22,0,259,3,1110,0.00449999988079071,141,0,0.399280564962245,0.602327233662347,9.98460770814145,153.209862351261,10
"96",2020-06-04,2008,144,254,8,8.7,7,0,2,5,0,0,20,20,3,259,5,1430,0.00559000015258789,21,0,0.550909732474203,0.642717328147022,6.96460398971685,142.980594903845,7
"97",2020-06-05,2012,135,256,15,9.9,4,0,1,3,1,0,21,21,2,260,3,1366,0.00952000021934509,29,0,0.932209340474939,0.685179332546079,3.96406326903686,133.382847106659,4
"98",2020-06-06,2015,126,257,2,8,3,0,0,3,0,0,21,21,1,260,3,1404,0.000710000023245811,68,0,0.0677201109128478,0.5317406307586,2.99738938530113,125.890354182647,3
"99",2020-06-07,2016,117,258,4,7.1,1,0,0,1,0,0,20,20,1,260,1,870,0.00230000004172325,22,0,0.22432735832951,0.477173107276898,0.997117388561439,116.662734461688,1
"100",2020-06-08,2019,109,258,0,6.4,3,0,0,3,0,0,19,19,0,260,3,701,0.0014300000667572,12,0,0.140593274445554,0.479021590397291,2.99458012008719,108.803077696501,3
"101",2020-06-09,2029,106,259,3,5.7,10,0,3,7,0,0,18,18,1,260,7,1338,0.00224000006914139,10,0,0.222338285794598,0.362482666770557,9.98000063730773,105.697152507803,10
"102",2020-06-10,2039,104,259,7,5.6,10,0,4,6,0,0,17,17,0,260,6,1281,0.00233999997377396,12,0,0.231828303666236,0.338560915156841,9.98212600750331,103.690184130057,10
"103",2020-06-11,2046,103,260,5,5.1,7,0,2,5,0,0,16,16,1,260,5,1529,0.00326999992132187,6,0,0.325721816267175,0.306391212841551,6.97907233784696,102.568890159647,7
"104",2020-06-12,2050,106,260,10,4.4,4,0,2,2,0,0,16,16,0,260,2,1596,0.00814999997615814,13,0,0.808415162333648,0.288706330249938,3.9792236951266,104.89885584171,4
"105",2020-06-13,2053,104,260,6,5,3,0,3,0,0,0,16,16,0,260,0,1479,0.00270000010728836,23,0.0434800004959106,0.332446083228058,0.326524326294968,3,103.555718301625,3
"106",2020-06-14,2056,101,260,1,4.6,3,0,1,2,0,0,16,16,0,260,2,768,0,13,0,0,0.294477560819324,3,101,3
"107",2020-06-15,2061,99,260,2,4.9,5,0,2,3,0,0,14,14,0,260,3,720,0.00555999994277954,17,0,0.543175028331244,0.351989239945851,4.97906056718002,98.3089987169405,5
"108",2020-06-16,2065,98,260,3,4.9,4,0,1,3,1,0,14,14,0,261,3,1250,0.000799999982118607,14,0,0.0791139222822989,0.331528616586951,3.99695015312864,97.900371668869,4
"109",2020-06-17,2068,88,260,8,5,3,0,0,3,1,1,6,5,0,262,3,1098,0.0091100001335144,26,0,0.889927059305944,0.425542724535481,2.96569325373762,86.9936687763034,3
"110",2020-06-18,2070,74,260,2,4.6,2,0,0,2,0,1,6,5,0,262,2,1304,0.00230000004172325,122,0,0.210322584460527,0.409057119991674,1.99459470042113,73.8000039155818,2
"111",2020-06-19,2073,72,260,5,3.9,3,0,0,3,0,1,5,4,0,262,3,1875,0.0010700000077486,19,0,0.105926611115556,0.308701612674804,2.99591652222283,71.901996533348,3
"112",2020-06-20,2079,72,261,1,3.1,6,0,0,6,1,1,5,4,1,263,6,1792,0.000560000017285347,158,0,0.0514625656910432,0.268561110169516,5.9960322294626,71.9523867535512,6
"113",2020-06-21,2085,76,261,1,3.1,6,0,0,6,0,1,4,3,0,263,6,1102,0.00363000005483627,86,0,0.336722227308887,0.316664285499357,5.97403867228804,75.6711565156485,6
"114",2020-06-22,2087,75,262,6,3.7,2,0,1,1,0,1,1,0,1,263,1,509,0.0039300000667572,10,0,0.385427752211834,0.294128960339441,1.99504724499259,74.6285433744445,2
"115",2020-06-23,2096,80,262,4,3.9,9,0,0,9,0,1,1,0,0,263,9,1255,0.00158999994397163,20,0,0.156505876837992,0.305184953847398,8.98190006467685,79.8391116860165,9
"116",2020-06-24,2098,74,263,3,3.1,2,0,0,2,1,1,2,1,1,264,2,1733,0.00289000004529953,24,0,0.285052366448724,0.218774283439223,1.99267414177002,73.7289432454907,2
"117",2020-06-25,2104,72,263,6,3.7,6,0,0,6,0,1,2,1,0,264,6,1796,0.00277999997138977,21,0.0476200008392334,0.32982388366758,0.235845897611659,5.97457053548393,71.6948464258071,6
"118",2020-06-26,2108,66,263,6,3.9,4,0,0,4,0,1,2,1,0,264,4,2028,0.00196999996900558,23,0,0.194790830674955,0.248540786120145,3.98998773433946,65.8347976166011,4
"119",2020-06-27,2111,68,263,3,4.1,3,0,0,3,0,1,1,0,0,264,3,1574,0.000640000030398369,80,0,0.0609044768952257,0.249889630577885,2.99765212843768,67.9467815779206,3
"120",2020-06-28,2113,67,263,2,4.3,2,0,0,2,0,1,1,0,0,264,2,880,0.00114000000059605,12,0,0.112466367771807,0.217853079215445,1.99710960945106,66.9031719166104,2
"121",2020-06-29,2117,68,263,1,3.6,4,0,0,4,2,1,3,2,0,266,4,854,0.00351000010967255,8,0,0.347742470262222,0.212469467508358,3.9821260067445,67.6961421146565,4
"122",2020-06-30,2120,67,263,10,4.4,3,0,0,3,0,1,3,2,0,266,3,1605,0.00435999989509583,11,0,0.433032167798812,0.251973223359904,2.98330658164759,66.6271803234629,3
"123",2020-07-01,2122,66,263,4,4.6,2,0,0,2,0,2,3,1,0,266,2,1601,0.00312000006437302,15,0,0.309103966773589,0.255409166263456,1.99205601459437,65.7378484816143,2
"124",2020-07-02,2128,65,263,4,4.3,6,0,1,5,0,1,3,2,0,266,5,1012,0.00197999998927116,12,0,0.195679686439689,0.236245709516614,5.98742755884468,64.8365582649809,6
"125",2020-07-03,2136,73,263,4,4,8,0,0,8,0,1,3,2,0,266,8,1334,0.00300000011920929,14,0,0.296884284794154,0.2508304886765,7.96948024381334,72.7215072247968,8
"126",2020-07-04,2139,73,263,4,4.1,3,0,0,3,0,1,3,2,0,266,3,1257,0.00317999988794327,40,0,0.308192741645697,0.286157383640853,2.98811914967976,72.7108993088741,3
"127",2020-07-05,2141,70,263,5,4.6,2,0,0,2,0,1,2,1,0,266,2,734,0.00272000014781952,47,0,0.255631255889824,0.306609510514855,1.99343026559249,69.7700592957371,2
"128",2020-07-06,2147,70,263,0,4.4,6,0,1,5,0,1,2,1,0,266,5,602,0,10,0,0,0.256932014763109,6,70,6
"129",2020-07-07,2154,71,263,6,3.9,7,0,1,6,0,1,1,0,0,266,6,1272,0.0039300000667572,21,0,0.386617175940848,0.250301301640543,6.97019176523068,70.6472692218964,7
"130",2020-07-08,2167,77,263,5,4,13,0,1,12,0,1,1,0,0,266,12,1684,0.00296999990940094,39,0,0.29027741424441,0.247611794136374,12.9552391468849,76.7127845258449,13
"131",2020-07-09,2175,81,263,5,4.1,8,0,0,8,1,0,2,2,0,267,8,1504,0.00266000002622604,41,0,0.258941102876632,0.256649139341652,7.97338080952322,80.7304806964226,8
"132",2020-07-10,2191,94,263,12,5.3,16,0,0,16,0,0,2,2,0,267,16,1900,0.00684000015258789,14,0.0714300012588501,0.73124453017455,0.318700602967423,15.8496558698671,93.1167282354692,16
"133",2020-07-11,2198,99,263,7,5.7,7,0,0,7,1,1,2,1,0,268,7,1571,0.00381999999284744,25,0,0.376016290022765,0.328389681307004,6.9661772774064,98.5216500661762,7
"134",2020-07-12,2221,119,263,9,6.3,23,0,2,21,1,1,3,2,0,269,21,1068,0.00842999994754791,13,0,0.832862159480219,0.410851238962775,22.7752517654719,117.726426671007,23
"135",2020-07-13,2244,137,263,6,7.1,23,0,2,21,0,0,3,3,0,269,21,808,0.00619000017642975,65,0,0.572911814725686,0.492695783923587,22.8453994848556,135.991415686915,23
"136",2020-07-14,2263,147,263,4,6.9,19,0,2,17,1,0,4,4,0,270,17,1406,0.00356000006198883,66,0,0.340038049399205,0.486041622989067,18.9257185622532,146.357684038307,19
"137",2020-07-15,2284,167,263,15,8.3,21,0,0,21,1,0,5,5,0,271,21,1404,0.00782999992370606,46,0,0.758159992612641,0.552881991327386,20.7954101793556,165.373023807257,21
"138",2020-07-16,2306,185,263,7,8.6,22,0,1,21,0,0,5,5,0,271,21,1695,0.00708000004291534,25,0.04,0.75584884143846,0.623868811121932,21.7960338445567,183.203155297285,22
"139",2020-07-17,2336,212,263,17,9.3,30,0,0,29,0,1,5,4,0,271,29,1787,0.00726999998092651,21,0,0.718555860946664,0.622056144089377,28.7322297047333,210.042506807016,30
"140",2020-07-18,2362,231,263,16,10.6,26,0,0,24,2,1,6,5,0,273,24,1551,0.00708999991416931,81,0,0.673810653607635,0.664598196030073,23.7921964423445,228.999890757566,26
"141",2020-07-19,2380,249,263,28,13.3,18,0,0,18,0,1,6,5,0,273,18,2025,0.0212299990653992,22,0,2.10018310246377,0.845644045027723,17.5142268253515,242.280137750696,18
"142",2020-07-20,2410,274,263,47,19.1,30,0,0,27,2,3,8,5,0,275,27,1548,0.0148599994182587,35,0.0285700011253357,1.51631264301018,0.980415591925508,26.4739144371575,268.661205769672,30
"143",2020-07-21,2434,293,263,23,21.9,24,0,0,23,0,3,8,5,0,275,23,1428,0.0161099994182587,15,0,1.59425358068423,1.15958923925194,22.5288175559014,286.997545386048,24
"144",2020-07-22,2461,313,263,13,21.6,27,0,1,23,2,3,9,6,0,277,23,1771,0.00902999997138977,16,0,0.894914938406899,1.17912566007969,23.7355074418224,309.400601273496,27
"145",2020-07-23,2480,321,263,29,24.7,19,0,1,17,1,3,10,7,0,278,17,1667,0.0101999998092651,32,0,1.0007886805206,1.21411706566285,17.7813773423265,316.871889816871,19
"146",2020-07-24,2503,336,263,34,27.1,23,0,1,18,0,3,7,4,0,278,18,2036,0.0122800004482269,83,0,1.17989999587494,1.28002337065261,18.7270886685587,330.905655146429,23
"147",2020-07-25,2515,335,263,26,28.6,12,0,1,10,0,3,7,4,0,278,10,2126,0.00800000011920929,320,0,0.695339339878943,1.28309889726279,10.9106487434372,332.006732905145,12
"148",2020-07-26,2522,337,263,21,27.6,7,0,0,6,2,4,9,5,0,280,6,1816,0.0121099996566772,73,0,1.16420113163186,1.14938718714395,5.91023994067014,331.95847666764,7
"149",2020-07-27,2537,339,264,22,24,15,0,1,13,1,4,9,5,1,281,13,1601,0.00874000012874603,24,0,0.861091704992148,1.05578419599852,13.8561543869625,335.248949013869,15
"150",2020-07-28,2557,329,264,14,22.7,20,0,2,17,1,4,10,6,0,282,17,1488,0.00739000022411346,24,0,0.727269863325452,0.931929379232978,18.8411276291781,325.925352352917,20
"151",2020-07-29,2573,323,264,20,23.7,16,2,2,12,2,4,11,7,0,284,14,2254,0.00620999991893768,52,0,0.606996522865808,0.890798177012822,15.8908011405201,320.480626313428,16
"152",2020-07-30,2593,333,264,19,22.3,20,1,0,18,1,4,12,8,0,285,19,1891,0.00898999989032745,134,0,0.839510607042431,0.867758452230227,18.7950331380139,329.407686050455,20
"153",2020-07-31,2603,320,264,18,20,10,0,1,9,1,3,13,10,0,286,9,2129,0.00797999978065491,207,0,0.727286795077667,0.803099423544901,9.9158891396397,317.009391631634,10
"154",2020-08-01,2620,307,264,15,18.4,17,0,0,17,1,2,13,11,0,287,17,1629,0.00551999986171722,83,0.0120500004291534,0.583658283315251,0.787144986892945,16.8724996319851,304.697493354084,17
"155",2020-08-02,2628,292,264,2,15.7,8,0,0,8,0,2,13,11,0,287,8,1340,0.00149000003933907,11,0,0.147786828476266,0.641942943585003,7.98480748829187,291.445473322653,8
"156",2020-08-03,2637,278,264,10,14,9,0,1,7,0,1,12,11,0,287,7,1046,0.0114699995517731,47,0,1.09767790769942,0.675740972543185,7.9012637049129,274.078758566541,9
"157",2020-08-04,2649,266,264,20,14.9,12,0,1,11,1,1,11,10,0,288,11,1699,0.0058899998664856,12,0,0.584869069150148,0.655398001946712,11.917328617005,264.000855647575,12
"158",2020-08-05,2658,246,264,12,13.7,9,1,0,8,1,1,12,11,0,289,9,1599,0.005,70,0,0.479029358897543,0.637116978522675,8.9446001607792,244.485737727965,9
"159",2020-08-06,2668,222,264,12,12.7,10,0,0,10,1,2,10,8,0,290,10,1639,0.00305000007152557,10,0,0.303150401287472,0.560494091986252,9.96104510743304,221.135201385013,10
"160",2020-08-07,2680,223,264,6,11,12,0,3,9,1,2,10,8,0,291,9,1689,0,39,0,0,0.456595978403728,12,223,12
"161",2020-08-08,2686,206,264,14,10.9,6,1,1,4,0,1,10,9,0,291,5,1518,0.00725000023841858,95,0,0.682300084433937,0.470687664277826,5.95616214530036,204.193880386375,6
"162",2020-08-09,2688,197,264,16,12.9,2,0,1,1,2,2,12,10,0,293,1,1589,0.00441000014543533,102,0,0.414399185753799,0.508775143888902,1.99467496144082,195.950967403841,2
"163",2020-08-10,2700,198,264,8,12.6,12,2,0,10,0,1,12,11,0,293,12,1384,0.00578000009059906,27,0,0.566939767922686,0.432955409635084,11.9125777396662,196.557532704493,12
"164",2020-08-11,2713,202,264,8,10.9,13,2,1,10,0,1,12,11,0,293,12,1460,0.00342000007629395,41,0,0.332658235269098,0.396925290509219,12.9487040132104,201.136517555708,13
"165",2020-08-12,2720,185,264,12,10.9,7,3,0,4,0,2,10,8,0,293,7,1486,0.00268999993801117,7,0,0.267738774808078,0.366740921353581,6.97591685640179,184.36351691919,7
"166",2020-08-13,2742,188,264,11,10.7,22,0,0,22,0,2,9,7,0,293,22,1689,0.00532999992370605,56,0,0.515895121555274,0.397133024248982,21.8541562020322,186.75369845373,22
"167",2020-08-14,2753,183,264,6,10.7,11,4,1,6,1,2,10,8,0,294,10,1882,0.00477999985218048,36,0,0.469028139822923,0.464137044223685,10.9397297819165,181.897055009073,11
"168",2020-08-15,2757,175,264,2,9,4,0,0,4,1,2,11,9,0,295,4,2044,0.00734000027179718,21,0,0.726535620123653,0.470456406465073,3.96265600585348,173.36620025609,4
"169",2020-08-16,2761,157,264,26,10.4,4,0,1,3,0,2,11,9,0,295,3,1196,0.00501999974250793,22,0,0.492932651234769,0.481675472962354,3.9809974140987,156.005531337832,4
"170",2020-08-17,2784,171,265,8,10.4,23,1,4,18,1,1,9,8,1,296,19,1358,0.00662999987602234,32,0,0.647736678535132,0.493217888764132,22.8418548219893,169.576693397903,23
"171",2020-08-18,2810,190,265,15,11.4,26,1,1,24,0,1,7,6,0,296,25,1888,0.00583000004291534,77,0.0519500017166138,0.76372469278389,0.554798811266246,25.7546530267502,188.135363003302,26
"172",2020-08-19,2834,199,265,23,13,24,4,3,15,2,1,7,6,0,298,19,1519,0.0118499994277954,25,0.04,1.23057960691847,0.692347501567731,21.6995534799224,195.853218026556,24
"173",2020-08-20,2851,207,266,24,14.9,17,1,0,16,3,0,6,6,1,301,17,1607,0.00995999991893768,103,0,0.936007009925898,0.752363485620677,16.795528922245,204.510263935572,17
"174",2020-08-21,2872,214,266,16,16.3,21,3,2,16,0,0,6,6,0,301,19,1804,0.00721000015735626,116,0.00861999988555908,0.729518764093518,0.789576431945048,20.8218876919697,211.993892951659,21
"175",2020-08-22,2891,224,266,16,18.3,19,1,0,18,1,0,7,7,0,302,19,1864,0.00589999973773956,73,0,0.567764559171221,0.766894851808986,18.8613800480137,222.365743723951,19
"176",2020-08-23,2908,234,266,13,16.4,17,0,1,15,0,0,7,7,0,302,15,694,0.0172899997234344,5,0,1.71663230444399,0.941709087981732,15.6691185627039,228.838249578181,17
"177",2020-08-24,2927,250,266,19,18,19,2,0,17,1,1,8,7,0,303,19,1142,0.00962999999523163,58,0,0.91645499954621,0.980097419554743,18.7762471327549,247.055883325722,19
"178",2020-08-25,2941,252,266,23,19.1,14,0,1,13,4,2,11,9,0,307,13,1647,0.0145700001716614,73,0,1.3951622257399,1.0703027814056,13.7669377553113,247.482178026034,14
"179",2020-08-26,2959,260,266,15,18,18,1,4,13,0,2,11,9,0,307,14,1832,0.0049099999666214,41,0,0.480251998870817,0.96311312311308,17.9136025190193,258.395475353216,18
"180",2020-08-27,2972,263,266,16,16.9,13,1,3,9,1,2,9,7,0,308,10,1469,0.00612999975681305,9,0,0.609267228874044,0.916436011534243,12.9217090284408,260.940947447993,13
"181",2020-08-28,3000,273,266,20,17.4,28,0,3,21,1,1,9,8,0,309,21,2137,0.00607999980449677,35,0,0.598202559033591,0.897676553668539,23.838574765941,270.901471957233,28
"182",2020-08-29,3021,287,266,12,16.9,21,0,2,18,0,1,9,8,0,309,18,1790,0.00726000010967255,11,0.0909099960327148,0.777091068999096,0.927580340786807,19.8202585312034,284.13412213641,21
"183",2020-08-30,3041,301,267,16,17.3,20,0,6,12,2,1,10,9,1,311,12,1402,0.00428000003099442,33,0,0.418157494317364,0.742083939340146,17.9355200051274,299.382626795279,20
"184",2020-08-31,3061,309,267,13,16.4,20,1,3,16,1,1,11,10,0,312,17,1353,0.00517000019550324,54,0,0.497157801315983,0.682184339592971,19.8913956942936,307.025957031571,20
"185",2020-09-01,3086,313,267,18,15.7,25,1,2,22,0,1,11,10,0,312,23,1361,0.0154299998283386,22,0.0909099960327148,1.6630693911127,0.720456791789084,24.5084790086695,306.311040422328,25
"186",2020-09-02,3122,323,267,15,15.7,36,1,9,26,0,1,9,8,0,312,27,1528,0.00261999994516373,51,0,0.253537676770752,0.688069031489075,35.9120349540046,321.947677412722,36
"187",2020-09-03,3144,324,267,24,16.9,22,1,4,17,1,1,8,7,0,313,18,1493,0.00938000023365021,133,0.00751999974250793,0.922785997207461,0.732857426965278,21.7865592372119,320.158066269814,22
"188",2020-09-04,3166,328,267,24,17.4,22,0,3,19,3,1,11,10,0,316,19,2705,0.00813000023365021,258,0.00774999976158142,0.809691210614641,0.763070091476856,21.802313555987,324.587307703355,22
"189",2020-09-05,3191,335,267,17,18.1,25,1,11,13,2,1,13,12,0,318,14,2256,0.00398999989032745,164,0,0.371960320354493,0.705194270241913,24.9330842249924,333.398801098032,25
"190",2020-09-06,3212,337,267,26,19.6,21,1,3,16,1,1,14,13,0,319,17,1310,0.00611000001430511,192,0.03125,0.932363516560566,0.778652273419513,19.7963248447192,332.962439568846,21
"191",2020-09-07,3253,362,267,29,21.9,41,2,6,33,0,1,12,11,0,319,35,1290,0.0147300004959106,44,0,1.4244153403092,0.91111763613283,40.3593681152692,355.374035935071,41
"192",2020-09-08,3305,399,267,24,22.7,52,0,14,36,3,1,14,13,0,322,36,1097,0.0127600002288818,4,0,1.27136423715562,0.855159756996105,49.4118659074125,392.481513807155,52
"193",2020-09-09,3350,430,267,15,22.7,45,2,10,31,0,1,13,12,0,322,33,1587,0.0144900000095367,29,0,1.42299690687715,1.02222536129702,42.3965771392555,422.137217269087,45
"194",2020-09-10,3427,492,267,33,24,77,1,21,52,2,2,14,12,0,324,53,1959,0.0127600002288818,61,0,1.23746734892968,1.06717984011448,73.1572214340863,484.176470671141,77
"195",2020-09-11,3457,506,267,60,29.1,30,0,1,25,0,1,12,11,0,324,25,2314,0.0155599999427795,93,0.0752699995040894,1.78670335776785,1.20675300399351,25.4260205738201,494.382656414118,30
"196",2020-09-12,3506,531,269,47,33.4,49,0,4,42,1,0,12,12,2,325,42,1900,0.0168400001525879,26,0,1.66126688940379,1.39093965671484,45.1034127406953,519.664575364504,49
"197",2020-09-13,3541,544,270,31,34.1,35,1,5,29,1,1,11,10,1,326,30,1199,0.0166799998283386,44,0,1.6089557356539,1.48759568801389,34.379746513006,532.752736769175,35
"198",2020-09-14,3609,594,272,59,38.4,68,0,19,49,1,1,11,10,2,327,49,2394,0.0141999995708466,218,0.0412799978256226,1.6460121936674,1.51925238135077,66.9635866662556,581.436132239915,68
"199",2020-09-15,3682,643,273,41,40.9,73,0,15,55,1,1,11,10,1,328,55,2961,0.0121599996089935,28,0,1.20460886056306,1.5097158989804,69.1486412453345,633.046842195456,73
"200",2020-09-16,3759,683,274,41,44.6,77,0,7,67,1,0,11,11,1,329,67,1887,0.0190799999237061,162,0.00616999983787537,1.80592971350752,1.56442058564189,72.4451821788179,667.150140718398,77
"201",2020-09-17,3809,708,278,57,48,50,2,4,38,2,2,11,9,4,331,40,2512,0.0191100001335144,208,0.00481000006198883,1.80164707162801,1.6450176888845,43.0739518361739,691.608947500278,50
"202",2020-09-18,3897,776,278,47,46.1,88,1,6,78,0,2,11,9,0,331,79,2409,0.0128699994087219,281,0.0213499999046326,1.37558284568078,1.58628618715778,83.6035747082349,762.283214855573,88
"203",2020-09-19,3967,826,280,47,46.1,70,2,4,60,0,2,10,8,2,331,62,2101,0.0214199995994568,161,0,1.98954107685494,1.6331824996508,64.4149299384754,804.882776277107,70
"204",2020-09-20,4010,858,280,76,52.6,43,1,4,34,2,2,11,9,0,333,35,2847,0.0186199998855591,112,0,1.79152212484578,1.6592634123925,38.1942615591828,838.247897650825,43
"205",2020-09-21,4119,938,280,55,52,109,2,22,82,1,3,12,9,0,334,84,2949,0.0189900004863739,73,0,1.85312744653596,1.68885130565944,103.99973084514,915.663661104067,109
"206",2020-09-22,4228,1017,280,85,58.3,109,0,27,81,3,3,15,12,0,337,81,2507,0.0135599994659424,64,0.03125,1.4000357316654,1.71676943010263,106.542770339703,998.703672042932,109
"207",2020-09-23,4334,1076,281,67,62,106,0,26,75,2,3,16,13,1,339,75,1896,0.0168799996376038,7,0.571430015563965,1.89198578149472,1.7290631541008,99.1765956136788,1049.84022507091,106
"208",2020-09-24,4435,1130,282,38,59.3,101,2,18,75,2,3,18,15,1,341,77,2730,0.0128199994564056,55,0,1.25668217292594,1.65121102571479,93.7565737172533,1111.75231559086,101
"209",2020-09-25,4554,1193,284,57,60.7,119,5,16,86,3,3,20,17,2,344,91,3291,0.0133700001239777,59,0.0339000010490417,1.37315732745982,1.65086452311179,105.39429575858,1171.949393846,119
"210",2020-09-26,4640,1241,286,76,64.9,86,3,14,67,3,4,21,17,2,347,70,3437,0.0299699997901916,12,0,2.98657260883992,1.79329759910965,81.3135733867188,1193.37349389883,86
"211",2020-09-27,4722,1271,287,109,69.6,82,2,12,64,2,4,22,18,1,349,66,2684,0.0331599998474121,13,0,3.30001629923819,2.00879676687999,75.2012514346785,1217.10288747692,82
"212",2020-09-28,4837,1341,288,86,74,115,3,11,97,6,4,27,23,1,355,100,3135,0.0258400011062622,192,0.0104200005531311,2.49501182970644,2.10049453590435,107.793904366719,1298.0062575577,115
"213",2020-09-29,4944,1372,291,58,70.1,107,5,18,74,4,3,27,24,3,359,79,2165,0.0263299989700317,79,0.0253200006484985,2.62944419881239,2.27612431692535,94.3307151989893,1325.64229434194,107
"214",2020-09-30,5027,1401,291,107,75.9,83,1,10,67,5,5,30,25,0,364,68,3170,0.0305999994277954,281,0.0142299997806549,2.92670611777675,2.42394150782278,75.4426398613351,1348.31085949604,83
"215",2020-10-01,5128,1437,293,105,85.4,101,2,11,78,3,5,29,24,2,367,80,3844,0.0226300001144409,120,0.00833000004291534,2.21971040476944,2.56151696951471,88.7181338377166,1396.01197905998,101
"216",2020-10-02,5224,1487,294,115,93.7,96,0,13,79,1,5,29,24,1,368,79,3362,0.021710000038147,197,0,2.05082945007727,2.65832727274577,89.9180969563725,1447.81278701425,96
"217",2020-10-03,5297,1499,295,65,92.1,73,2,6,64,5,6,31,25,1,373,66,3113,0.0301999998092651,485,0.0103100001811981,2.75188853513406,2.62480097650208,69.666119379044,1445.99262044223,73
"218",2020-10-04,5354,1480,295,77,87.6,57,1,7,47,3,6,32,26,0,376,48,3118,0.0291899991035461,102,0,2.82653469580301,2.55716074743991,53.2565904457588,1426.24487207756,57
"219",2020-10-05,5432,1481,295,82,87,78,3,13,59,3,6,33,27,0,379,62,3821,0.0177999997138977,238,0.00839999973773956,1.72488294763206,2.447142335715,73.6257834272776,1448.17395573868,78
"220",2020-10-06,5508,1454,296,140,98.7,76,5,15,53,2,7,34,27,1,381,58,2158,0.0194599997997284,55,0,1.89763576899295,2.34259827431222,71.5856896650945,1418.54470298358,76
"221",2020-10-07,5609,1468,296,174,108.3,101,12,22,63,3,10,36,26,0,384,75,2268,0.0313100004196167,76,0,3.02948297575472,2.35728068259479,94.0803308353023,1410.85234221632,101
"222",2020-10-08,5689,1427,296,85,105.4,80,5,14,55,2,9,36,27,0,386,60,2434,0.0271199989318848,182,0,2.52332100153698,2.40065362499015,72.0545162115694,1380.72991056516,80
"223",2020-10-09,5773,1429,296,97,102.9,84,5,19,58,2,9,37,28,0,388,63,2508,0.0207299995422363,247,0.00810000002384186,1.95976547578285,2.38764448580523,80.4134691710107,1393.01345151388,84
"224",2020-10-10,5838,1414,297,67,103.1,65,5,7,51,6,9,43,34,1,394,56,2628,0.0300600004196167,21,0,2.98216991705371,2.42054182607947,60.8540268917522,1359.81417901674,65
"225",2020-10-11,5902,1378,297,140,112.1,64,6,6,48,5,10,46,36,0,399,54,2660,0.0233100008964539,238,0.0168099999427795,2.2776184393012,2.34212521800778,58.4195578872157,1337.66945867747,64
"226",2020-10-12,5964,1350,297,63,109.4,62,2,14,43,3,10,46,36,0,402,45,1994,0.0150499999523163,237,0.0126600003242493,1.47961093598233,2.30708635920068,58.1444135266426,1324.33240579928,62
"227",2020-10-13,6049,1372,298,74,100,85,4,10,68,1,7,45,38,1,403,72,2117,0.0302300000190735,18,0,2.9975133508374,2.4642117280356,79.2266959489785,1319.15315058331,85
"228",2020-10-14,6116,1377,300,84,87.1,67,1,16,49,2,7,45,38,2,405,50,3004,0.0296300005912781,110,0.0363599991798401,2.98677333609447,2.45811035094128,64.0809948801767,1324.15059900007,67
"229",2020-10-15,6202,1404,300,107,90.3,86,3,25,52,5,8,49,41,0,410,55,2119,0.021710000038147,105,0.00952000021934509,2.11344829603708,2.39955710729843,78.5063178860207,1365.8703693086,86
"230",2020-10-16,6277,1425,301,78,87.6,75,2,10,59,4,8,47,39,1,414,61,3126,0.0214299988746643,280,0.0035699999332428,1.99617664308598,2.40475870262745,69.4352942872262,1388.44744851307,75
"231",2020-10-17,6324,1407,302,64,87.1,47,1,10,36,6,8,49,41,1,420,37,3037,0.0214000010490417,149,0,2.03991849296735,2.2701513563294,46.0301191092433,1370.1183131542,47
"232",2020-10-18,6381,1374,305,74,77.7,57,1,11,40,2,6,47,41,3,422,41,1144,0.0271000003814697,37,0.0540500020980835,2.79443272769098,2.34398196895651,50.5277506229745,1324.66169160895,57
"233",2020-10-19,6445,1352,307,69,78.6,64,1,6,57,3,6,46,40,2,425,58,1334,0.0374799990653992,27,0,3.67364575703472,2.65741551482114,61.2620271783172,1288.17690939802,64
"234",2020-10-20,6523,1356,309,46,74.6,78,3,14,57,4,5,45,40,2,429,60,1595,0.0250799989700317,48,0.0208299994468689,2.49558358677117,2.58571126281168,72.0759017945876,1312.51538055768,78
"235",2020-10-21,6611,1378,312,69,72.4,88,1,46,40,4,4,44,40,3,433,41,2258,0.0305599999427795,446,0.00897000014781952,2.69989274913919,2.54472832181807,85.5775590950653,1330.19210812195,88
"236",2020-10-22,6677,1365,312,88,69.7,66,2,24,36,1,3,43,40,0,434,38,2238,0.0268099999427795,87,0.0114900004863739,2.62367354469915,2.61761764305551,60.7188580374764,1318.98003213567,66
"237",2020-10-23,6756,1367,313,92,71.7,79,1,13,64,2,3,36,33,1,436,65,2768,0.0245700001716614,65,0.0153799998760223,2.4359145946735,2.68043735042515,75.9653988875613,1324.21077352764,79
"238",2020-10-24,6821,1360,317,63,71.6,65,2,17,41,2,3,36,33,4,438,43,2358,0.0211999988555908,191,0,1.96114544140773,2.6691840573452,58.9163672503443,1325.72696419694,65
"239",2020-10-25,6891,1341,319,69,70.9,70,1,24,42,3,3,38,35,2,441,43,1751,0.0308400011062622,77,0,2.95409419787008,2.69199283879936,65.3677124853717,1290.09540564845,70
"240",2020-10-26,6964,1300,320,77,72,73,1,16,51,4,3,39,36,1,445,52,995,0.0392000007629395,121,0.0165299999713898,3.67420526484435,2.69207276848645,65.5448918823257,1238.62229705814,73
"241",2020-10-27,7042,1270,322,61,74.1,78,0,15,60,1,3,31,28,2,446,60,1354,0.0288000011444092,116,0,2.65273479928776,2.71452294170311,72.9547380044487,1226.70862109416,78
"242",2020-10-28,7154,1276,325,94,77.7,112,2,69,38,2,2,29,27,3,448,40,1900,0.0405299997329712,166,0.01807000041008,3.87253724882471,2.88204358451532,107.009512481608,1212.50344816331,112
"243",2020-10-29,7218,1261,326,65,74.4,64,0,18,42,9,2,37,35,1,457,42,2190,0.0292199993133545,96,0,2.79929127280168,2.90713183138712,58.4892199403446,1215.64062725654,64
"244",2020-10-30,7268,1230,328,122,78.7,50,1,9,36,4,2,40,38,2,461,37,2789,0.0358599996566772,105,0.0571400022506714,3.66320799166528,3.0824594595288,44.2583248094314,1172.1010679892,50
"245",2020-10-31,7307,1160,329,83,81.6,39,0,5,32,2,2,39,37,1,463,32,2352,0.0276399993896484,322,0,2.43116224997955,3.1496047178962,36.0003043890178,1123.76103410189,39
"246",2020-11-01,7357,1120,332,50,78.9,50,1,6,40,1,2,37,35,3,464,41,1714,0.0256699991226196,104,0,2.42015283257261,3.07332737999656,45.7249403198174,1085.1691014194,50
"247",2020-11-02,7421,1072,332,56,75.9,64,3,8,47,6,2,42,40,0,470,50,1030,0.0174800002574921,14,0.0714300012588501,1.82034677038704,2.80849045221695,56.8304252184083,1046.92431668267,64
"248",2020-11-03,7492,1000,333,36,72.3,71,1,36,33,1,2,43,41,1,471,34,1456,0.0219799995422363,13,0,2.17854862719511,2.74074957048943,69.0481904921215,972.005602709457,71
"249",2020-11-04,7557,924,337,53,66.4,65,5,1,51,1,1,40,39,4,472,56,1466,0.0272900009155273,295,0.0033899998664856,2.32863096551825,2.52019153001707,55.3243143180881,896.351186248454,65
"250",2020-11-05,7604,881,337,45,63.6,47,0,6,34,5,2,43,41,0,477,34,2536,0.0240499997138977,41,0,2.36673648717286,2.45839798921296,38.9659710767924,854.206485842767,47
"251",2020-11-06,7678,875,341,79,57.4,74,1,12,58,4,3,46,43,4,481,59,2342,0.0234800004959106,116,0.0258599996566772,2.35923194148077,2.27211569632945,69.2113452730372,848.473340913688,74
"252",2020-11-07,7713,841,346,75,56.3,35,3,4,25,3,4,46,42,5,484,28,2499,0.0276099991798401,142,0,2.61254782091709,2.2980279207491,31.0600037013923,812.76653974539,35
"253",2020-11-08,7750,779,346,47,55.9,37,1,5,29,1,4,47,43,0,485,30,1176,0.0204099988937378,92,0.0108700001239777,1.97178223268467,2.23397497790797,34.2398766614182,759.262130641494,37
"254",2020-11-09,7820,747,350,31,52.3,70,3,24,41,7,4,46,42,4,492,44,711,0.0210999989509583,20,0.1,2.3258685710166,2.30619237799791,66.6849516818525,724.674066053268,70
"255",2020-11-10,7887,756,350,51,54.4,67,0,11,54,3,5,47,42,0,495,54,1374,0.0334800004959106,17,0,3.30708272332,2.46741153458718,62.7052114102133,723.872959742986,67
"256",2020-11-11,7943,755,353,78,58,56,0,6,48,2,5,46,41,3,497,48,2375,0.0261100006103516,241,0.0290499997138977,2.63808491516186,2.51161924167912,52.3728264673977,729.405916310109,56
"257",2020-11-12,7985,745,355,58,59.9,42,1,8,31,3,3,43,40,2,500,32,2318,0.0215700006484985,214,0.00467000007629395,2.01416435701211,2.4612517945133,39.1717742131284,725.717868399395,42
"258",2020-11-13,8023,721,357,81,60.1,38,1,7,26,0,3,36,33,2,500,27,2719,0.0217000007629395,200,0,2.02131901591067,2.41297851943186,33.2987021792164,702.272750785742,38
"259",2020-11-14,8044,698,357,50,56.6,21,3,2,14,3,3,37,34,0,503,17,1710,0.015789999961853,245,0.0163300001621246,1.58576726212221,2.26629558246116,18.6535885546623,683.77675359731,21
"260",2020-11-15,8074,654,360,29,54,30,1,1,25,0,2,35,33,3,503,26,984,0.0152400004863739,306,0.00653999984264374,1.31762794034426,2.17284496926967,26.559779759263,642.926767790693,30
"261",2020-11-16,8118,615,363,11,51.1,44,0,3,39,3,2,33,31,3,506,39,735,0.0122399997711182,53,0,1.1416751055548,2.0036744742037,41.4278485514514,605.977611772887,44
"262",2020-11-17,8159,593,363,39,49.4,41,1,10,29,1,2,32,30,0,507,30,1828,0.020789999961853,38,0,2.03666237568421,1.82218585311287,39.214865323915,577.480504569387,41
"263",2020-11-18,8200,585,363,66,47.7,41,3,6,30,1,2,32,30,0,508,33,2684,0.0204900002479553,20,0.05,2.07082694768906,1.74114900061676,38.1218643450016,569.433049752301,41
"264",2020-11-19,8220,569,364,53,47,20,2,1,17,0,2,30,28,1,508,19,2476,0.0121200001239777,187,0.0160399997234344,1.23952685900304,1.63048650090118,19.6973690046248,559.936998085868,20
"265",2020-11-20,8245,526,364,28,39.4,25,1,2,20,1,2,30,28,0,509,21,2643,0.00757000029087067,222,0.0225200009346008,0.872842966012306,1.46641849377284,22.7644629265496,520.100357112624,25
"266",2020-11-21,8274,496,365,27,36.1,29,4,4,19,2,2,31,29,1,511,23,1495,0.0187300002574921,71,0,1.7880811229215,1.49532047388702,26.4715317287334,484.603466845729,29
"267",2020-11-22,8301,482,368,26,35.7,27,3,4,19,3,4,31,27,3,514,22,1220,0.0147500002384186,36,0,1.4327229530948,1.51176261856567,25.5949685349127,473.12612881036,27
"268",2020-11-23,8341,465,370,20,37,40,2,10,25,1,3,27,24,2,515,27,922,0.0173500001430511,13,0,1.71087701945381,1.5930771776941,36.4064102123775,454.777064768724,40
"269",2020-11-24,8385,475,370,21,34.4,44,2,7,34,1,3,23,20,0,516,36,1403,0.00855000019073486,41,0.0975599956512451,1.10772923056108,1.46037244267651,42.4875635897182,468.238686253226,44
"270",2020-11-25,8440,483,371,38,30.4,55,4,10,39,2,2,23,21,1,518,43,2618,0.0122200000286102,72,0.0138900005817413,1.22646989281736,1.33975000626627,52.3223129125142,475.387840389404,55
"271",2020-11-26,8485,498,372,60,31.4,45,3,4,37,3,2,23,21,1,521,40,3059,0.0143799996376038,224,0.00446000009775162,1.37031553193196,1.35843410239897,43.2956566232135,489.230924959008,45
"272",2020-11-27,8531,509,374,56,35.4,46,2,3,40,3,1,24,23,2,524,42,3154,0.0177600002288818,336,0.00298000007867813,1.63370546556817,1.46712874519267,44.118287666342,498.314486242097,46
"273",2020-11-28,8576,512,375,60,40.1,45,2,3,40,2,1,25,24,1,526,42,2597,0.0119400000572205,191,0,1.11220158352229,1.3705745252785,44.3997437883551,504.682590943757,45
"274",2020-11-29,8621,526,377,23,39.7,45,0,4,38,5,1,28,27,2,531,38,898,0.0245000004768372,12,0,2.41769235474723,1.51128443980027,40.8194388229446,509.658547917602,45
"275",2020-11-30,8665,533,378,45,43.3,44,1,7,35,1,1,25,24,1,532,36,1135,0.0229099988937378,61,0,2.17415123280873,1.57746647027955,41.9942359356302,518.109104269192,44
"276",2020-12-01,8718,553,378,34,45.1,53,2,11,39,3,1,27,26,0,535,41,1906,0.0141700005531311,113,0.0176999998092651,1.43675686145195,1.62447041754967,51.2430433650276,542.790316606348,53
"277",2020-12-02,8760,567,379,50,46.9,42,1,5,34,6,1,31,30,1,541,35,2859,0.0101400005817413,81,0.0123500001430511,1.0200888324757,1.59498740892943,39.5412142702705,559.567671178382,42
"278",2020-12-03,8798,566,380,40,44,38,0,6,31,3,1,33,32,1,544,31,3327,0.0102199995517731,202,0,0.963500666158941,1.53687099953329,36.6161888593419,558.992351431856,38
"279",2020-12-04,8840,569,382,54,43.7,42,1,5,32,2,1,31,30,2,546,33,2994,0.0110199999809265,165,0.0121200001239777,1.10774548791865,1.46173385986907,37.5302597299642,560.900538980291,42
"280",2020-12-05,8875,558,382,45,41.6,35,3,2,29,1,1,31,30,0,547,32,2277,0.0184500002861023,209,0,1.68988940673592,1.54426069175673,33.3051162986043,545.882965456913,35
"281",2020-12-06,8914,551,383,33,43,39,0,7,30,1,2,31,29,1,548,30,1397,0.0157500004768372,20,0,1.55276998349623,1.42070035300659,36.4014061571608,540.005826419854,39
"282",2020-12-07,8967,553,384,24,40,53,0,4,44,2,1,30,29,1,550,44,1068,0.0168499994277954,25,0.04,1.73795053878184,1.3583859681456,47.0173611004814,540.650015649232,53
"283",2020-12-08,9014,558,384,58,43.4,47,1,1,44,0,1,27,26,0,550,45,2367,0.01942999958992,69,0,1.88796424586785,1.4228441659193,44.9082828251235,544.462707031532,47
"284",2020-12-09,9069,569,386,39,41.9,55,2,3,48,1,3,24,21,2,551,50,2911,0.00962000012397766,167,0.00598999977111816,0.942305078709412,1.41173220109555,52.3945679611418,562.110183397794,55
"285",2020-12-10,9113,567,386,57,44.3,44,2,0,42,1,3,23,20,0,552,44,3091,0.0139100003242493,252,0.00397000014781952,1.3160709255012,1.46209938100158,43.2558922379751,557.411156793906,44
"286",2020-12-11,9152,551,386,49,43.6,39,6,2,30,1,2,23,21,0,553,36,3047,0.0118099999427795,32,0,1.16872587936503,1.47081086549392,37.459346492173,542.724997699649,39
"287",2020-12-12,9181,536,387,56,45.1,29,2,5,22,0,2,20,18,1,553,24,2616,0.0156700003147125,24,0,1.5527545766397,1.45122017548018,28.5211296772113,525.305229457718,29
"288",2020-12-13,9221,534,388,28,44.4,40,5,2,33,0,2,19,17,1,553,38,1502,0.0119799995422363,47,0,1.16165005244926,1.39534589961632,39.4327653183197,526.028859999545,40
"289",2020-12-14,9263,531,388,19,43.7,42,3,4,35,2,2,20,18,0,555,38,917,0.0174500000476837,20,0,1.70775347318313,1.39103203310222,41.1661025661669,519.347380595648,42
"290",2020-12-15,9311,541,389,51,42.7,48,2,7,38,1,1,20,19,1,556,40,2079,0.0134700000286102,49,0,1.31598355542672,1.30932050589635,46.3235833064535,531.851464219784,48
"291",2020-12-16,9365,557,389,54,44.9,54,3,4,46,0,1,18,17,0,556,49,2312,0.0168700003623962,94,0,1.62109064164007,1.4062898720293,51.9792785480765,545.397105128135,54
"292",2020-12-17,9403,553,390,60,45.3,38,1,5,30,1,0,17,17,1,557,31,3207,0.0134099996089935,83,0.0241000008583069,1.36796865706023,1.41370383368059,35.4550687621796,543.279129854365,38
"293",2020-12-18,9444,542,390,23,41.6,41,3,4,34,0,0,16,16,0,557,37,3298,0.00727999985218048,170,0.00587999999523163,0.72113724082124,1.34976259960291,40.6571347179327,536.977486949176,41
"294",2020-12-19,9483,539,390,46,40.1,39,1,7,28,3,0,19,19,0,560,29,2799,0.0117900002002716,140,0,1.12283805922287,1.28834595425765,35.5815736882882,531.223041999564,39
"295",2020-12-20,9527,534,390,24,39.6,44,5,2,34,0,0,16,16,0,560,39,1360,0.0161800003051758,51,0,1.55951810170369,1.34518424700828,40.2184461791396,523.29872460668,44
"296",2020-12-21,9601,554,390,28,40.9,74,7,8,59,1,0,15,15,0,561,66,1365,0.00658999979496002,32,0.03125,0.715486737302823,1.20343185616824,73.3931946699793,548.906512835887,74
"297",2020-12-22,9683,596,390,66,43,82,5,7,68,2,0,15,15,0,563,73,3021,0.0225099992752075,48,0,2.21579367254487,1.33197615861369,77.9214712238047,579.030093827228,82
"298",2020-12-23,9783,663,390,52,42.7,100,5,6,88,1,1,13,12,0,564,93,2652,0.0199800002574921,199,0.0150800001621246,1.96379799070964,1.38093435133791,96.6531592349352,646.269296481312,100
"299",2020-12-24,9856,691,390,55,42,73,11,5,55,2,1,13,12,0,566,66,3469,0.01557000041008,144,0,1.49494413015686,1.39907370463743,69.7321357350635,677.725845347407,73
"300",2020-12-25,9919,720,390,53,46.3,63,6,2,54,0,1,10,9,0,566,60,2537,0.0295600008964539,161,0,2.77960423551903,1.69314041816568,59.8569215033833,694.283058040599,63
"301",2020-12-26,10012,763,390,86,52,93,5,4,83,2,2,12,10,0,568,88,951,0.0199800002574921,50,0,1.89819982466283,1.80390638465711,89.853512001463,744.388973376321,93
"302",2020-12-27,10123,828,391,35,53.6,111,8,6,95,2,4,12,8,1,570,103,1480,0.0270300006866455,32,0.0625,2.77806885028012,1.97798506302517,105.323080743384,798.441852966233,111
"303",2020-12-28,10257,924,391,65,58.9,134,15,7,110,1,2,13,11,0,571,125,1188,0.04125,39,0.0256399989128113,4.07538385962507,2.45797036621406,125.453903584384,875.611255295769,134
"304",2020-12-29,10377,1000,391,112,65.4,120,5,15,100,3,4,12,8,0,574,105,1880,0.0505299997329712,25,0.04,5.03918107600976,2.8613114238519,113.20087341339,935.24641346086,120
"305",2020-12-30,10514,1091,391,88,70.6,137,12,10,115,3,5,13,8,0,577,127,2458,0.0573600006103516,62,0,5.59487625000969,3.38003688946619,127.869426233807,1012.56333874869,137
"306",2020-12-31,10640,1179,391,147,83.7,126,0,9,117,2,5,13,8,0,579,117,2652,0.0331800007820129,144,0,3.14711595400209,3.6160614357298,121.268460502278,1131.32064044603,126
"307",2021-01-01,10757,1235,392,88,88.7,117,0,5,111,2,6,13,7,1,581,111,2759,0.0391400003433228,134,0.0149300003051758,3.80186246070242,3.76209832504171,110.5772042913,1174.66529098879,117
"308",2021-01-02,10869,1293,392,133,95.4,112,2,8,100,2,6,15,9,0,583,102,2369,0.0295499992370605,431,0,2.50014100687844,3.84808992250108,106.723059630143,1251.45996178211,112
"309",2021-01-03,10992,1320,393,107,105.7,123,0,5,118,3,5,18,13,1,586,118,1516,0.0600299978256226,126,0.0238100004196167,5.72506313986087,4.26908910672691,114.319072052877,1222.89131448981,123
"310",2021-01-04,11168,1432,393,115,112.9,176,4,30,141,5,8,21,13,0,591,145,1386,0.0533900022506714,155,0.00644999980926514,4.86685873393035,4.38215694591337,165.931810099712,1342.44380732957,176
"311",2021-01-05,11311,1508,395,105,111.9,143,2,19,122,6,8,23,15,2,597,124,2417,0.0575099992752075,97,0.0103100001811981,5.56888378145397,4.45782876097683,134.126525548247,1400.08710102223,143
"312",2021-01-06,11495,1604,395,132,118.1,184,11,42,130,7,7,28,21,0,604,141,2627,0.0513899993896484,211,0.0142200005054474,4.86264793880394,4.35322471651887,174.189596404555,1503.77384846033,184
"313",2021-01-07,11611,1638,395,188,124,116,2,7,106,6,9,32,23,0,610,108,2311,0.048899998664856,91,0.0109899997711182,4.74637747267502,4.58169064775786,108.412966182968,1538.09665377502,116
"314",2021-01-08,11744,1670,395,186,138,133,6,13,113,0,11,30,19,0,610,119,2661,0.0368300008773804,249,0,3.36785678126148,4.51968983640915,126.850033077312,1597.72735495052,133
"315",2021-01-09,11844,1681,397,153,140.9,100,6,2,92,4,11,30,19,2,614,98,3020,0.0324499988555908,375,0.00266999989748001,2.91606027998348,4.57910687542416,96.3277990675833,1618.01051257763,100
"316",2021-01-10,11937,1665,397,120,142.7,93,5,3,83,5,11,34,23,0,619,88,1824,0.0509899997711182,78,0,4.88989272252994,4.45979681580545,85.4704999406959,1560.37934546885,93
"317",2021-01-11,12101,1716,397,66,135.7,164,2,25,135,3,13,34,21,0,622,137,1608,0.0342000007629395,115,0,3.1917354165297,4.22049348474822,156.381099865832,1645.62019977933,164
"318",2021-01-12,12241,1744,398,160,143.6,140,1,22,115,4,13,35,22,1,626,116,2211,0.0705600023269653,74,0.0135099995136261,6.87124311198813,4.40654481768167,127.757707663689,1590.01243246098,140
"319",2021-01-13,12330,1732,402,172,149.3,89,0,9,76,2,11,34,23,4,628,76,2532,0.0375200009346008,173,0.0115600001811981,3.58597125315181,4.22416243401708,81.4979345406001,1652.18977137262,89
"320",2021-01-14,12422,1720,402,130,141,92,2,14,75,9,10,41,31,0,637,77,2581,0.0337100005149841,146,0,3.19052113418313,4.00189724280395,87.8431335150835,1649.48298241485,92
"321",2021-01-15,12517,1688,404,144,135,95,6,7,80,5,11,41,30,2,642,86,2923,0.0372900009155273,206,0.00485000014305115,3.51542897748658,4.02297898512182,89.1150928547566,1611.74740393987,95
"322",2021-01-16,12578,1639,405,119,130.1,61,0,1,58,2,9,39,30,1,644,58,2470,0.0323900008201599,289,0,2.89972098679938,4.02064480038124,56.8388342868616,1577.92843786493,61
"323",2021-01-17,12658,1578,407,74,123.6,80,2,3,72,2,9,39,30,2,646,74,2036,0.026029999256134,32,0,2.5627213967838,3.68819175384607,74.56310409495,1526.0348413761,80
"324",2021-01-18,12779,1599,408,63,123.1,121,2,45,72,7,10,43,33,1,653,74,1021,0.0391799998283386,48,0,3.74207481990026,3.7668116686133,115.44165502483,1522.11089709059,121
"325",2021-01-19,12853,1540,415,81,111.9,74,3,24,47,8,9,45,36,7,661,50,2337,0.0410799980163574,89,0,3.95729412053699,3.35053324126313,71.4574342196696,1461.68897396582,74
"326",2021-01-20,12914,1498,415,166,111,61,1,8,50,2,7,37,30,0,663,51,3065,0.0225099992752075,163,0.00612999975681305,2.16828803404187,3.14800706710457,57.5790100292983,1456.26190242919,61
"327",2021-01-21,12985,1467,417,81,104,71,1,9,60,3,7,37,30,2,666,61,2636,0.0242799997329712,117,0,2.32481217929938,3.02433435926404,68.1776928857096,1423.17500759567,71
"328",2021-01-22,13064,1435,418,95,97,79,1,3,74,5,6,37,31,1,671,75,2311,0.0307200002670288,111,0.00901000022888184,2.97250332958338,2.94677355242072,75.1352450623415,1380.18768885947,79
"329",2021-01-23,13112,1369,418,84,92,48,1,4,40,4,9,39,30,0,675,41,2122,0.0329900002479553,276,0,2.91929860409346,2.9495703548913,43.4619649245307,1317.64463369957,48
"330",2021-01-24,13158,1285,419,44,87.7,46,2,9,35,2,8,37,29,1,677,37,1247,0.0224499988555908,36,0,2.18200690357925,2.8951825701478,44.9625630599572,1248.97009546068,46
"331",2021-01-25,13221,1226,419,29,82.9,63,1,18,43,4,7,38,31,0,681,44,825,0.0206100010871887,48,0,1.94768051511234,2.63884052660667,60.8987795709507,1195.31599440876,63
"332",2021-01-26,13283,1163,420,74,81.9,62,1,19,40,8,5,40,35,1,689,41,2354,0.024210000038147,79,0,2.3423896461076,2.40813988740247,58.7659099240215,1127.99398150334,62
"333",2021-01-27,13361,1122,422,80,69.6,78,0,27,50,1,4,30,26,2,690,50,2800,0.0196399998664856,175,0.00570999979972839,1.88205880978528,2.36724999822296,75.7907751659156,1094.86499472315,78
"334",2021-01-28,13399,1061,422,66,67.4,38,1,3,33,3,5,30,25,0,693,34,2355,0.0212299990653992,209,0.0287100005149841,2.18397183723271,2.34712994935629,36.0458210876416,1031.22400511729,38
"335",2021-01-29,13428,959,422,73,64.3,29,1,2,26,3,4,31,27,0,696,27,2847,0.0122899997234344,180,0.00555999994277954,1.18898015204223,2.09234092399327,28.5874826373181,944.347994414374,29
"336",2021-01-30,13447,862,423,42,58.3,19,1,6,12,2,5,33,28,1,698,13,2155,0.0157799994945526,216,0,1.43424288953019,1.88019010762709,18.760409319364,846.113294868595,19
"337",2021-01-31,13489,803,424,25,55.6,42,3,5,34,4,6,32,26,1,702,37,922,0.0195200002193451,24,0,1.90247782264653,1.84025738177955,41.0954653866639,783.369154202463,42
"338",2021-02-01,13529,712,424,26,55.1,40,6,7,25,4,5,29,24,0,706,31,548,0.0292000007629395,29,0,2.77324097367259,1.9581945901453,36.8952775863993,686.627020694074,40
"339",2021-02-02,13571,649,425,59,53,42,4,5,31,3,5,27,22,1,709,35,2439,0.0221399998664856,107,0.0280399990081787,2.23879574109322,1.94339546085754,38.9930999094461,630.329195463729,42
"340",2021-02-03,13634,634,425,54,49.3,63,4,22,36,2,4,26,22,0,711,40,2865,0.0129100000858307,212,0,1.20205233168362,1.84625167827158,61.3821440546774,624.206983266636,63
"341",2021-02-04,13716,636,425,51,47.1,82,3,43,33,2,5,25,20,0,713,36,2814,0.0127900004386902,90,0,1.23936161275738,1.71130736048939,78.4266703465424,625.871176122248,82
"342",2021-02-05,13773,634,427,72,47,57,1,8,47,2,5,21,16,2,715,48,2435,0.0160199999809265,149,0,1.50962461120573,1.75711371179847,55.0688619621752,621.701218417064,57
"343",2021-02-06,13798,603,427,61,49.7,25,1,4,19,3,6,21,15,0,718,20,2369,0.0143499994277954,205,0.0146300005912781,1.43722994427581,1.75754043390498,23.6306312784973,591.863533046695,25
"344",2021-02-07,13823,558,429,33,50.9,25,1,2,19,3,4,23,19,2,721,20,1004,0.0249000000953674,75,0,2.31692308579693,1.81674690006933,21.404549758075,541.386938250294,25
"345",2021-02-08,13870,555,431,23,50.4,47,1,7,38,2,5,21,16,2,723,39,852,0.0140799999237061,29,0,1.36165266004513,1.61509142669397,45.3176066132349,545.289017188343,47
"346",2021-02-09,13925,574,431,43,48.1,55,5,8,39,0,2,18,16,0,723,44,2244,0.0178299999237061,149,0,1.67198160588368,1.5341179788069,51.0546599983378,561.667609978315,55
"347",2021-02-10,13982,591,432,41,46.3,57,0,6,50,3,4,19,15,1,726,50,2791,0.0125399994850159,100,0,1.21062395581734,1.53534249654028,55.2221727905098,581.806082383825,57
"348",2021-02-11,14042,617,433,51,46.3,60,1,11,46,1,3,16,13,1,727,47,2563,0.0152199995517731,58,0,1.48831968146488,1.57090793492707,57.1011278054144,605.199911828525,60
"349",2021-02-12,14093,620,435,52,43.4,51,0,8,41,3,2,16,14,2,730,41,2612,0.0157000005245209,173,0,1.47247401687786,1.56560070716595,48.2242257498086,608.268779631253,51
"350",2021-02-13,14125,618,435,46,41.3,32,0,3,28,6,2,21,19,0,736,28,2099,0.0219199991226196,46,0.0217400002479553,2.19161390068926,1.67336984379644,30.2114559824969,600.595707042252,32
"351",2021-02-14,14166,593,437,48,43.4,41,0,4,35,4,2,21,19,2,740,35,1175,0.0170200002193451,10,0,1.6876371525511,1.58347185333275,38.2409839046343,580.14009872709,41
"352",2021-02-15,14228,615,438,34,45,62,2,8,51,4,2,23,21,1,744,53,867,0.0265300011634827,26,0,2.57575711184093,1.75691534644643,59.2457776467906,594.644400995778,62
"353",2021-02-16,14279,610,438,61,47.6,51,3,13,32,3,2,24,22,0,747,35,1561,0.0333100008964539,23,0,3.28263329541442,1.98700844495083,46.5236331739696,584.269035317756,51
"354",2021-02-17,14336,625,439,49,48.7,57,5,6,44,2,2,25,23,1,749,49,2063,0.0184200000762939,222,0,1.66303983183345,2.0516392843817,53.9528651957189,611.643688720904,57
"355",2021-02-18,14408,641,439,68,51.1,72,3,12,53,3,3,26,23,0,752,56,2348,0.0212899994850159,116,0,2.02877105482213,2.12884662343274,66.5400938754217,624.289288824024,72
"356",2021-02-19,14462,646,440,58,52,54,2,16,33,1,3,26,23,1,753,35,2576,0.0151400005817413,96,0,1.45960484650321,2.12700817052207,50.3435416080435,633.883653679889,54
"357",2021-02-20,14510,624,440,66,54.9,48,0,3,44,4,3,26,23,0,757,44,2384,0.0255900001525879,68,0,2.48803264126303,2.16935370488975,45.593263961188,604.049925267758,48
"358",2021-02-21,14552,613,440,53,55.6,42,0,7,33,2,4,24,20,0,759,33,1000,0.03,28,0,2.91828793774319,2.34516095991719,38.7624979032923,590.012461052066,42
"359",2021-02-22,14617,628,440,32,55.3,65,0,11,54,1,6,23,17,0,760,54,863,0.0150600004196167,66,0,1.39900757396439,2.17705388307769,64.0292269996392,616.71026955136,65
"360",2021-02-23,14672,634,440,47,53.3,55,0,7,47,3,6,25,19,0,763,47,2036,0.019650000333786,84,0,1.88714154149001,1.97769791823135,52.8602589349466,618.625620526726,55
"361",2021-02-24,14718,640,441,60,54.9,46,2,10,34,1,6,24,18,1,764,36,2874,0.0187899994850159,41,0,1.85257147581254,2.00477386737122,45.1429989832668,624.764426369188,46
"362",2021-02-25,14751,636,441,43,51.3,33,1,5,25,1,6,23,17,0,765,26,2376,0.0185199999809265,128,0.00781000018119812,1.79725239528254,1.97169977315127,30.3995369573677,621.311750187919,33
"363",2021-02-26,14816,639,441,56,51,65,5,12,43,1,6,21,15,0,766,48,2639,0.0181900000572205,181,0,1.70224858691506,2.00636316463868,58.950051292656,625.022557833483,65
"364",2021-02-27,14863,645,442,71,51.7,47,0,5,34,3,6,23,17,1,769,34,2535,0.0209100008010864,47,0.0212800002098083,2.09167358794017,1.94974044273542,38.0861462610807,627.663657011678,47
"365",2021-02-28,14928,656,442,50,51.3,65,2,8,54,7,6,28,22,0,776,56,1552,0.0257699990272522,94,0,2.42983222905804,1.87996105578039,62.2514897654578,635.51745153822,65
"366",2021-03-01,15006,672,442,54,54.4,78,4,7,65,3,6,29,23,0,779,69,996,0.0291199994087219,45,0,2.78612098089213,2.07812011391293,73.5296816468159,647.941247342902,78
"367",2021-03-02,15070,682,443,62,56.6,64,1,6,55,3,4,29,25,1,782,56,2006,0.0259200000762939,41,0,2.54008403287961,2.17139761268287,60.172152433006,659.739427844824,64
"368",2021-03-03,15129,692,443,65,57.3,59,0,5,51,6,5,32,27,0,788,51,2676,0.0209299993515015,109,0,2.01108360016581,2.19404220187619,54.6820341295934,674.117012111345,59
"369",2021-03-04,15187,689,443,61,59.9,58,3,3,51,1,5,31,26,0,789,54,2414,0.0202999997138977,225,0.00444000005722046,1.89477829944008,2.2079744738987,55.6852111103633,672.224267685932,58
"370",2021-03-05,15260,693,444,52,59.3,73,1,10,57,1,2,28,26,1,790,58,2440,0.0188499999046326,154,0,1.77309174122218,2.218094924514,66.6785124862624,677.210502637583,73
"371",2021-03-06,15317,707,446,46,55.7,57,3,3,48,0,2,26,24,2,790,51,1957,0.0209500002861023,25,0,2.06857470029779,2.21479508342224,52.6443572732857,688.207070435549,57
"372",2021-03-07,15357,698,447,55,56.4,40,1,0,38,2,5,25,20,1,792,39,1752,0.0194099998474121,16,0.0625,1.97999545999242,2.15053268784143,38.0077235940046,680.240796631158,40
"373",2021-03-08,15440,740,448,38,54.1,83,1,9,65,6,4,29,25,1,798,66,1170,0.0205100011825562,142,0,1.82901687374929,2.01380352967817,73.448808161179,722.607849079886,83
"374",2021-03-09,15497,747,448,70,55.3,57,0,8,47,1,3,27,24,0,799,47,2105,0.0318300008773804,57,0,3.09908195406502,2.0936603755618,53.1283062826198,717.25201687483,57
"375",2021-03-10,15578,771,448,76,56.9,81,4,8,66,0,2,24,22,0,799,70,2655,0.0180799996852875,173,0,1.69739742448509,2.04884806475027,76.4731884297891,754.18326113382,81
"376",2021-03-11,15639,769,451,73,58.6,61,1,7,52,1,2,20,18,3,800,53,2321,0.0280100011825562,86,0,2.70092283941474,2.16401157046093,58.1605333835966,742.310380603505,61
"377",2021-03-12,15721,774,451,94,64.6,82,3,4,70,2,2,17,15,0,802,73,2361,0.0228699994087219,133,0,2.16503883736938,2.22000401276768,74.9690818776081,752.466703743407,82
"378",2021-03-13,15789,792,451,56,66,68,4,3,55,5,4,22,18,0,807,59,2353,0.0187000000476837,99,0,1.79449837325448,2.18085025176149,60.6394987532112,773.737000212598,68
"379",2021-03-14,15857,817,451,65,67.4,68,1,10,52,2,3,23,20,0,809,53,1535,0.0299699997901916,36,0,2.92832270387932,2.31632557231676,61.0056624435041,786.257098421564,68
"380",2021-03-15,15964,862,452,59,70.4,107,2,3,99,4,5,25,20,1,813,101,1000,0.0320000004768372,13,0,3.15893390689409,2.50631371990887,99.9001706825705,827.009377508671,107
"381",2021-03-16,16050,878,453,85,72.6,86,4,4,75,5,6,27,21,1,818,79,1583,0.0341100001335144,9,0,3.39171672181867,2.54811868673083,79.5568929361675,839.733569594368,86
"382",2021-03-17,16138,905,454,77,72.7,88,3,5,76,3,5,27,22,1,821,79,2842,0.0267400002479553,175,0,2.51889561500461,2.66547557109076,81.4429387839829,875.707083538033,88
"383",2021-03-18,16232,941,455,63,71.3,94,2,3,85,2,5,24,19,1,823,87,2566,0.0284500002861023,161,0,2.67703339692477,2.66206279359219,87.0072054431971,908.62965887412,94
"384",2021-03-19,16359,993,457,118,74.7,127,6,6,107,2,4,24,20,2,825,113,2615,0.0382399988174438,97,0,3.6872270246171,2.87951824891329,113.645952927509,945.950719088638,127
"385",2021-03-20,16462,1047,458,84,78.7,103,4,5,89,4,4,27,23,1,829,93,1997,0.0435699987411499,151,0.00662000000476837,4.09724895189927,3.20848261729112,93.1035743439876,991.875724066183,103
"386",2021-03-21,16546,1074,459,88,82,84,5,1,77,4,4,29,25,1,833,82,1306,0.0421099996566772,87,0,3.94800140356213,3.35415100296009,78.8399838727247,1019.51393511349,84
"387",2021-03-22,16697,1152,460,55,81.4,151,5,6,137,4,7,30,23,1,837,142,1150,0.0547800016403198,131,0,4.91779874210521,3.60541740799025,139.026477431384,1079.20071831658,151
"388",2021-03-23,16820,1188,461,109,84.9,123,2,0,119,5,9,31,22,1,842,121,1966,0.0350999999046326,153,0,3.25656440832976,3.58610993463469,115.936522250626,1138.28585482433,123
"389",2021-03-24,16977,1281,461,88,86.4,157,7,2,141,4,9,33,24,0,846,148,3106,0.0457200002670288,47,0,4.50384779033909,3.86967453111105,141.434567759867,1206.86271148912,157
"390",2021-03-25,17130,1367,462,127,95.6,153,7,4,136,8,10,40,30,1,854,143,3005,0.0379399991035461,282,0,3.46850311244771,3.98274163332861,140.626441306961,1306.07234452178,153
"391",2021-03-26,17281,1453,463,107,94,151,10,2,132,4,11,42,31,1,858,142,2390,0.0673600006103516,117,0,6.42163547900839,4.37337141252737,132.282421888286,1333.10111974422,151
"392",2021-03-27,17403,1512,465,139,101.9,122,6,3,107,5,13,44,31,2,863,113,2476,0.0626000022888184,117,0,5.97753974805686,4.64198438340702,107.320298702761,1395.86098795199,122
"393",2021-03-28,17542,1572,466,143,109.7,139,3,5,126,5,13,45,32,1,868,129,2480,0.0826599979400635,157,0,7.77386404593695,5.18853618946057,121.113632430798,1414.96612543577,139
"394",2021-03-29,17752,1721,466,114,118.1,210,7,1,190,4,12,47,35,0,872,197,1644,0.0839400005340576,40,0,8.19461762933437,5.65665317335045,177.255700055022,1539.77695327255,210
"395",2021-03-30,17964,1855,467,169,126.7,212,9,6,189,6,12,48,36,1,878,198,1968,0.0406500005722046,64,0,3.93696855935525,5.75385376635409,193.983153922826,1761.15530569113,212
"396",2021-03-31,18175,1961,468,169,138.3,211,7,5,194,8,14,54,40,1,886,201,3023,0.0793900012969971,224,0,7.3913142568778,6.16634897585962,186.909311626148,1774.74706516854,211
"397",2021-04-01,18419,2103,469,145,140.9,244,11,4,212,4,15,53,38,1,890,223,2634,0.0721299982070923,100,0.01,6.98575037591372,6.66881287064048,206.981949093589,1914.21990557766,244
"398",2021-04-02,18618,2196,470,248,161,199,14,7,164,6,15,57,42,1,896,178,3130,0.0939299964904785,99,0,9.10501359601108,7.05215260164086,164.174067116333,1939.06882801948,199
"399",2021-04-03,18872,2379,470,229,173.9,254,14,3,228,11,14,61,47,0,907,242,2885,0.101909999847412,36,0,10.0654005326869,7.63613271373086,213.699570930987,2071.29867456536,254
"400",2021-04-04,19103,2540,471,155,175.6,231,9,2,216,12,15,64,49,1,919,225,1818,0.0929599952697754,139,0,8.63573180380438,7.7592566791405,202.031898118636,2258.13787209483,231
"401",2021-04-05,19390,2685,472,186,185.9,287,7,4,272,5,17,67,50,1,924,279,2045,0.105620002746582,162,0,9.78671978326961,7.98669984398839,247.913082121022,2347.3355752507,287
"402",2021-04-06,19664,2819,473,156,184,274,5,6,248,10,19,71,52,1,934,253,1749,0.128640003204346,83,0,12.2811880788428,9.17873120391518,219.073175848005,2374.12364709694,274
"403",2021-04-07,19982,2968,474,222,191.6,318,2,6,301,12,23,77,54,1,946,303,3364,0.098100004196167,44,0,9.68334548462165,9.50616423645002,271.297346308505,2598.68819750377,318
"404",2021-04-08,20283,3143,475,175,195.9,301,23,5,261,10,29,84,55,1,956,284,3366,0.0858600044250488,194,0.0103100001811981,8.1742953631985,9.6759563774907,259.168675958141,2812.8596779452,301
"405",2021-04-09,20585,3299,477,269,198.9,302,11,2,284,14,30,89,59,2,970,295,3418,0.110299997329712,158,0,10.542656344322,9.8813339129637,257.035357750413,2852.07337362242,302
"406",2021-04-10,20870,3455,480,383,220.9,285,10,2,262,14,26,93,67,3,984,272,3170,0.0832800006866455,97,0,8.08073468554228,9.59781022051447,245.756168273388,3096.24103450205,285
"407",2021-04-11,21141,3594,480,207,228.3,271,9,4,251,13,29,101,72,0,997,260,2685,0.13668999671936,29,0,13.522941827247,10.2959830810063,218.819774806024,2969.47027174174,271
"408",2021-04-12,21461,3693,481,266,239.7,320,16,4,297,16,28,101,73,1,1013,313,2122,0.0796400022506714,107,0,7.58169963104193,9.9809802021166,286.505973332744,3333.20945532851,320
"409",2021-04-13,21701,3718,483,252,253.4,240,13,0,223,12,29,105,76,2,1025,236,2670,0.0771500015258789,178,0,7.23281264305115,9.25978371128921,214.065735215318,3372.44238784133,240
"410",2021-04-14,21975,3787,485,394,278,274,12,9,250,13,29,103,74,2,1038,262,3889,0.154280004501343,95,0,15.0601138932159,10.0278934839455,220.297028649342,3054.12918891244,274
"411",2021-04-15,22203,3789,485,325,299.4,228,13,3,210,19,30,109,79,0,1057,223,3836,0.116529998779297,98,0.0101999998092651,11.3881208769367,10.4870114144796,193.366714930311,3234.52682901771,228
"412",2021-04-16,22442,3832,487,361,312.6,239,3,10,220,19,25,115,90,2,1076,223,2928,0.108269996643066,243,0,9.99730527186687,10.4091041184145,204.352173340006,3339.71985757356,239
"413",2021-04-17,22623,3773,490,403,315.4,181,5,7,168,16,24,124,100,3,1092,173,2922,0.0978800010681152,121,0.00825999975204468,9.43164058794052,10.6020906759,159.032955866382,3315.72452302809,181
"414",2021-04-18,22782,3708,490,295,328,159,3,6,147,10,22,121,99,0,1102,150,1940,0.0608199977874756,187,0.0107000005245209,5.64135852401448,9.47615020400966,145.12626302152,3439.20122189198,159
"415",2021-04-19,23009,3643,491,255,326.4,227,2,5,220,22,22,115,93,1,1124,222,2054,0.100780000686646,88,0.0340899991989136,9.80401686927518,9.79362409518583,199.032033690715,3184.04819250124,227
"416",2021-04-20,23201,3535,492,190,317.6,192,6,2,184,17,28,119,91,1,1141,190,2742,0.0900800037384033,221,0,8.33612454440438,9.95124008109344,171.647317441157,3156.33298502363,192
"417",2021-04-21,23397,3426,493,206,290.7,196,2,3,185,11,26,110,84,1,1152,187,2432,0.106909999847412,234,0.0128199994564056,9.86515376975638,9.20910292059922,166.294488584565,2991.69474807871,196
"418",2021-04-22,23569,3309,496,238,278.3,172,1,4,163,14,23,106,83,3,1166,164,2310,0.145450000762939,211,0,13.3276279953348,9.48617536608466,139.913309175172,2742.29963451613,172
"419",2021-04-23,23774,3223,499,188,253.6,205,1,6,190,21,30,112,82,3,1187,191,2497,0.0788899993896484,86,0.0116299998760223,7.66506033547387,9.15299751802852,178.187227291029,2905.54677256014,207
"420",2021-04-24,23927,3097,500,228,228.6,153,1,3,147,18,32,118,86,1,1205,148,2418,0.0686499977111816,214,0.00467000007629395,6.34479766268861,8.71201995727824,138.933443360655,2844.49914924289,153
"421",2021-04-25,24069,2958,505,139,206.3,142,1,5,134,21,31,124,93,5,1226,135,1595,0.123509998321533,92,0.0108700001239777,11.7367212409159,9.58278605969273,119.639688330715,2511.88294875745,146
"422",2021-04-26,24224,2805,509,172,194.4,155,1,5,145,11,32,122,90,4,1237,146,1267,0.0915499973297119,31,0,8.93635181947188,9.45883390972083,134.234481945565,2482.89535518705,159
"423",2021-04-27,24378,2698,510,189,194.3,154,1,4,146,10,32,119,87,1,1247,147,2416,0.0583599996566772,328,0.00915000021457672,5.24777548254058,9.01764118659743,141.087197706931,2516.06298920612,160
"424",2021-04-28,24532,2579,511,186,191.4,154,0,7,146,13,29,116,87,1,1260,146,2368,0.0540500020980835,38,0,5.31963445420872,8.36828128437634,143.019816890971,2402.70621754668,164
"425",2021-04-29,24647,2465,511,159,180.1,115,1,4,106,12,31,113,82,0,1272,107,2710,0.0597800016403198,111,0.00901000022888184,5.77823163667751,7.28979609028244,103.055206950237,2281.97275824611,116
"426",2021-04-30,24775,2346,514,178,178.7,128,1,2,119,13,28,110,82,3,1285,120,2114,0.0648099994659424,179,0,5.97506929223734,7.04836879839151,112.786427540755,2165.87465842177,149
"427",2021-05-01,24859,2252,517,137,165.7,84,0,3,80,7,30,111,81,3,1292,80,2007,0.0707499980926514,69,0.0144900000095367,6.88800848615652,7.12597034460121,75.919115279043,2052.67309510506,105
"428",2021-05-02,24921,2153,517,130,164.4,62,0,1,59,8,28,109,81,0,1300,59,1262,0.0594299983978272,21,0.0476200008392334,5.92366936833061,6.29553436280331,55.5089624592066,1989.11518940122,88
"429",2021-05-03,24994,2005,519,103,154.6,73,1,3,69,10,23,100,77,2,1310,70,929,0.131319999694824,139,0,11.4228726326303,6.65075162182594,62.7251086581351,1710.69775513658,119
"430",2021-05-04,25050,1861,519,141,147.7,56,0,0,55,7,23,95,72,0,1317,55,2385,0.0402500009536743,56,0,3.93266088793581,6.46287810831097,52.2205872082746,1766.95477808362,105
"431",2021-05-05,25108,1722,520,113,137.3,58,0,1,57,5,23,88,65,1,1322,57,1874,0.0651000022888184,64,0.0156299996376038,6.3466317990739,6.60959201472029,53.3514016626185,1581.563397597,99
"432",2021-05-06,25108,1554,520,69,124.4,0,0,0,0,1,23,89,66,0,1323,0,2008,0.0672300004959106,246,0,5.98925647718672,6.63973842050732,0,1434.40093369525,107
