"","date","observed_cumulative_cases","observed_active_cases","observed_cumulative_deaths","observed_new_cases","observed_daily_average_cases","observed_new_episodes","observed_new_cases_community_outbreak","observed_new_cases_institution_outbreak","observed_new_cases_sporadic","observed_new_ICU_p_acute_care","observed_census_ICU","observed_census_ICU_p_acute_care","observed_census_acute_care","observed_new_deaths","cumulative_hosp","observed_new_community_cases","num_non_ltch_tests","non_ltch_pct_positivity","num_ltch_tests","ltch_pct_positivity","observed_pct_positivity","pct_positivity_7_day","adjusted_new_episodes","adjusted_active_cases","adjusted_episode_cases"
"1",2020-03-01,7,7,0,0,0,2,0,0,2,0,0,2,2,0,0,2,NA,NA,NA,NA,NA,NA,NA,NA,2
"2",2020-03-02,10,10,0,0,0,3,2,0,1,0,0,2,2,0,0,3,NA,NA,NA,NA,NA,NA,NA,NA,3
"3",2020-03-03,11,11,0,0,0,1,0,0,1,0,0,2,2,0,0,1,NA,NA,NA,NA,NA,NA,NA,NA,1
"4",2020-03-04,12,12,0,0,0,1,0,0,1,0,0,2,2,0,0,1,NA,NA,NA,NA,NA,NA,NA,NA,1
"5",2020-03-05,18,17,0,0,0,6,2,0,4,0,0,2,2,0,0,6,NA,NA,NA,NA,NA,NA,NA,NA,6
"6",2020-03-06,23,22,0,0,0,5,0,1,4,0,0,2,2,0,0,4,NA,NA,NA,NA,NA,NA,NA,NA,5
"7",2020-03-07,27,26,0,0,0,4,0,0,4,0,0,2,2,0,0,4,NA,NA,NA,NA,NA,NA,NA,NA,4
"8",2020-03-08,36,35,0,0,0,9,1,0,8,0,0,2,2,0,0,9,NA,NA,NA,NA,NA,NA,NA,NA,9
"9",2020-03-09,45,44,0,1,0.1,9,0,0,9,0,0,2,2,0,0,9,NA,NA,NA,NA,NA,NA,NA,NA,9
"10",2020-03-10,52,51,0,0,0.1,7,1,0,6,0,0,2,2,0,0,7,NA,NA,NA,NA,NA,NA,NA,NA,7
"11",2020-03-11,61,60,0,0,0.1,9,0,0,9,0,0,2,2,0,0,9,NA,NA,NA,NA,NA,NA,NA,NA,9
"12",2020-03-12,75,74,0,3,0.6,14,1,0,13,0,0,2,2,0,0,14,NA,NA,NA,NA,NA,NA,NA,NA,14
"13",2020-03-13,97,96,0,1,0.7,22,2,2,18,0,0,2,2,0,0,20,NA,NA,NA,NA,NA,NA,NA,NA,22
"14",2020-03-14,115,114,0,4,1.3,18,1,1,16,1,0,3,3,0,1,17,NA,NA,NA,NA,NA,NA,NA,NA,18
"15",2020-03-15,142,140,0,4,1.9,27,1,0,26,0,0,3,3,0,1,27,NA,NA,NA,NA,NA,NA,NA,NA,27
"16",2020-03-16,157,155,0,0,1.7,15,0,0,15,0,0,3,3,0,1,15,NA,NA,NA,NA,NA,NA,NA,NA,15
"17",2020-03-17,180,177,0,5,2.4,23,1,0,22,2,0,5,5,0,3,23,127,0,4,0,0,0,23,177,23
"18",2020-03-18,196,192,0,4,3,16,0,0,16,0,0,4,4,0,3,16,210,0.0190499997138977,1,0,1.89597153550641,0.947985767753204,15.7296541523888,188.755849828666,16
"19",2020-03-19,221,217,0,1,2.7,25,0,0,25,4,0,8,8,0,7,25,110,0.0272699999809265,9,0,2.52075630075791,1.47224261208811,24.4383848976077,212.125180911235,25
"20",2020-03-20,243,239,0,2,2.9,22,1,1,20,3,1,11,10,0,10,21,137,0.00730000019073486,4,0,0.709290798674238,1.28150465873464,21.867257030559,237.489258585886,22
"21",2020-03-21,263,259,0,4,2.9,20,0,2,18,3,1,11,10,0,13,18,204,0.0147099995613098,3,0,1.44968111618705,1.31513995022512,19.7674518469134,255.653890463921,20
"22",2020-03-22,289,285,0,7,3.3,26,0,1,25,3,5,14,9,0,16,25,159,0.0314499998092651,2,0,3.10593165818208,1.61360523488462,25.3080100104445,277.111314119067,26
"23",2020-03-23,310,306,0,9,4.6,21,2,0,19,4,5,18,13,0,20,21,138,0.0362299990653992,3,0,3.54591480214545,1.88964945877902,20.3363860618222,296.330196900838,21
"24",2020-03-24,328,322,1,8,5,18,1,3,14,3,7,21,14,1,23,15,253,0.0197599995136261,4,0,1.94524508830638,2.16754161425136,17.7399639895886,316.417893643169,18
"25",2020-03-25,351,345,1,8,5.6,23,0,1,22,4,8,24,16,0,27,22,153,0.0588199996948242,2,0,5.80610319568265,2.7261318514194,21.8616512389588,327.148621701854,23
"26",2020-03-26,365,355,1,19,8.1,14,1,3,10,2,7,26,19,0,29,11,274,0.025550000667572,3,0,2.5273285858898,2.72707074929538,13.7522450714766,347.00427276129,14
"27",2020-03-27,382,363,1,27,11.7,17,3,2,12,5,9,27,18,0,34,15,577,0.0294600009918213,4,0,2.92571782655437,3.04370318184968,16.6088965880032,353.535297429677,17
"28",2020-03-28,407,385,2,26,14.9,25,1,1,23,3,8,26,18,1,37,24,367,0.0817399978637695,3,0,8.10772411243336,3.99485218131344,23.2658841340768,357.181891317482,25
"29",2020-03-29,426,397,2,11,15.4,19,5,4,10,7,8,32,24,0,44,15,184,0.0434800004959106,0,0,4.34800004959107,4.1722905229433,18.4187690831552,381.616755067508,19
"30",2020-03-30,451,407,3,48,21,25,8,3,14,4,12,33,21,1,48,22,549,0.0783199977874756,0,0,7.83199977874756,4.7845883767436,23.4644525003893,378.592371257202,25
"31",2020-03-31,468,404,3,51,27.1,17,2,3,12,6,13,35,22,0,54,14,943,0.064689998626709,0,0,6.4689998626709,5.43083905879567,16.1928893361376,380.7090922714,17
"32",2020-04-01,495,406,3,37,31.3,27,6,4,16,3,15,34,19,0,57,22,575,0.0573899984359741,4,0.25,5.87206374795943,5.44026199483521,24.848718965723,384.753631821979,27
"33",2020-04-02,512,402,6,32,33.1,17,5,4,7,6,14,35,21,3,63,12,107,0.0841100025177002,9,0,7.75842264602924,6.1875611462837,15.170297137739,374.204954114256,17
"34",2020-04-03,539,407,6,26,33,27,3,4,19,5,14,38,24,0,68,22,217,0.110600004196167,2,0,10.9589958495745,7.33517229242944,23.8513714057141,367.25037100571,27
"35",2020-04-04,556,415,7,18,31.9,17,3,7,6,7,14,44,30,1,75,9,315,0.0253999996185303,3,0,2.51603769806196,6.53635994751924,15.7981970264883,405.694640665851,17
"36",2020-04-05,583,426,8,40,36,27,4,8,13,4,13,44,31,1,79,17,422,0.0663500022888184,5,0.2,6.79149905524153,6.88543123404074,23.9710779512526,400.216423954918,27
"37",2020-04-06,602,426,9,40,34.9,19,3,7,9,4,12,45,33,1,83,12,238,0.117650003433228,4,0.25,11.9837606682265,7.47853993253773,17.7184301525301,380.50427041482,19
"38",2020-04-07,625,424,9,25,31.1,23,2,11,10,4,14,46,32,0,87,12,285,0.108769998550415,6,0,10.6527318167932,8.07621592598378,21.8607733191983,383.747323945008,23
"39",2020-04-08,645,427,11,26,29.6,20,1,10,8,5,16,45,29,2,92,9,368,0.0434800004959106,6,0.333330001831055,4.81300005173301,7.92492111223715,18.6139653540566,408.684800686909,20
"40",2020-04-09,681,435,11,25,28.6,36,1,20,13,6,16,48,32,0,98,14,295,0.0949199962615967,5,0,9.33379963239034,8.14997496743159,32.8354599818238,398.816078006667,36
"41",2020-04-10,715,451,11,36,30,34,0,20,13,4,16,50,34,0,102,13,331,0.090629997253418,8,0,8.84912362562872,7.84856464972504,31.9747930951557,415.433206608864,34
"42",2020-04-11,759,481,11,31,31.9,44,0,34,8,5,19,54,35,0,107,8,225,0.102220001220703,11,0.363639984130859,11.4404830932617,9.12348542046786,41.1843529712846,431.959222398487,44
"43",2020-04-12,792,496,13,35,31.1,33,0,18,14,1,18,50,32,2,108,14,227,0.101319999694824,12,0.5,12.1337405567887,9.88666277783175,30.4861228004602,442.365493502019,33
"44",2020-04-13,816,503,16,16,27.7,24,0,19,5,3,20,52,32,3,111,5,165,0.0606099987030029,26,0.0384599995613098,5.75948155737672,8.99748004771035,23.7433617979175,477.182196870503,24
"45",2020-04-14,849,503,18,32,28.7,33,0,26,7,5,20,51,31,2,116,7,208,0.0673099994659424,18,0.166669998168945,7.52236276812258,8.55028446932883,32.5307327765898,469.279798089239,33
"46",2020-04-15,878,501,24,60,33.6,29,2,18,9,4,16,51,35,6,120,11,390,0.1,24,0.208330001831055,10.6280000106148,9.38099874916909,27.9581333437696,453.547709566233,29
"47",2020-04-16,948,550,24,21,33,70,1,55,13,7,13,53,40,0,127,14,310,0.0354800009727478,11,0,3.42641753942424,8.5370870216025,68.5724998927775,533.205352930543,70
"48",2020-04-17,980,554,26,73,38.3,32,0,26,6,0,13,50,37,2,127,6,378,0.0846599960327148,66,0.5,14.6399726352176,9.36435116582949,31.217184487553,481.720034350731,32
"49",2020-04-18,1020,576,31,31,38.3,40,0,31,9,1,11,47,36,5,128,9,421,0.0617600011825562,8,0,6.06082995288022,8.59582928863213,39.5138810887524,544.888389680153,40
"50",2020-04-19,1037,579,35,38,38.7,17,0,13,4,5,15,48,33,4,133,4,452,0.0442500019073486,47,0.127659997940063,5.21062540386865,7.60681283821498,16.8142547349719,552.113372887185,17
"51",2020-04-20,1098,615,39,16,38.7,61,1,47,13,3,13,46,33,4,136,14,325,0.0523099994659424,43,0.0232599997520447,4.89155701515467,7.48282361789754,60.3897004307259,588.190411778317,61
"52",2020-04-21,1134,628,47,51,41.4,36,0,26,10,2,11,44,33,8,138,10,543,0.069980001449585,25,0.36,8.27449661745152,7.59027131065882,35.2625892056828,581.690602116878,36
"53",2020-04-22,1175,645,54,35,37.9,41,1,31,9,4,9,46,37,7,142,10,656,0.0243899989128113,122,0.106560001373291,3.7275269221524,6.60448944087848,40.6678083615738,623.57363932151,41
"54",2020-04-23,1220,660,57,50,42,45,0,35,10,5,11,49,38,3,147,10,775,0.0361299991607666,105,0.0285700011253357,3.522795394063,6.61825770582687,44.6860537299303,639.279546175401,45
"55",2020-04-24,1261,667,65,38,37,41,0,36,5,7,10,49,39,8,154,5,517,0.0406199979782104,94,0.106379995346069,5.07369206501887,5.25164619579848,40.7739200661527,636.840936824768,41
"56",2020-04-25,1362,739,78,53,40.1,101,0,95,6,4,9,49,40,13,158,6,557,0.0502699995040894,28,0.0357100009918213,4.95731106864081,5.09400064090713,100.734927099848,706.351854464663,101
"57",2020-04-26,1416,758,87,88,47.3,54,0,41,13,5,9,51,42,9,163,13,358,0.0502799987792969,81,0.0123500001430511,4.32815252268233,4.96793308645194,53.4985659553199,728.762538010192,54
"58",2020-04-27,1477,782,95,87,57.4,61,0,54,7,8,11,57,46,8,171,7,269,0.0632000017166138,80,0.1,7.16355314090805,5.29250396155957,60.5531163816732,732.076715781208,61
"59",2020-04-28,1498,778,103,65,59.4,21,0,14,7,7,13,62,49,8,178,7,503,0.0616300010681152,11,0.272730007171631,6.61477054788909,5.05540023733637,20.5873510618688,732.137018019133,21
"60",2020-04-29,1523,767,111,29,58.6,25,0,17,8,7,13,63,50,8,185,8,668,0.0314400005340576,74,0.148649997711182,4.31294072606172,5.13903078075198,24.6925097253708,737.519369919925,25
"61",2020-04-30,1543,757,122,30,55.7,20,0,10,10,2,11,57,46,11,187,10,603,0.0414599990844727,6,0.333330001831055,4.43355656139956,5.26913951894292,19.6048880534078,727.090025642969,20
"62",2020-05-01,1566,741,135,42,56.3,23,0,16,7,6,11,58,47,13,193,7,516,0.031010000705719,55,0.0909099960327148,3.67797025323123,5.06975068868754,22.7705573445842,716.711856048126,23
"63",2020-05-02,1587,742,139,22,51.9,21,0,15,6,4,12,58,46,4,197,6,508,0.0511800003051758,28,0.0357100009918213,5.03718660126871,5.08116147906296,20.7306560668647,708.691133602264,21
"64",2020-05-03,1606,723,148,23,42.6,19,0,13,6,3,12,53,41,9,200,6,826,0.0205800008773804,231,0.0043299999833107,1.70286761786764,4.70612077837514,18.9089457869816,712.027967331285,19
"65",2020-05-04,1624,720,152,14,32.1,18,0,11,7,6,10,53,43,4,206,7,637,0.0109899997711182,24,0.125,1.51295459216373,3.89889241426881,17.9056174206834,710.29207755601,18
"66",2020-05-05,1649,720,156,29,27,25,0,24,1,3,9,51,42,4,209,1,923,0.0292499995231628,29,0.172409992218018,3.36109656871868,3.4340818458159,24.9700464088016,698.433414337162,25
"67",2020-05-06,1665,694,161,23,26.1,16,0,11,5,4,10,53,43,5,213,5,598,0.0167200005054474,149,0.0134200000762939,1.60617674881196,3.04740127763736,15.9284299621528,684.066078746807,16
"68",2020-05-07,1688,672,167,32,26.4,23,0,16,7,6,10,55,45,6,219,7,813,0.0356699991226196,234,0.0128199994564056,3.05631224063884,2.85065208895726,22.8093382088515,653.696468049742,23
"69",2020-05-08,1701,639,173,16,22.7,13,0,8,5,4,8,55,47,6,223,5,715,0.00978999972343445,127,0.0472399997711182,1.54386339349022,2.54577968042283,12.9312065987851,630.208203324739,13
"70",2020-05-09,1718,623,179,12,21.3,17,0,12,5,5,7,53,46,6,228,5,1100,0.0154499995708466,164,0.0304900002479553,1.74013920637626,2.0747729097239,16.922460694969,613.338602593142,17
"71",2020-05-10,1730,554,185,25,21.6,12,0,8,4,3,6,54,48,6,231,4,907,0.0176400005817413,316,0.0126600003242493,1.6353262984548,2.06512414980778,11.9417048639712,545.926123660005,12
"72",2020-05-11,1750,535,188,14,21.6,20,0,14,6,1,6,53,47,3,232,6,517,0.00967000007629394,197,0.0152300000190735,1.12040616851561,2.00904580357234,19.9400906442376,529.658082444518,20
"73",2020-05-12,1773,518,193,13,19.3,23,0,17,6,4,7,53,46,5,236,6,835,0.0131700003147125,322,0.00310999989509583,1.03702422031165,1.67703546808562,22.9445491691364,513.212744935443,23
"74",2020-05-13,1794,500,195,21,19,21,0,15,6,2,8,49,41,2,238,6,1249,0.0144099998474121,224,0.0133899998664856,1.42548878340193,1.65122290159847,20.9237775397352,493.648128311264,21
"75",2020-05-14,1808,472,198,25,18,14,0,10,4,2,7,47,40,3,240,4,1046,0.0267700004577637,127,0.0236199998855591,2.6428951802461,1.59216332154237,13.9057876497259,460.882942667659,14
"76",2020-05-15,1828,458,201,17,18.1,20,0,12,8,1,6,46,40,3,241,8,1163,0.012039999961853,137,0.0146000003814697,1.23097846214588,1.54746547420746,19.9122376287018,452.975604243176,20
"77",2020-05-16,1844,438,207,19,19.1,16,0,6,10,1,5,44,39,6,242,10,967,0.0134399998188019,25,0.04,1.4109354662078,1.50043636846911,15.8742595361424,432.492567683036,16
"78",2020-05-17,1856,398,212,15,17.7,12,0,9,3,1,3,44,41,5,243,3,353,0.0254999995231628,10,0.1,2.7552341134095,1.66042319917693,11.9263372938549,388.227414318087,12
"79",2020-05-18,1871,390,213,26,19.4,15,0,8,7,2,2,45,43,1,245,7,376,0.0398900008201599,17,0.0588199996948242,4.07088557333133,2.08192025700774,14.746046125572,375.851141281868,15
"80",2020-05-19,1883,353,219,23,20.9,12,0,8,4,0,2,42,40,6,245,4,359,0.0390000009536743,31,0.225809993743896,5.38490003805894,2.70304537382879,11.8080422968083,336.059732693332,12
"81",2020-05-20,1898,339,223,17,20.3,15,0,9,6,3,2,43,41,4,248,6,675,0.0296300005912781,36,0.0555600023269653,3.0942912071566,2.94144572007945,14.8345448302845,329.651782911073,15
"82",2020-05-21,1906,325,229,11,18.3,8,0,1,7,0,2,40,38,6,248,7,478,0.0209200000762939,36,0,1.94547860631683,2.8418147809467,7.87863529426432,319.365210090843,8
"83",2020-05-22,1913,309,233,7,16.9,7,0,3,4,1,2,38,36,4,249,4,514,0.00583999991416931,14,0,0.568515143159664,2.74717716394867,6.97973391143023,307.434444657986,7
"84",2020-05-23,1922,305,236,6,15,9,1,3,5,1,1,37,36,3,250,6,582,0.00859000027179718,43,0,0.799900825309753,2.65988650096323,8.95722841906376,302.825777969074,9
"85",2020-05-24,1932,302,237,8,14,10,0,3,7,1,2,38,36,1,251,7,332,0.0150600004196167,25,0.04,1.68064989896716,2.50637447032861,9.89515609178607,297.476734245628,10
"86",2020-05-25,1947,298,240,6,11.1,15,1,7,7,0,2,37,35,3,251,8,401,0.0174600005149841,8,0,1.71184846124906,2.16936916860257,14.8779540951508,293.453790044368,15
"87",2020-05-26,1953,288,243,16,10.1,6,0,2,4,1,2,37,35,3,252,4,1123,0.00800999999046326,41,0.0731699991226196,1.03051545990701,1.54731422886658,5.96326479983116,285.355065587843,6
"88",2020-05-27,1958,260,243,8,8.9,5,0,1,4,1,2,35,33,0,253,4,1150,0.00957000017166138,13,0.0769199991226196,1.03228376491871,1.25274173711831,4.96320176434931,257.608114682705,5
"89",2020-05-28,1962,235,244,4,7.9,4,0,2,2,1,1,32,31,1,254,2,1403,0.00284999996423721,88,0,0.268179071081476,1.01312751779898,3.99522005625313,234.438356609743,4
"90",2020-05-29,1969,225,247,7,7.9,7,0,3,4,2,1,33,32,3,256,4,1380,0.0065200001001358,37,0,0.634975309681539,1.0226218273021,6.97736477907325,223.72676882287,7
"91",2020-05-30,1972,207,248,15,9.1,3,1,1,1,0,1,32,31,1,256,2,1020,0.0127499997615814,119,0,1.1417910234252,1.07146328417574,2.97964905747251,204.893677448405,3
"92",2020-05-31,1976,192,249,10,9.4,4,0,1,3,3,1,35,34,1,259,3,1309,0.00535000026226044,11,0.0909099960327148,0.606300022701422,0.917984730423489,3.98379023394395,190.962574972413,4
"93",2020-06-01,1987,182,250,5,9.3,11,0,5,6,0,1,32,31,1,259,6,763,0.00130999997258186,20,0,0.127653892602805,0.691671220616882,10.9931742053183,181.792950894655,11
"94",2020-06-02,1990,163,251,8,8.1,3,0,1,2,0,1,27,26,1,259,2,858,0.0104900002479553,9,0,1.03811075118174,0.692756262227556,2.98149702371009,161.492007432372,3
"95",2020-06-03,2000,154,251,8,8.1,10,0,7,3,0,0,23,23,0,259,3,1110,0.00449999988079071,141,0,0.399280564962245,0.602327233662347,9.98932501351406,153.452017360388,10
"96",2020-06-04,2007,144,254,8,8.7,7,0,2,5,0,0,21,21,3,259,5,1430,0.00559000015258789,21,0,0.550909732474203,0.642717328147022,6.9754518732557,143.293013949764,7
"97",2020-06-05,2011,135,256,15,9.9,4,0,1,3,1,0,22,22,2,260,3,1366,0.00952000021934509,29,0,0.932209340474939,0.685179332546079,3.97507686828539,133.878459072842,4
"98",2020-06-06,2014,126,257,2,8,3,0,0,3,0,0,22,22,1,260,3,1404,0.000710000023245811,68,0,0.0677201109128478,0.5317406307586,2.99818946542292,125.923957547763,3
"99",2020-06-07,2015,117,258,4,7.1,1,0,0,1,0,0,21,21,1,260,1,870,0.00230000004172325,22,0,0.22432735832951,0.477173107276898,0.998000828048634,116.76609688169,1
"100",2020-06-08,2018,109,258,0,6.4,3,0,0,3,0,0,20,20,0,260,3,701,0.0014300000667572,12,0,0.140593274445554,0.479021590397291,2.99624116113725,108.863428854653,3
"101",2020-06-09,2028,106,259,3,5.7,10,0,3,7,0,0,19,19,1,260,7,1338,0.00224000006914139,10,0,0.222338285794598,0.362482666770557,9.98612988056429,105.789966762831,10
"102",2020-06-10,2038,104,259,7,5.6,10,0,4,6,0,0,18,18,0,260,6,1281,0.00233999997377396,12,0,0.231828303666236,0.338560915156841,9.98760388445688,103.785133997253,10
"103",2020-06-11,2045,103,260,5,5.1,7,0,2,5,0,0,17,17,1,260,5,1529,0.00326999992132187,6,0,0.325721816267175,0.306391212841551,6.98548607882965,102.701013223891,7
"104",2020-06-12,2049,106,260,10,4.4,4,0,2,2,0,0,17,17,0,260,2,1596,0.00814999997615814,13,0,0.808415162333648,0.288706330249938,3.98559104935188,105.23632561565,4
"105",2020-06-13,2052,104,260,6,5,3,0,3,0,0,0,17,17,0,260,0,1479,0.00270000010728836,23,0.0434800004959106,0.332446083228058,0.326524326294968,3,103.691878170601,3
"106",2020-06-14,2055,101,260,1,4.6,3,0,1,2,0,0,17,17,0,260,2,768,0,13,0,0,0.294477560819324,3,101,3
"107",2020-06-15,2060,99,260,2,4.9,5,0,2,3,0,0,15,15,0,260,3,720,0.00555999994277954,17,0,0.543175028331244,0.351989239945851,4.98547791554171,98.5207712128763,5
"108",2020-06-16,2064,98,260,3,4.9,4,0,1,3,1,0,15,15,0,261,3,1250,0.000799999982118607,14,0,0.0791139222822989,0.331528616586951,3.99788484558147,97.9309049556613,4
"109",2020-06-17,2067,88,260,8,5,3,0,0,3,1,1,7,6,0,262,3,1098,0.0091100001335144,26,0,0.889927059305944,0.425542724535481,2.97620730843119,87.302081047315,3
"110",2020-06-18,2069,74,260,2,4.6,2,0,0,2,0,1,7,6,0,262,2,1304,0.00230000004172325,122,0,0.210322584460527,0.409057119991674,1.99625127300813,73.8612971013008,2
"111",2020-06-19,2072,72,260,5,3.9,3,0,0,3,0,1,6,5,0,262,3,1875,0.0010700000077486,19,0,0.105926611115556,0.308701612674804,2.9971679935329,71.9320318447896,3
"112",2020-06-20,2078,72,261,1,3.1,6,0,0,6,1,1,6,5,1,263,6,1792,0.000560000017285347,158,0,0.0514625656910432,0.268561110169516,5.99724823975174,71.9669788770208,6
"113",2020-06-21,2084,76,261,1,3.1,6,0,0,6,0,1,5,4,0,263,6,1102,0.00363000005483627,86,0,0.336722227308887,0.316664285499357,5.98199509046287,75.7719378125297,6
"114",2020-06-22,2086,75,262,6,3.7,2,0,1,1,0,1,2,1,1,263,1,509,0.0039300000667572,10,0,0.385427752211834,0.294128960339441,1.99656512537197,74.7423844028974,2
"115",2020-06-23,2095,80,262,4,3.9,9,0,0,9,0,1,2,1,0,263,9,1255,0.00158999994397163,20,0,0.156505876837992,0.305184953847398,8.98744718676422,79.8884194379042,9
"116",2020-06-24,2097,74,263,3,3.1,2,0,0,2,1,1,3,2,1,264,2,1733,0.00289000004529953,24,0,0.285052366448724,0.218774283439223,1.99491931167096,73.8120145318254,2
"117",2020-06-25,2103,72,263,6,3.7,6,0,0,6,0,1,3,2,0,264,6,1796,0.00277999997138977,21,0.0476200008392334,0.32982388366758,0.235845897611659,5.98236395251933,71.7883674302319,6
"118",2020-06-26,2107,66,263,6,3.9,4,0,0,4,0,1,3,2,0,264,4,2028,0.00196999996900558,23,0,0.194790830674955,0.248540786120145,3.99305621270685,65.885427509663,4
"119",2020-06-27,2110,68,263,3,4.1,3,0,0,3,0,1,2,1,0,264,3,1574,0.000640000030398369,80,0,0.0609044768952257,0.249889630577885,2.99837168516366,67.9630915303763,3
"120",2020-06-28,2112,67,263,2,4.3,2,0,0,2,0,1,2,1,0,264,2,880,0.00114000000059605,12,0,0.112466367771807,0.217853079215445,1.99799543301721,66.9328470060767,2
"121",2020-06-29,2116,68,263,1,3.6,4,0,0,4,2,1,4,3,0,266,4,854,0.00351000010967255,8,0,0.347742470262222,0.212469467508358,3.98760388393063,67.7892660268207,4
"122",2020-06-30,2119,67,263,10,4.4,3,0,0,3,0,1,4,3,0,266,3,1605,0.00435999989509583,11,0,0.433032167798812,0.251973223359904,2.98842264576622,66.741439088779,3
"123",2020-07-01,2121,66,263,4,4.6,2,0,0,2,0,2,4,2,0,266,2,1601,0.00312000006437302,15,0,0.309103966773589,0.255409166263456,1.994490623123,65.8181905630589,2
"124",2020-07-02,2127,65,263,4,4.3,6,0,1,5,0,1,4,3,0,266,5,1012,0.00197999998927116,12,0,0.195679686439689,0.236245709516614,5.9912806591337,64.8866485687381,6
"125",2020-07-03,2135,73,263,4,4,8,0,0,8,0,1,4,3,0,266,8,1334,0.00300000011920929,14,0,0.296884284794154,0.2508304886765,7.97883369235454,72.8068574427352,8
"126",2020-07-04,2138,73,263,4,4.1,3,0,0,3,0,1,4,3,0,266,3,1257,0.00317999988794327,40,0,0.308192741645697,0.286157383640853,2.99176029679169,72.7995005552646,3
"127",2020-07-05,2140,70,263,5,4.6,2,0,0,2,0,1,3,2,0,266,2,734,0.00272000014781952,47,0,0.255631255889824,0.306609510514855,1.99544370476724,69.8405296668533,2
"128",2020-07-06,2146,70,263,0,4.4,6,0,1,5,0,1,3,2,0,266,5,602,0,10,0,0,0.256932014763109,6,70,6
"129",2020-07-07,2153,71,263,6,3.9,7,0,1,6,0,1,2,1,0,266,6,1272,0.0039300000667572,21,0,0.386617175940848,0.250301301640543,6.97932715243081,70.7553713037646,7
"130",2020-07-08,2166,77,263,5,4,13,0,1,12,0,1,2,1,0,266,12,1684,0.00296999990940094,39,0,0.29027741424441,0.247611794136374,12.9689570918682,76.8008080061543,13
"131",2020-07-09,2174,81,263,5,4.1,8,0,0,8,1,0,3,3,0,267,8,1504,0.00266000002622604,41,0,0.258941102876632,0.256649139341652,7.98153884416839,80.8130807972049,8
"132",2020-07-10,2190,94,263,12,5.3,16,0,0,16,0,0,3,3,0,267,16,1900,0.00684000015258789,14,0.0714300012588501,0.73124453017455,0.318700602967423,15.8957321253938,93.3874262366886,16
"133",2020-07-11,2197,99,263,7,5.7,7,0,0,7,1,1,3,2,0,268,7,1571,0.00381999999284744,25,0,0.376016290022765,0.328389681307004,6.97654299243268,98.6682508929765,7
"134",2020-07-12,2220,119,263,9,6.3,23,0,2,21,1,1,4,3,0,269,21,1068,0.00842999994754791,13,0,0.832862159480219,0.410851238962775,22.8441307903739,118.116741145452,23
"135",2020-07-13,2243,137,263,6,7.1,23,0,2,21,0,0,4,4,0,269,21,808,0.00619000017642975,65,0,0.572911814725686,0.492695783923587,22.892780202906,136.300518466577,23
"136",2020-07-14,2262,147,263,4,6.9,19,0,2,17,1,0,5,5,0,270,17,1406,0.00356000006198883,66,0,0.340038049399205,0.486041622989067,18.9484837377442,146.554535849906,19
"137",2020-07-15,2283,167,263,15,8.3,21,0,0,21,1,0,6,6,0,271,21,1404,0.00782999992370606,46,0,0.758159992612641,0.552881991327386,20.8581112162757,165.871646338954,21
"138",2020-07-16,2305,185,263,7,8.6,22,0,1,21,0,0,6,6,0,271,21,1695,0.00708000004291534,25,0.04,0.75584884143846,0.623868811121932,21.8585437455997,183.753837758854,22
"139",2020-07-17,2335,212,263,17,9.3,30,0,0,29,0,1,6,5,0,271,29,1787,0.00726999998092651,21,0,0.718555860946664,0.622056144089377,28.8142937835654,210.642423521237,30
"140",2020-07-18,2361,231,263,16,10.6,26,0,0,24,2,1,7,6,0,273,24,1551,0.00708999991416931,81,0,0.673810653607635,0.664598196030073,23.8558823994446,229.612868094654,26
"141",2020-07-19,2379,249,263,28,13.3,18,0,0,18,0,1,7,6,0,273,18,2025,0.0212299990653992,22,0,2.10018310246377,0.845644045027723,17.6631026670844,244.339586894667,18
"142",2020-07-20,2409,274,263,47,19.1,30,0,0,27,2,3,9,6,0,275,27,1548,0.0148599994182587,35,0.0285700011253357,1.51631264301018,0.980415591925508,26.6351448942496,270.297396334237,30
"143",2020-07-21,2433,293,263,23,21.9,24,0,0,23,0,3,9,6,0,275,23,1428,0.0161099994182587,15,0,1.59425358068423,1.15958923925194,22.6732217483018,288.837129228366,24
"144",2020-07-22,2460,313,263,13,21.6,27,0,1,23,2,3,10,7,0,277,23,1771,0.00902999997138977,16,0,0.894914938406899,1.17912566007969,23.8165669862471,310.503715943276,27
"145",2020-07-23,2479,321,263,29,24.7,19,0,1,17,1,3,11,8,0,278,17,1667,0.0101999998092651,32,0,1.0007886805206,1.21411706566285,17.8483790498756,318.137039706475,19
"146",2020-07-24,2502,336,263,34,27.1,23,0,1,18,0,3,8,5,0,278,18,2036,0.0122800004482269,83,0,1.17989999587494,1.28002337065261,18.8107283306626,332.466928839036,23
"147",2020-07-25,2514,335,263,26,28.6,12,0,1,10,1,3,9,6,0,279,10,2126,0.00800000011920929,320,0,0.695339339878943,1.28309889726279,10.9380323953655,332.924085244743,12
"148",2020-07-26,2521,337,263,21,27.6,7,0,0,6,2,4,11,7,0,281,6,1816,0.0121099996566772,73,0,1.16420113163186,1.14938718714395,5.9377488791709,333.503562046765,7
"149",2020-07-27,2536,339,264,22,24,15,0,1,13,1,4,11,7,1,282,13,1601,0.00874000012874603,24,0,0.861091704992148,1.05578419599852,13.9002390294215,336.398540844145,15
"150",2020-07-28,2556,329,264,14,22.7,20,0,2,17,1,4,12,8,0,283,17,1488,0.00739000022411346,24,0,0.727269863325452,0.931929379232978,18.889817551077,326.867645547313,20
"151",2020-07-29,2572,323,264,20,23.7,16,2,2,12,2,4,13,9,0,285,14,2254,0.00620999991893768,52,0,0.606996522865808,0.890798177012822,15.924267525594,321.252743626204,16
"152",2020-07-30,2592,333,264,19,22.3,20,1,0,18,1,4,14,10,0,286,19,1891,0.00898999989032745,134,0,0.839510607042431,0.867758452230227,18.8578497275211,330.508629434976,20
"153",2020-07-31,2602,320,264,18,20,10,0,1,9,1,3,15,12,0,287,9,2129,0.00797999978065491,207,0,0.727286795077667,0.803099423544901,9.94166675723679,317.925929146197,10
"154",2020-08-01,2619,307,264,15,18.4,17,0,0,17,1,2,15,13,0,288,17,1629,0.00551999986171722,83,0.0120500004291534,0.583658283315251,0.787144986892945,16.9115749156773,305.403147006643,17
"155",2020-08-02,2627,292,264,2,15.7,8,0,0,8,0,2,15,13,0,288,8,1340,0.00149000003933907,11,0,0.147786828476266,0.641942943585003,7.98946356665647,291.615420182961,8
"156",2020-08-03,2636,278,264,10,14,9,0,1,7,0,1,14,13,0,288,7,1046,0.0114699995517731,47,0,1.09767790769942,0.675740972543185,7.93152360769841,275.280508991451,9
"157",2020-08-04,2648,266,264,20,14.9,12,0,1,11,1,1,13,12,0,289,11,1699,0.0058899998664856,12,0,0.584869069150148,0.655398001946712,11.9426650751976,264.613537272961,12
"158",2020-08-05,2657,246,264,12,13.7,9,1,0,8,1,1,14,13,0,290,9,1599,0.005,70,0,0.479029358897543,0.637116978522675,8.96157865635345,244.949816606994,9
"159",2020-08-06,2667,222,264,12,12.7,10,0,0,10,1,2,12,10,0,291,10,1639,0.00305000007152557,10,0,0.303150401287472,0.560494091986252,9.97298368848934,221.400237884463,10
"160",2020-08-07,2679,223,264,6,11,12,0,3,9,1,2,12,10,0,292,9,1689,0,39,0,0,0.456595978403728,12,223,12
"161",2020-08-08,2685,206,264,14,10.9,6,1,1,4,0,1,12,11,0,292,5,1518,0.00725000023841858,95,0,0.682300084433937,0.470687664277826,5.96959721717911,204.747405347779,6
"162",2020-08-09,2687,197,264,16,12.9,2,0,1,1,2,2,14,12,0,294,1,1589,0.00441000014543533,102,0,0.414399185753799,0.508775143888902,1.99630693627832,196.272466446828,2
"163",2020-08-10,2699,198,264,8,12.6,12,2,0,10,0,1,14,13,0,294,12,1384,0.00578000009059906,27,0,0.566939767922686,0.432955409635084,11.9393702083998,196.999608438597,12
"164",2020-08-11,2712,202,264,8,10.9,13,2,1,10,0,1,14,13,0,294,12,1460,0.00342000007629395,41,0,0.332658235269098,0.396925290509219,12.9644247932151,201.401150685787,13
"165",2020-08-12,2719,185,264,12,10.9,7,3,0,4,0,2,12,10,0,294,7,1486,0.00268999993801117,7,0,0.267738774808078,0.366740921353581,6.98329766386888,184.558581116535,7
"166",2020-08-13,2741,188,264,11,10.7,22,0,0,22,0,2,11,9,0,294,22,1689,0.00532999992370605,56,0,0.515895121555274,0.397133024248982,21.8988532320806,187.135654892325,22
"167",2020-08-14,2752,182,264,6,10.7,11,4,1,6,1,2,12,10,0,295,10,1882,0.00477999985218048,36,0,0.469028139822923,0.464137044223685,10.9582009118942,181.239256596475,11
"168",2020-08-15,2756,174,264,2,9,4,0,0,4,1,2,13,11,0,296,4,2044,0.00734000027179718,21,0,0.726535620123653,0.470456406465073,3.97410089176397,172.873388791733,4
"169",2020-08-16,2760,156,264,26,10.4,4,0,1,3,0,2,13,11,0,296,3,1196,0.00501999974250793,22,0,0.492932651234769,0.481675472962354,3.98682117324967,155.314701008983,4
"170",2020-08-17,2783,170,265,8,10.4,23,1,4,18,1,1,11,10,1,297,19,1358,0.00662999987602234,32,0,0.647736678535132,0.493217888764132,22.8903218797048,169.01866944999,23
"171",2020-08-18,2809,189,265,15,11.4,26,1,1,24,0,1,9,8,0,297,25,1888,0.00583000004291534,77,0.0519500017166138,0.76372469278389,0.554798811266246,25.8298449868365,187.713628100484,26
"172",2020-08-19,2833,198,265,23,13,24,4,3,15,2,1,9,8,0,299,19,1519,0.0118499994277954,25,0.04,1.23057960691847,0.692347501567731,21.7916319043941,195.828585108949,24
"173",2020-08-20,2850,206,266,24,14.9,17,1,0,16,3,0,8,8,1,302,17,1607,0.00995999991893768,103,0,0.936007009925898,0.752363485620677,16.8581935678027,204.281639703963,17
"174",2020-08-21,2871,213,266,16,16.3,21,3,2,16,0,0,8,8,0,302,19,1804,0.00721000015735626,116,0.00861999988555908,0.729518764093518,0.789576431945048,20.8764741145324,211.615209810285,21
"175",2020-08-22,2890,223,266,16,18.3,19,1,0,18,1,0,9,9,0,303,19,1864,0.00589999973773956,73,0,0.567764559171221,0.766894851808986,18.9038631720517,221.87165722987,19
"176",2020-08-23,2907,233,266,13,16.4,17,0,1,15,0,0,9,9,0,303,15,694,0.0172899997234344,5,0,1.71663230444399,0.941709087981732,15.7705244349546,229.435479556295,17
"177",2020-08-24,2926,249,266,19,18,19,2,0,17,1,1,10,9,0,304,19,1142,0.00962999999523163,58,0,0.91645499954621,0.980097419554743,18.8448211055259,246.966339751366,19
"178",2020-08-25,2940,251,266,23,19.1,14,0,1,13,4,2,13,11,0,308,13,1647,0.0145700001716614,73,0,1.3951622257399,1.0703027814056,13.8383647909422,247.879197117423,14
"179",2020-08-26,2958,259,266,15,18,18,1,4,13,0,2,13,11,0,308,14,1832,0.0049099999666214,41,0,0.480251998870817,0.96311312311308,17.9400809216481,257.89149705049,18
"180",2020-08-27,2971,262,266,16,16.9,13,1,3,9,1,2,11,9,0,309,10,1469,0.00612999975681305,9,0,0.609267228874044,0.916436011534243,12.9457030134923,260.577418953499,13
"181",2020-08-28,2999,272,266,20,17.4,28,0,3,21,1,1,11,10,0,310,21,2137,0.00607999980449677,35,0,0.598202559033591,0.897676553668539,23.8880470687598,270.549942985841,28
"182",2020-08-29,3020,286,266,12,16.9,21,0,2,18,0,1,11,10,0,310,18,1790,0.00726000010967255,11,0.0909099960327148,0.777091068999096,0.927580340786807,19.8753442458083,284.019358572287,21
"183",2020-08-30,3040,300,267,16,17.3,20,0,6,12,2,1,12,11,1,312,12,1402,0.00428000003099442,33,0,0.418157494317364,0.742083939340146,17.9552813135169,298.882032837923,20
"184",2020-08-31,3060,308,267,13,16.4,20,1,3,16,1,1,13,12,0,313,17,1353,0.00517000019550324,54,0,0.497157801315983,0.682184339592971,19.9246798653258,306.635376383549,20
"185",2020-09-01,3085,312,267,18,15.7,25,1,2,22,0,1,13,12,0,313,23,1361,0.0154299998283386,22,0.0909099960327148,1.6630693911127,0.720456791789084,24.6591163948665,307.375839791233,25
"186",2020-09-02,3121,322,267,15,15.7,36,1,9,26,0,1,11,10,0,313,27,1528,0.00261999994516373,51,0,0.253537676770752,0.688069031489075,35.9389937713068,321.272444235585,36
"187",2020-09-03,3143,323,267,24,16.9,22,1,4,17,1,1,10,9,0,314,18,1493,0.00938000023365021,133,0.00751999974250793,0.922785997207461,0.732857426965278,21.8519728394413,320.343734841085,22
"188",2020-09-04,3165,327,267,24,17.4,22,0,3,19,3,1,13,12,0,317,19,2705,0.00813000023365021,258,0.00774999976158142,0.809691210614641,0.763070091476856,21.8628989017565,324.640417940756,22
"189",2020-09-05,3190,334,267,17,18.1,25,1,11,13,2,1,15,14,0,319,14,2256,0.00398999989032745,164,0,0.371960320354493,0.705194270241913,24.9535920316177,332.892838468594,25
"190",2020-09-06,3211,336,267,26,19.6,21,1,3,16,1,1,16,15,0,320,17,1310,0.00611000001430511,192,0.03125,0.932363516560566,0.778652273419513,19.8587455623812,333.208147585887,21
"191",2020-09-07,3252,361,267,29,21.9,41,2,6,33,0,1,14,13,0,320,35,1290,0.0147300004959106,44,0,1.4244153403092,0.91111763613283,40.555703804553,356.41740209839,41
"192",2020-09-08,3304,398,267,24,22.7,52,0,14,36,3,1,16,15,0,323,36,1097,0.0127600002288818,4,0,1.27136423715562,0.855159756996105,49.592112497087,393.490577051128,52
"193",2020-09-09,3349,429,267,15,22.7,45,2,10,31,0,1,15,14,0,323,33,1587,0.0144900000095367,29,0,1.42299690687715,1.02222536129702,42.5815093071941,423.559620993524,45
"194",2020-09-10,3426,491,267,33,24,77,1,21,52,2,2,16,14,0,325,53,1959,0.0127600002288818,61,0,1.23746734892968,1.06717984011448,73.4155094066274,485.585190918001,77
"195",2020-09-11,3456,505,267,60,29.1,30,0,1,25,0,1,14,13,0,325,25,2314,0.0155599999427795,93,0.0752699995040894,1.78670335776785,1.20675300399351,25.6019291555809,496.958968942734,30
"196",2020-09-12,3505,530,269,47,33.4,49,0,4,42,1,0,14,14,2,326,42,1900,0.0168400001525879,26,0,1.66126688940379,1.39093965671484,45.3781915672793,522.153369777572,49
"197",2020-09-13,3540,543,270,31,34.1,35,1,5,29,1,1,13,12,1,327,30,1199,0.0166799998283386,44,0,1.6089557356539,1.48759568801389,34.5698367954321,535.214045997321,35
"198",2020-09-14,3608,593,272,59,38.4,68,0,19,49,1,1,13,12,2,328,49,2394,0.0141999995708466,218,0.0412799978256226,1.6460121936674,1.51925238135077,67.2812182595521,584.30127403907,68
"199",2020-09-15,3681,642,273,41,40.9,73,0,15,55,1,1,13,12,1,329,55,2961,0.0121599996089935,28,0,1.20460886056306,1.5097158989804,69.4095588048707,635.107940958672,73
"200",2020-09-16,3758,682,274,41,44.6,77,0,7,67,1,0,13,13,1,330,67,1887,0.0190799999237061,162,0.00616999983787537,1.80592971350752,1.56442058564189,72.921690195213,671.02377183784,77
"201",2020-09-17,3808,707,278,57,48,50,2,4,38,2,2,13,11,4,332,40,2512,0.0191100001335144,208,0.00481000006198883,1.80164707162801,1.6450176888845,43.3577596029871,695.648400982797,50
"202",2020-09-18,3896,775,278,47,46.1,88,1,6,78,0,2,13,11,0,332,79,2409,0.0128699994087219,281,0.0213499999046326,1.37558284568078,1.58628618715778,84.0315398606519,765.499283443104,88
"203",2020-09-19,3966,825,280,47,46.1,70,2,4,60,0,2,12,10,2,332,62,2101,0.0214199995994568,161,0,1.98954107685494,1.6331824996508,64.9007094173149,810.372343052981,70
"204",2020-09-20,4009,857,280,76,52.6,43,1,4,34,2,2,13,11,0,334,35,2847,0.0186199998855591,112,0,1.79152212484578,1.6592634123925,38.4411977731472,843.317328331061,43
"205",2020-09-21,4118,937,280,55,52,109,2,22,82,1,3,14,11,0,335,84,2949,0.0189900004863739,73,0,1.85312744653596,1.68885130565944,104.612757190898,921.525636760376,109
"206",2020-09-22,4227,1016,280,85,58.3,109,0,27,81,3,3,17,14,0,338,81,2507,0.0135599994659424,64,0.03125,1.4000357316654,1.71676943010263,106.989370324215,1003.32345986917,109
"207",2020-09-23,4333,1075,281,67,62,106,0,26,75,2,3,18,15,1,340,75,1896,0.0168799996376038,7,0.571430015563965,1.89198578149472,1.7290631541008,99.7354178727081,1056.87432284215,106
"208",2020-09-24,4434,1129,282,38,59.3,101,2,18,75,2,3,20,17,1,342,77,2730,0.0128199994564056,55,0,1.25668217292594,1.65121102571479,94.1376489682912,1116.35591798962,101
"209",2020-09-25,4553,1192,284,57,60.7,119,5,16,86,3,3,22,19,2,345,91,3291,0.0133700001239777,59,0.0339000010490417,1.37315732745982,1.65086452311179,105.886399034329,1177.41305108703,119
"210",2020-09-26,4638,1239,286,76,64.9,85,3,14,66,3,4,23,19,2,348,69,3437,0.0299699997901916,12,0,2.98657260883992,1.79329759910965,81.1635036216743,1206.02291285876,85
"211",2020-09-27,4720,1269,287,109,69.6,82,2,12,64,2,4,24,20,1,350,66,2684,0.0331599998474121,13,0,3.30001629923819,2.00879676687999,76.0589893053674,1231.67965800775,82
"212",2020-09-28,4835,1339,288,86,74,115,3,11,97,6,4,29,25,1,356,100,3135,0.0258400011062622,192,0.0104200005531311,2.49501182970644,2.10049453590435,108.776482678965,1309.22710307134,115
"213",2020-09-29,4942,1370,291,58,70.1,107,5,18,74,4,3,29,26,3,360,79,2165,0.0263299989700317,79,0.0253200006484985,2.62944419881239,2.27612431692535,95.1487760601364,1337.89649623275,107
"214",2020-09-30,5025,1399,291,107,75.9,83,1,10,67,5,5,32,27,0,365,68,3170,0.0305999994277954,281,0.0142299997806549,2.92670611777675,2.42394150782278,76.2263989553468,1362.51076674309,83
"215",2020-10-01,5125,1434,293,105,85.4,100,2,11,78,3,5,31,26,2,368,80,3844,0.0226300001144409,120,0.00833000004291534,2.21971040476944,2.56151696951471,89.4174617614485,1405.63300207396,100
"216",2020-10-02,5221,1484,294,115,93.7,96,0,13,79,1,5,31,26,1,369,79,3362,0.021710000038147,197,0,2.05082945007727,2.65832727274577,90.5561417974661,1456.87739781569,96
"217",2020-10-03,5294,1496,295,65,92.1,73,2,6,64,5,6,33,27,1,374,66,3113,0.0301999998092651,485,0.0103100001811981,2.75188853513406,2.62480097650208,70.3813882742442,1459.31146754954,73
"218",2020-10-04,5352,1478,295,77,87.6,58,1,7,47,3,6,34,28,0,377,48,3118,0.0291899991035461,102,0,2.82653469580301,2.55716074743991,53.7908965343165,1440.76968911916,58
"219",2020-10-05,5430,1479,295,82,87,78,3,13,59,3,6,35,29,0,380,62,3821,0.0177999997138977,238,0.00839999973773956,1.72488294763206,2.447142335715,74.0469422307362,1456.26496063321,78
"220",2020-10-06,5506,1452,296,139,98.6,76,5,15,53,2,7,36,29,1,382,58,2158,0.0194599997997284,55,0,1.89763576899295,2.34259827431222,72.0191360811772,1427.44457913568,76
"221",2020-10-07,5607,1466,296,174,108.1,101,12,22,63,3,10,38,28,0,385,75,2268,0.0313100004196167,76,0,3.02948297575472,2.35728068259479,94.9751274752985,1426.42049171717,101
"222",2020-10-08,5687,1425,296,85,105.3,80,5,14,55,2,9,38,29,0,387,60,2434,0.0271199989318848,182,0,2.52332100153698,2.40065362499015,72.6507523804146,1392.95536903485,80
"223",2020-10-09,5771,1427,296,97,102.7,84,5,19,58,2,9,39,30,0,389,63,2508,0.0207299995422363,247,0.00810000002384186,1.95976547578285,2.38764448580523,80.8996963340725,1402.07724870986,84
"224",2020-10-10,5836,1412,297,67,103,65,5,7,51,6,9,45,36,1,395,56,2628,0.0300600004196167,21,0,2.98216991705371,2.42054182607947,61.5117074091204,1374.47376538711,65
"225",2020-10-11,5900,1377,297,140,112,64,6,6,48,5,10,48,38,0,400,54,2660,0.0233100008964539,238,0.0168099999427795,2.2776184393012,2.34212521800778,58.903919029679,1349.04993525682,64
"226",2020-10-12,5962,1349,297,63,109.3,62,2,14,43,3,10,48,38,0,403,45,1994,0.0150499999523163,237,0.0126600003242493,1.47961093598233,2.30708635920068,58.4066267632802,1331.21198897033,62
"227",2020-10-13,6047,1371,298,74,100,85,4,10,68,1,7,47,40,1,404,72,2117,0.0302300000190735,18,0,2.9975133508374,2.4642117280356,80.0766357902957,1334.37593984021,85
"228",2020-10-14,6114,1376,300,84,87.1,67,1,16,49,2,7,47,40,2,406,50,3004,0.0296300005912781,110,0.0363599991798401,2.98677333609447,2.45811035094128,64.669116080385,1339.3740745322,67
"229",2020-10-15,6200,1403,300,107,90.3,86,3,25,52,5,8,51,43,0,411,55,2119,0.021710000038147,105,0.00952000021934509,2.11344829603708,2.39955710729843,78.9640895243184,1376.57486550216,86
"230",2020-10-16,6275,1424,301,78,87.6,75,2,10,59,4,8,49,41,1,415,61,3126,0.0214299988746643,280,0.0035699999332428,1.99617664308598,2.40475870262745,69.9148326648279,1398.66756909369,75
"231",2020-10-17,6322,1406,302,64,87.1,47,1,10,36,6,8,51,43,1,421,37,3037,0.0214000010490417,149,0,2.03991849296735,2.2701513563294,46.327360376418,1380.43969430388,47
"232",2020-10-18,6379,1373,305,74,77.7,57,1,11,40,2,6,49,43,3,423,41,1144,0.0271000003814697,37,0.0540500020980835,2.79443272769098,2.34398196895651,50.9789537290412,1338.80740170667,57
"233",2020-10-19,6443,1351,307,69,78.6,64,1,6,57,3,6,48,42,2,426,58,1334,0.0374799990653992,27,0,3.67364575703472,2.65741551482114,62.1011389896365,1306.76963405171,64
"234",2020-10-20,6521,1355,309,46,74.6,78,3,14,57,4,5,47,42,2,430,60,1595,0.0250799989700317,48,0.0208299994468689,2.49558358677117,2.58571126281168,72.6655838825593,1324.86443601446,78
"235",2020-10-21,6609,1377,312,69,72.4,88,1,46,40,4,4,46,42,3,434,41,2258,0.0305599999427795,446,0.00897000014781952,2.69989274913919,2.54472832181807,86.013497302626,1343.86794599307,88
"236",2020-10-22,6675,1364,312,88,69.7,66,2,24,36,2,3,46,43,0,436,38,2238,0.0268099999427795,87,0.0114900004863739,2.62367354469915,2.61761764305551,61.1114920856368,1332.1072422318,66
"237",2020-10-23,6754,1366,313,92,71.7,79,1,13,64,2,3,39,36,1,438,65,2768,0.0245700001716614,65,0.0153799998760223,2.4359145946735,2.68043735042515,76.5889470145735,1336.34617879858,79
"238",2020-10-24,6819,1359,317,63,71.6,65,2,17,41,2,3,39,36,4,440,43,2358,0.0211999988555908,191,0,1.96114544140773,2.6691840573452,59.248470269106,1335.24816501663,65
"239",2020-10-25,6889,1340,319,69,70.9,70,1,24,42,3,3,41,38,2,443,43,1751,0.0308400011062622,77,0,2.95409419787008,2.69199283879936,65.8679627881311,1304.72256130455,70
"240",2020-10-26,6962,1299,320,77,72,73,1,16,51,4,3,42,39,1,447,52,995,0.0392000007629395,121,0.0165299999713898,3.67420526484435,2.69207276848645,66.2973136022536,1256.46558402553,73
"241",2020-10-27,7040,1269,322,61,74.1,78,0,15,60,1,3,34,31,2,448,60,1354,0.0288000011444092,116,0,2.65273479928776,2.71452294170311,73.5815533928698,1238.9998542592,78
"242",2020-10-28,7152,1275,325,94,77.7,112,2,69,38,2,2,32,30,3,450,40,1900,0.0405299997329712,166,0.01807000041008,3.87253724882471,2.88204358451532,107.619541030372,1230.99787034312,112
"243",2020-10-29,7216,1260,326,65,74.4,64,0,18,42,9,2,40,38,1,459,42,2190,0.0292199993133545,96,0,2.79929127280168,2.90713183138712,58.9522316190301,1228.5669485709,64
"244",2020-10-30,7266,1229,328,122,78.7,50,1,9,36,4,2,43,41,2,463,37,2789,0.0358599996566772,105,0.0571400022506714,3.66320799166528,3.0824594595288,44.7920993642093,1188.87811131387,50
"245",2020-10-31,7305,1159,329,83,81.6,39,0,5,32,2,2,42,40,1,465,32,2352,0.0276399993896484,322,0,2.43116224997955,3.1496047178962,36.3066830310028,1133.88892602913,39
"246",2020-11-01,7355,1119,332,50,78.9,50,1,6,40,1,2,40,38,3,466,41,1714,0.0256699991226196,104,0,2.42015283257261,3.07332737999656,46.1157103191779,1094.86536212586,50
"247",2020-11-02,7419,1071,332,56,75.9,64,3,8,47,6,2,45,43,0,472,50,1030,0.0174800002574921,14,0.0714300012588501,1.82034677038704,2.80849045221695,57.1888670574517,1053.62553237062,64
"248",2020-11-03,7490,999,333,36,72.3,71,1,36,33,1,2,46,44,1,473,34,1456,0.0219799995422363,13,0,2.17854862719511,2.74074957048943,69.3398933877317,979.604514539529,71
"249",2020-11-04,7555,923,337,53,66.4,65,5,1,51,1,1,43,42,4,474,56,1466,0.0272900009155273,295,0.0033899998664856,2.32863096551825,2.52019153001707,55.8378649408758,903.845523936221,65
"250",2020-11-05,7602,880,337,45,63.6,47,0,6,34,5,2,46,44,0,479,34,2536,0.0240499997138977,41,0,2.36673648717286,2.45839798921296,39.282871915193,861.439037804994,47
"251",2020-11-06,7676,874,341,79,57.4,74,1,12,58,4,3,48,45,4,483,59,2342,0.0234800004959106,116,0.0258599996566772,2.35923194148077,2.27211569632945,69.7595177369422,855.624042408262,74
"252",2020-11-07,7711,840,346,75,56.3,35,3,4,25,3,4,48,44,5,486,28,2499,0.0276099991798401,142,0,2.61254782091709,2.2980279207491,31.3480861799734,820.442585399203,35
"253",2020-11-08,7748,778,346,47,55.9,37,1,5,29,1,4,49,45,0,487,30,1176,0.0204099988937378,92,0.0108700001239777,1.97178223268467,2.23397497790797,34.4728331270238,764.328805760818,37
"254",2020-11-09,7818,746,350,31,52.3,70,3,24,41,7,4,48,44,4,494,44,711,0.0210999989509583,20,0.1,2.3258685710166,2.30619237799791,67.0879770762152,730.537065883103,70
"255",2020-11-10,7885,755,350,51,54.4,67,0,11,54,3,5,49,44,0,497,54,1374,0.0334800004959106,17,0,3.30708272332,2.46741153458718,63.4084996952253,732.74846796102,67
"256",2020-11-11,7942,755,353,78,58,57,0,6,49,2,5,48,43,3,499,49,2375,0.0261100006103516,241,0.0290499997138977,2.63808491516186,2.51161924167912,53.8479992590186,737.249784501205,57
"257",2020-11-12,7984,745,355,58,59.9,42,1,8,31,3,3,45,42,2,502,32,2318,0.0215700006484985,214,0.00467000007629395,2.01416435701211,2.4612517945133,39.4256021674088,731.627300459987,42
"258",2020-11-13,8022,721,357,81,60.1,38,1,7,26,0,3,38,35,2,502,27,2719,0.0217000007629395,200,0,2.02131901591067,2.41297851943186,33.5136302749271,708.012126971203,38
"259",2020-11-14,8043,698,357,51,56.7,21,3,2,14,3,3,39,36,0,505,17,1710,0.015789999961853,245,0.0163300001621246,1.58576726212221,2.26629558246116,18.7597539384298,688.135779354354,21
"260",2020-11-15,8073,654,360,29,54.1,30,1,1,25,0,2,37,35,3,505,26,984,0.0152400004863739,306,0.00653999984264374,1.31762794034426,2.17284496926967,26.6946949054832,646.320402622539,30
"261",2020-11-16,8117,615,363,11,51.3,44,0,3,39,3,2,35,33,3,508,39,735,0.0122399997711182,53,0,1.1416751055548,2.0036744742037,41.6031969093819,608.7427204941,44
"262",2020-11-17,8158,592,363,39,49.6,41,1,10,29,1,2,34,32,0,509,30,1828,0.020789999961853,38,0,2.03666237568421,1.82218585311287,39.455487062364,581.254944697316,41
"263",2020-11-18,8199,584,363,66,47.9,41,3,6,30,1,2,34,32,0,510,33,2684,0.0204900002479553,20,0.05,2.07082694768906,1.74114900061676,38.3909882728268,573.222337919116,41
"264",2020-11-19,8219,568,364,53,47.1,20,2,1,17,0,2,32,30,1,510,19,2476,0.0121200001239777,187,0.0160399997234344,1.23952685900304,1.63048650090118,19.7901169094541,561.725600240522,20
"265",2020-11-20,8244,525,364,29,39.7,25,1,2,20,1,2,32,30,0,511,21,2643,0.00757000029087067,222,0.0225200009346008,0.872842966012306,1.46641849377284,22.8366484277243,520.916210693107,25
"266",2020-11-21,8273,495,365,27,36.3,29,4,4,19,2,2,33,31,1,513,23,1495,0.0187300002574921,71,0,1.7880811229215,1.49532047388702,26.6334924190717,487.112119453935,29
"267",2020-11-22,8300,481,368,26,35.9,27,3,4,19,3,4,33,29,3,516,22,1220,0.0147500002384186,36,0,1.4327229530948,1.51176261856567,25.7190993091918,474.858489441876,27
"268",2020-11-23,8340,463,370,20,37.1,40,2,10,25,1,3,28,25,2,517,27,922,0.0173500001430511,13,0,1.71087701945381,1.5930771776941,36.5883288194316,455.940601607291,40
"269",2020-11-24,8384,473,370,21,34.6,44,2,7,34,1,3,24,21,0,518,36,1403,0.00855000019073486,41,0.0975599956512451,1.10772923056108,1.46037244267651,42.6446109647002,468.330582952867,44
"270",2020-11-25,8439,481,371,38,30.6,55,4,10,39,2,2,24,22,1,520,43,2618,0.0122200000286102,72,0.0138900005817413,1.22646989281736,1.33975000626627,52.5300049812537,475.742613860071,55
"271",2020-11-26,8484,496,372,60,31.6,45,3,4,37,3,2,24,22,1,523,40,3059,0.0143799996376038,224,0.00446000009775162,1.37031553193196,1.35843410239897,43.5115180963463,489.942824394694,45
"272",2020-11-27,8530,507,374,56,35.4,46,2,3,40,3,1,25,24,2,526,42,3154,0.0177600002288818,336,0.00298000007867813,1.63370546556817,1.46712874519267,44.3885077457742,499.618414931132,46
"273",2020-11-28,8575,510,375,60,40.1,45,2,3,40,2,1,26,25,1,528,42,2597,0.0119400000572205,191,0,1.11220158352229,1.3705745252785,44.5837054672367,504.944994959303,45
"274",2020-11-29,8620,524,377,23,39.7,45,0,4,38,5,1,29,28,2,533,38,898,0.0245000004768372,12,0,2.41769235474723,1.51128443980027,41.1812476837949,512.709836481804,45
"275",2020-11-30,8664,531,378,45,43.3,44,1,7,35,1,1,26,25,1,534,36,1135,0.0229099988937378,61,0,2.17415123280873,1.57746647027955,42.3024743882291,520.711497226379,44
"276",2020-12-01,8717,551,378,34,45.1,53,2,11,39,3,1,28,27,0,537,41,1906,0.0141700005531311,113,0.0176999998092651,1.43675686145195,1.62447041754967,51.4750293248705,543.944906292772,53
"277",2020-12-02,8759,565,379,50,46.9,42,1,5,34,6,1,32,31,1,543,35,2859,0.0101400005817413,81,0.0123500001430511,1.0200888324757,1.59498740892943,39.681819217709,559.863653085874,42
"278",2020-12-03,8797,564,380,40,44,38,0,6,31,3,1,34,33,1,546,31,3327,0.0102199995517731,202,0,0.963500666158941,1.53687099953329,36.7338161998661,559.157172152403,38
"279",2020-12-04,8839,567,382,54,43.7,42,1,5,32,2,1,32,31,2,548,33,2994,0.0110199999809265,165,0.0121200001239777,1.10774548791865,1.46173385986907,37.6742219364981,561.402540545285,42
"280",2020-12-05,8874,556,382,45,41.6,35,3,2,29,1,1,32,31,0,549,32,2277,0.0184500002861023,209,0,1.68988940673592,1.54426069175673,33.5180786467755,547.626616487724,35
"281",2020-12-06,8913,549,383,33,43,39,0,7,30,1,2,32,30,1,550,30,1397,0.0157500004768372,20,0,1.55276998349623,1.42070035300659,36.5848583666684,541.402908110032,39
"282",2020-12-07,8966,551,384,24,40,53,0,4,44,2,1,32,31,1,552,44,1068,0.0168499994277954,25,0.04,1.73795053878184,1.3583859681456,47.3185123392074,542.465915884165,53
"283",2020-12-08,9013,556,384,58,43.4,47,1,1,44,0,1,29,28,0,552,45,2367,0.01942999958992,69,0,1.88796424586785,1.4228441659193,45.2428634932749,546.645157828019,47
"284",2020-12-09,9068,567,386,39,41.9,55,2,3,48,1,3,26,23,2,553,50,2911,0.00962000012397766,167,0.00598999977111816,0.942305078709412,1.41173220109555,52.580115885772,562.238514144654,55
"285",2020-12-10,9112,565,386,57,44.3,44,2,0,42,1,3,25,22,0,554,44,3091,0.0139100003242493,252,0.00397000014781952,1.3160709255012,1.46209938100158,43.4839403789445,558.373325320537,44
"286",2020-12-11,9151,549,386,49,43.6,39,6,2,30,1,2,25,23,0,555,36,3047,0.0118099999427795,32,0,1.16872587936503,1.47081086549392,37.6250416154614,543.281884635786,39
"287",2020-12-12,9180,534,387,56,45.1,29,2,5,22,0,2,22,20,1,555,24,2616,0.0156700003147125,24,0,1.5527545766397,1.45122017548018,28.6678899886213,526.610552246824,29
"288",2020-12-13,9220,532,388,28,44.4,40,5,2,33,0,2,21,19,1,555,38,1502,0.0119799995422363,47,0,1.16165005244926,1.39534589961632,39.6066068252253,526.492495553154,40
"289",2020-12-14,9262,529,388,19,43.7,42,3,4,35,2,2,22,20,0,557,38,917,0.0174500000476837,20,0,1.70775347318313,1.39103203310222,41.4216687210304,520.949019826976,42
"290",2020-12-15,9310,539,389,51,42.7,48,2,7,38,1,1,22,21,1,558,40,2079,0.0134700000286102,49,0,1.31598355542672,1.30932050589635,46.5308860351123,532.678689323138,48
"291",2020-12-16,9364,555,389,54,44.9,54,3,4,46,0,1,20,19,0,558,49,2312,0.0168700003623962,94,0,1.62109064164007,1.4062898720293,52.2921010200868,546.981960533637,54
"292",2020-12-17,9401,550,390,60,45.3,37,1,5,29,2,0,20,20,1,560,30,3207,0.0134099996089935,83,0.0241000008583069,1.36796865706023,1.41370383368059,34.634266022222,543.294877074069,37
"293",2020-12-18,9442,539,390,23,41.6,41,3,4,34,0,0,19,19,0,560,37,3298,0.00727999985218048,170,0.00587999999523163,0.72113724082124,1.34976259960291,40.7622133022034,535.536026213179,41
"294",2020-12-19,9481,536,390,46,40.1,39,1,7,28,3,0,22,22,0,563,29,2799,0.0117900002002716,140,0,1.12283805922287,1.28834595425765,35.7098096070467,530.636481013,39
"295",2020-12-20,9525,531,390,24,39.6,44,5,2,34,0,0,19,19,0,563,39,1360,0.0161800003051758,51,0,1.55951810170369,1.34518424700828,40.4579704859815,523.620059693749,44
"296",2020-12-21,9599,551,390,28,40.9,74,7,8,59,1,0,18,18,0,564,66,1365,0.00658999979496002,32,0.03125,0.715486737302823,1.20343185616824,73.5791634698007,547.486652603942,74
"297",2020-12-22,9682,594,390,66,43,83,5,7,69,2,0,18,18,0,566,74,3021,0.0225099992752075,48,0,2.21579367254487,1.33197615861369,79.538735124002,582.270387346719,83
"298",2020-12-23,9782,661,390,53,42.9,100,5,6,88,1,1,16,15,0,567,93,2652,0.0199800002574921,199,0.0150800001621246,1.96379799070964,1.38093435133791,97.3724000504964,649.431789606216,100
"299",2020-12-24,9856,690,390,56,42.3,74,11,5,56,2,1,16,15,0,569,67,3469,0.01557000041008,144,0,1.49494413015686,1.39907370463743,71.1073778225698,680.807323844376,74
"300",2020-12-25,9919,719,390,52,46.4,63,6,2,54,0,1,13,12,0,569,60,2537,0.0295600008964539,161,0,2.77960423551903,1.69314041816568,60.5137149035421,701.189350260779,63
"301",2020-12-26,10012,761,390,86,52.1,93,5,4,83,2,2,15,13,0,571,88,951,0.0199800002574921,50,0,1.89819982466283,1.80390638465711,90.5113503182511,748.126563547603,93
"302",2020-12-27,10123,826,391,35,53.7,111,8,6,95,2,4,15,11,1,573,103,1480,0.0270300006866455,32,0.0625,2.77806885028012,1.97798506302517,106.449953279539,805.550110766014,111
"303",2020-12-28,10257,922,391,65,59,134,15,7,110,1,2,15,13,0,574,125,1188,0.04125,39,0.0256399989128113,4.07538385962507,2.45797036621406,127.460098378167,888.513685637358,134
"304",2020-12-29,10377,998,391,112,65.6,120,5,15,100,3,4,14,10,0,577,105,1880,0.0505299997329712,25,0.04,5.03918107600976,2.8613114238519,115.28461485169,953.181386876064,120
"305",2020-12-30,10514,1089,391,88,70.6,137,12,10,115,3,5,15,10,0,580,127,2458,0.0573600006103516,62,0,5.59487625000969,3.38003688946619,130.667690785837,1034.70169500611,137
"306",2020-12-31,10640,1177,391,147,83.6,126,0,9,117,2,5,15,10,0,582,117,2652,0.0331800007820129,144,0,3.14711595400209,3.6160614357298,122.718544537744,1143.98911898226,126
"307",2021-01-01,10757,1233,392,88,88.7,117,0,5,111,2,6,15,9,1,584,111,2759,0.0391400003433228,134,0.0149300003051758,3.80186246070242,3.76209832504171,112.239138950953,1191.22394888761,117
"308",2021-01-02,10869,1291,392,133,95.4,112,4,8,100,2,6,17,11,0,586,104,2369,0.0295499992370605,431,0,2.50014100687844,3.84808992250108,109.6827880981,1262.2353791793,112
"309",2021-01-03,10992,1318,393,107,105.7,123,0,5,118,3,5,20,15,1,589,118,1516,0.0600299978256226,126,0.0238100004196167,5.72506313986087,4.26908910672691,116.979532783516,1250.75444244639,123
"310",2021-01-04,11168,1430,393,115,112.9,176,5,30,141,5,8,23,15,0,594,146,1386,0.0533900022506714,155,0.00644999980926514,4.86685873393035,4.38215694591337,169.66758302906,1367.97701185998,176
"311",2021-01-05,11311,1506,395,105,111.9,143,2,19,122,6,8,25,17,2,600,124,2417,0.0575099992752075,97,0.0103100001811981,5.56888378145397,4.45782876097683,136.845996377519,1431.25863342374,143
"312",2021-01-06,11495,1602,395,132,118.1,184,11,42,130,7,7,30,23,0,607,141,2627,0.0513899993896484,211,0.0142200005054474,4.86264793880394,4.35322471651887,176.889737786851,1532.57702081231,184
"313",2021-01-07,11611,1636,395,188,124,116,2,7,106,6,9,34,25,0,613,108,2311,0.048899998664856,91,0.0109899997711182,4.74637747267502,4.58169064775786,110.431707141118,1566.79882298952,116
"314",2021-01-08,11744,1668,395,186,138,133,6,13,113,0,11,32,21,0,613,119,2661,0.0368300008773804,249,0,3.36785678126148,4.51968983640915,128.428353372718,1617.93691954364,133
"315",2021-01-09,11844,1679,397,153,140.9,100,6,2,92,4,11,32,21,2,617,98,3020,0.0324499988555908,375,0.00266999989748001,2.91606027998348,4.57910687542416,97.4532255698211,1635.36699726255,100
"316",2021-01-10,11937,1664,397,120,142.7,93,5,3,83,5,11,36,25,0,622,88,1824,0.0509899997711182,78,0,4.88989272252994,4.45979681580545,87.1651364884762,1591.48621723664,93
"317",2021-01-11,12101,1715,397,66,135.7,164,2,25,135,3,13,36,23,0,625,137,1608,0.0342000007629395,115,0,3.1917354165297,4.22049348474822,158.103135026979,1666.21807716255,164
"318",2021-01-12,12241,1742,398,160,143.6,140,1,22,115,4,13,37,24,1,629,116,2211,0.0705600023269653,74,0.0135099995136261,6.87124311198813,4.40654481768167,130.896682750046,1635.32777026362,140
"319",2021-01-13,12330,1730,402,172,149.3,89,1,9,76,2,11,36,25,4,631,77,2532,0.0375200009346008,173,0.0115600001811981,3.58597125315181,4.22416243401708,83.5392616554481,1674.71328134968,89
"320",2021-01-14,12422,1717,402,130,141,92,2,14,75,9,10,43,33,0,640,77,2581,0.0337100005149841,146,0,3.19052113418313,4.00189724280395,88.8106244752835,1668.17976914366,92
"321",2021-01-15,12518,1686,404,144,135,96,6,7,81,5,11,43,32,2,645,87,2923,0.0372900009155273,206,0.00485000014305115,3.51542897748658,4.02297898512182,91.274378861679,1633.17934207806,96
"322",2021-01-16,12579,1637,405,119,130.1,61,0,1,58,2,9,41,32,1,647,58,2470,0.0323900008201599,289,0,2.89972098679938,4.02064480038124,57.5011709111522,1594.69684106131,61
"323",2021-01-17,12659,1577,407,74,123.6,80,2,3,72,2,9,41,32,2,649,74,2036,0.026029999256134,32,0,2.5627213967838,3.68819175384607,75.3099442829495,1540.98354235421,80
"324",2021-01-18,12780,1598,408,64,123.3,121,2,45,72,7,10,45,35,1,656,74,1021,0.0391799998283386,48,0,3.74207481990026,3.7668116686133,116.532187872259,1544.70859756582,121
"325",2021-01-19,12854,1539,415,81,112,74,3,24,47,8,9,47,38,7,664,50,2337,0.0410799980163574,89,0,3.95729412053699,3.35053324126313,72.236659258149,1484.72437196583,74
"326",2021-01-20,12915,1497,415,166,111.1,61,1,8,50,2,7,39,32,0,666,51,3065,0.0225099992752075,163,0.00612999975681305,2.16828803404187,3.14800706710457,58.0145035662463,1468.07278115041,61
"327",2021-01-21,12986,1466,417,81,104.1,71,1,9,60,3,7,39,32,2,669,61,2636,0.0242799997329712,117,0,2.32481217929938,3.02433435926404,68.7361788616633,1435.62685592129,71
"328",2021-01-22,13065,1435,418,95,97.1,79,1,3,74,5,6,39,33,1,674,75,2311,0.0307200002670288,111,0.00901000022888184,2.97250332958338,2.94677355242072,76.0132120332653,1396.98612356981,79
"329",2021-01-23,13113,1369,418,84,92.1,48,1,4,40,4,9,41,32,0,678,41,2122,0.0329900002479553,276,0,2.91929860409346,2.9495703548913,43.9333295004787,1333.38361185745,48
"330",2021-01-24,13159,1285,419,44,87.9,46,2,9,35,2,8,39,31,1,680,37,1247,0.0224499988555908,36,0,2.18200690357925,2.8951825701478,45.2805083598502,1260.0122497948,46
"331",2021-01-25,13222,1226,419,29,82.9,63,1,18,43,4,7,40,33,0,684,44,825,0.0206100010871887,48,0,1.94768051511234,2.63884052660667,61.2362727197371,1204.71978078177,63
"332",2021-01-26,13284,1164,420,74,81.9,62,1,19,40,8,5,42,37,1,692,41,2354,0.024210000038147,79,0,2.3423896461076,2.40813988740247,59.1441238897646,1139.70146848015,62
"333",2021-01-27,13362,1123,422,80,69.6,78,0,27,50,1,4,32,28,2,693,50,2800,0.0196399998664856,175,0.00570999979972839,1.88205880978528,2.36724999822296,76.1613686330185,1104.16433949759,78
"334",2021-01-28,13400,1062,422,66,67.4,38,1,3,33,3,5,32,27,0,696,34,2355,0.0212299990653992,209,0.0287100005149841,2.18397183723271,2.34712994935629,36.3382501392126,1041.33004846599,38
"335",2021-01-29,13429,958,422,73,64.3,29,1,2,26,3,4,33,29,0,699,27,2847,0.0122899997234344,180,0.00555999994277954,1.18898015204223,2.09234092399327,28.7139076290709,947.849018838888,29
"336",2021-01-30,13448,861,423,42,58.3,19,1,6,12,2,5,35,30,1,701,13,2155,0.0157799994945526,216,0,1.43424288953019,1.88019010762709,18.8338371373509,849.994905789164,19
"337",2021-01-31,13491,803,424,25,55.6,43,3,5,35,4,6,34,28,1,705,38,922,0.0195200002193451,24,0,1.90247782264653,1.84025738177955,42.3557252556298,789.385457375545,43
"338",2021-02-01,13531,712,424,27,55.3,40,6,7,25,4,5,31,26,0,709,31,548,0.0292000007629395,29,0,2.77324097367259,1.9581945901453,37.2338439951454,694.403126598178,40
"339",2021-02-02,13573,649,425,59,53.1,42,4,5,31,3,5,29,24,1,712,35,2439,0.0221399998664856,107,0.0280399990081787,2.23879574109322,1.94339546085754,39.3016865221806,636.051272939863,42
"340",2021-02-03,13636,634,425,54,49.4,63,4,22,36,2,4,28,24,0,714,40,2865,0.0129100000858307,212,0,1.20205233168362,1.84625167827158,61.5714995578833,627.208267992451,63
"341",2021-02-04,13718,636,425,51,47.3,82,3,43,33,2,5,27,22,0,716,36,2814,0.0127900004386902,90,0,1.23936161275738,1.71130736048939,78.6023797912038,628.975376311266,82
"342",2021-02-05,13775,634,427,72,47.1,57,1,8,47,2,5,23,18,2,718,48,2435,0.0160199999809265,149,0,1.50962461120573,1.75711371179847,55.3542296324895,625.470449729132,57
"343",2021-02-06,13800,603,427,61,49.9,25,1,4,19,3,6,23,17,0,721,20,2369,0.0143499994277954,205,0.0146300005912781,1.43722994427581,1.75754043390498,23.7438324229683,595.276547552493,25
"344",2021-02-07,13825,558,429,33,51,25,1,2,19,3,4,25,21,2,724,20,1004,0.0249000000953674,75,0,2.31692308579693,1.81674690006933,21.5870385421474,546.478375325914,25
"345",2021-02-08,13872,555,431,23,50.4,47,1,7,38,2,5,23,18,2,726,39,852,0.0140799999237061,29,0,1.36165266004513,1.61509142669397,45.5267410305915,548.265160819956,47
"346",2021-02-09,13927,574,431,43,48.1,55,5,8,39,0,2,20,18,0,726,44,2244,0.0178299999237061,149,0,1.67198160588368,1.5341179788069,51.3443801719003,565.447141333426,55
"347",2021-02-10,13984,591,432,41,46.3,57,0,6,50,3,4,21,17,1,729,50,2791,0.0125399994850159,100,0,1.21062395581734,1.53534249654028,55.4605549955777,584.623760047728,57
"348",2021-02-11,14044,617,433,51,46.3,60,1,11,46,1,3,18,15,1,730,47,2563,0.0152199995517731,58,0,1.48831968146488,1.57090793492707,57.3766069005209,608.816307608965,60
"349",2021-02-12,14095,620,435,52,43.4,51,0,8,41,3,2,18,16,2,733,41,2612,0.0157000005245209,173,0,1.47247401687786,1.56560070716595,48.4619787804807,611.864069363367,51
"350",2021-02-13,14128,619,435,46,41.3,33,0,3,29,6,2,22,20,0,739,29,2099,0.0219199991226196,46,0.0217400002479553,2.19161390068926,1.67336984379644,31.4335912522566,606.910102936099,33
"351",2021-02-14,14169,593,437,48,43.4,41,0,4,35,4,2,22,20,2,743,35,1175,0.0170200002193451,10,0,1.6876371525511,1.58347185333275,38.473601031276,584.081297472762,41
"352",2021-02-15,14231,615,438,34,45,62,2,8,51,4,2,24,22,1,747,53,867,0.0265300011634827,26,0,2.57575711184093,1.75691534644643,59.7833975547025,600.882820681925,62
"353",2021-02-16,14282,610,438,61,47.6,51,3,13,32,3,2,25,23,0,750,35,1561,0.0333100008964539,23,0,3.28263329541442,1.98700844495083,46.9760981625741,592.154853690577,51
"354",2021-02-17,14339,626,439,50,48.9,57,5,6,44,2,2,26,24,1,752,49,2063,0.0184200000762939,222,0,1.66303983183345,2.0516392843817,54.273782618769,616.722202435702,57
"355",2021-02-18,14411,642,439,68,51.3,72,3,12,53,3,3,27,24,0,755,56,2348,0.0212899994850159,116,0,2.02877105482213,2.12884662343274,66.9875141211049,630.392572602666,72
"356",2021-02-19,14465,647,440,58,52.1,54,2,16,33,1,3,27,24,1,756,35,2576,0.0151400005817413,96,0,1.45960484650321,2.12700817052207,50.544727677521,638.583965924459,54
"357",2021-02-20,14513,625,440,66,55,48,0,3,44,4,3,27,24,0,760,44,2384,0.0255900001525879,68,0,2.48803264126303,2.16935370488975,46.0243890681386,611.141890172423,48
"358",2021-02-21,14553,611,440,53,55.7,40,0,7,31,2,4,25,21,0,762,31,1000,0.03,28,0,2.91828793774319,2.34516095991719,37.1937722510872,595.109511142396,40
"359",2021-02-22,14618,626,440,32,55.4,65,0,11,54,1,6,24,18,0,763,54,863,0.0150600004196167,66,0,1.39900757396439,2.17705388307769,64.3267416733649,618.195190509748,65
"360",2021-02-23,14673,632,440,47,53.4,55,0,7,47,3,6,26,20,0,766,47,2036,0.019650000333786,84,0,1.88714154149001,1.97769791823135,53.2095575773429,621.371072103845,55
"361",2021-02-24,14721,639,441,60,54.9,48,2,10,36,1,6,25,19,1,767,38,2874,0.0187899994850159,41,0,1.85257147581254,2.00477386737122,47.3726260565044,628.450211844903,48
"362",2021-02-25,14754,635,441,44,51.4,33,1,5,25,1,6,24,18,0,768,26,2376,0.0185199999809265,128,0.00781000018119812,1.79725239528254,1.97169977315127,30.583562024141,624.829303281904,33
"363",2021-02-26,14819,638,441,56,51.1,65,5,12,43,1,6,22,16,0,769,48,2639,0.0181900000572205,181,0,1.70224858691506,2.00636316463868,59.2718310980049,628.321421677649,65
"364",2021-02-27,14866,644,442,71,51.9,47,0,5,34,3,6,24,18,1,772,34,2535,0.0209100008010864,47,0.0212800002098083,2.09167358794017,1.94974044273542,38.3662167789737,631.995400166442,47
"365",2021-02-28,14932,656,442,50,51.4,66,2,9,54,7,6,29,23,0,779,56,1552,0.0257699990272522,94,0,2.42983222905804,1.87996105578039,63.7873590693449,641.794777669469,66
"366",2021-03-01,15009,671,442,55,54.7,77,4,6,65,3,6,30,24,0,782,69,996,0.0291199994087219,45,0,2.78612098089213,2.07812011391293,73.286764876956,654.339409165761,77
"367",2021-03-02,15075,682,443,62,56.9,66,1,7,57,3,4,30,26,1,785,58,2006,0.0259200000762939,41,0,2.54008403287961,2.17139761268287,63.6870627022636,666.561668326617,66
"368",2021-03-03,15135,693,443,65,57.6,60,0,5,51,6,5,33,28,0,791,51,2676,0.0209299993515015,109,0,2.01108360016581,2.19404220187619,55.085953671824,680.57972342302,60
"369",2021-03-04,15191,688,443,61,60,56,2,3,50,1,5,32,27,0,792,52,2414,0.0202999997138977,225,0.00444000005722046,1.89477829944008,2.2079744738987,54.1219289602378,676.382444704684,56
"370",2021-03-05,15263,691,444,52,59.4,72,2,9,57,1,2,29,27,1,793,59,2440,0.0188499999046326,154,0,1.77309174122218,2.218094924514,67.067709784236,680.081143405204,72
"371",2021-03-06,15320,706,445,46,55.9,57,3,3,49,0,2,27,25,1,793,52,1957,0.0209500002861023,25,0,2.06857470029779,2.21479508342224,54.0413888852046,692.98501063374,57
"372",2021-03-07,15359,696,446,55,56.6,39,1,0,36,2,5,26,21,1,795,37,1752,0.0194099998474121,16,0.0625,1.97999545999242,2.15053268784143,36.3471193062395,683.71878478764,39
"373",2021-03-08,15443,739,447,39,54.3,84,1,10,66,6,4,30,26,1,801,67,1170,0.0205100011825562,142,0,1.82901687374929,2.01380352967817,75.9079049902478,726.954355041689,84
"374",2021-03-09,15499,744,447,70,55.4,56,0,8,45,1,3,28,25,0,802,45,2105,0.0318300008773804,57,0,3.09908195406502,2.0936603755618,51.7571649781551,723.451794305498,56
"375",2021-03-10,15580,768,447,76,57,81,4,8,66,0,2,25,23,0,802,70,2655,0.0180799996852875,173,0,1.69739742448509,2.04884806475027,76.9411133164341,756.382500386019,81
"376",2021-03-11,15642,766,450,73,58.7,62,1,6,52,1,2,21,19,3,803,53,2321,0.0280100011825562,86,0,2.70092283941474,2.16401157046093,57.724278265258,747.562210399766,62
"377",2021-03-12,15722,769,450,96,65,80,3,3,69,2,2,18,16,0,805,72,2361,0.0228699994087219,133,0,2.16503883736938,2.22000401276768,73.6107957746868,754.162527093529,80
"378",2021-03-13,15783,780,450,56,66.4,61,4,3,49,4,4,22,18,0,809,53,2353,0.0187000000476837,99,0,1.79449837325448,2.18085025176149,55.1524080050298,767.526004602326,61
"379",2021-03-14,15849,802,450,65,67.9,66,1,7,54,2,3,23,20,0,811,55,1535,0.0299699997901916,36,0,2.92832270387932,2.31632557231676,60.5646773707155,781.070386387524,66
"380",2021-03-15,15950,842,451,59,70.7,101,2,3,91,4,5,25,20,1,815,93,1000,0.0320000004768372,13,0,3.15893390689409,2.50631371990887,93.3818688624443,818.296060023421,101
"381",2021-03-16,16036,857,452,85,72.9,86,4,5,74,5,6,27,21,1,820,78,1583,0.0341100001335144,9,0,3.39171672181867,2.54811868673083,80.6423350720876,831.095912266398,86
"382",2021-03-17,16117,877,453,78,73.1,81,2,5,71,3,5,27,22,1,823,73,2842,0.0267400002479553,175,0,2.51889561500461,2.66547557109076,76.3612943982453,857.313084757002,81
"383",2021-03-18,16218,921,454,62,71.6,101,2,3,92,2,5,24,19,1,825,94,2566,0.0284500002861023,161,0,2.67703339692477,2.66206279359219,94.757411707308,899.027406196071,101
"384",2021-03-19,16343,971,456,118,74.7,125,6,6,105,2,4,24,20,2,827,111,2616,0.0386100006103516,96,0,3.72432749250294,2.88481831575413,113.315837738679,938.771877876196,125
"385",2021-03-20,16429,1007,457,84,78.7,86,4,3,74,4,4,27,23,1,831,78,1999,0.0455200004577637,150,0.00666999995708466,4.28082740384515,3.24000817726708,78.0242925750355,968.582854141804,86
"386",2021-03-21,16497,1020,458,88,82,68,5,2,61,3,4,28,24,1,834,66,1306,0.0421099996566772,87,0,3.94800140356213,3.38567656293605,65.6778560310421,984.112320479742,68
"387",2021-03-22,16631,1080,459,55,81.4,134,4,5,122,4,7,29,22,1,838,126,1150,0.0547800016403198,131,0,4.91779874210521,3.63694296796621,125.477837219711,1032.66717616895,134
"388",2021-03-23,16731,1092,460,109,84.9,100,2,0,97,5,9,30,21,1,843,99,1962,0.0336400008201599,153,0,3.12064688459356,3.59821870550548,96.2467367910124,1061.63067248268,100
"389",2021-03-24,16860,1157,460,90,86.6,129,4,3,117,4,9,32,23,0,847,121,3089,0.0411100006103516,47,0,4.0493874963449,3.81686040283981,119.633407991134,1115.2467193863,129
"390",2021-03-25,17031,1260,461,126,95.7,171,4,4,156,8,10,39,29,1,855,160,2990,0.034449999332428,280,0,3.15001522947889,3.88442923606183,159.508405473112,1224.62869310075,171
"391",2021-03-26,17191,1357,462,109,94.4,160,6,3,144,4,11,41,30,1,859,150,2381,0.0638399982452393,117,0,6.08498942441612,4.22166665490657,144.865722304955,1283.41190111883,160
"392",2021-03-27,17360,1465,464,142,102.7,169,6,4,153,5,13,43,30,2,864,159,2449,0.0543100023269653,117,0,5.18336694071466,4.35060087445935,155.655250528913,1397.32667940162,169
"393",2021-03-28,17495,1523,465,142,110.4,135,4,4,122,5,13,44,31,1,869,126,2469,0.0781699991226196,157,0,7.34964690912977,4.83655023239759,121.747131442697,1423.24508878752,135
"394",2021-03-29,17691,1660,465,118,119.4,196,5,0,180,4,12,46,34,0,873,185,1632,0.0772100019454956,40,0,7.53628727123498,5.21062002227327,172.574980444548,1548.51063534027,196
"395",2021-03-30,17878,1768,466,168,127.9,187,8,4,170,6,12,48,36,1,879,178,1965,0.0412200021743774,64,0,3.99198148214153,5.33509639335155,175.667482069667,1705.10173201782,187
"396",2021-03-31,18050,1838,467,167,138.9,172,3,5,159,8,14,54,40,1,887,162,2998,0.0723799991607666,224,0,6.73479942532521,5.71872666892017,157.276836503889,1727.68410798857,172
"397",2021-04-01,18234,1915,468,150,142.3,184,7,5,163,3,14,51,37,1,890,170,2619,0.0671999979019165,99,0.0100999999046326,6.51201966503598,6.19901301685689,165.134194879905,1803.86460702952,184
"398",2021-04-02,18346,1922,469,254,163,112,5,6,91,5,14,54,40,1,895,96,3104,0.0879500007629394,98,0,8.52582143560787,6.54770330417,94.7058385231224,1775.96480876501,112
"399",2021-04-03,18491,1999,469,219,174,145,5,2,134,12,13,59,46,0,907,139,2837,0.0888300037384033,36,0,8.77169232878003,7.06032121675077,130.1340901322,1842.73414513862,149
"400",2021-04-04,18629,2070,470,161,176.7,138,9,3,122,12,15,62,47,1,919,131,1809,0.0878899955749512,139,0,8.16185841863895,7.17635143239493,124.471418336388,1919.433862262,144
"401",2021-04-05,18871,2176,471,191,187.1,242,5,4,227,5,17,65,48,1,924,232,2006,0.0952099990844727,162,0,8.80955987838801,7.35824751913108,217.785799853455,2005.16336414275,255
"402",2021-04-06,19144,2327,472,168,187.1,273,8,2,252,8,19,67,48,1,932,260,1713,0.110920000076294,83,0,10.5793964438024,8.29930679936835,237.48667926424,2107.60577941495,292
"403",2021-04-07,19439,2466,473,251,199.1,295,5,5,273,12,23,73,50,1,944,278,3332,0.0897399997711182,44,0,8.85704026177031,8.60248406171765,261.056731227541,2271.35215542128,321
"404",2021-04-08,19745,2647,474,258,214.6,306,6,4,278,10,29,80,51,1,954,284,3313,0.0778800010681152,195,0.0102600002288818,7.41211925836082,8.73106971790692,269.240180898829,2472.15055929296,349
"405",2021-04-09,20033,2799,475,287,219.3,288,3,0,281,13,30,85,55,1,967,284,3413,0.1133899974823,156,0,10.8433752145444,9.06214882918356,256.55579000007,2528.51991623309,334
"406",2021-04-10,20273,2895,478,378,242,240,1,3,232,14,26,91,65,3,981,233,3211,0.096850004196167,97,0,9.40100856934378,9.1520511492641,216.479170087779,2652.45578285031,273
"407",2021-04-11,20515,3010,478,263,256.6,242,3,2,236,12,29,98,69,0,993,239,2743,0.158590002059937,30,0.0333299994468689,15.7234863192864,10.2322837064994,207.510037912238,2588.22265320433,270
"408",2021-04-12,20873,3175,479,356,280.1,358,1,4,353,10,29,98,69,1,1003,354,2152,0.102229995727539,107,0,9.73877604274741,10.3650288728365,327.276156195126,2899.44010146758,380
"409",2021-04-13,21143,3261,480,369,308.9,270,1,2,264,10,32,104,72,1,1013,265,1868,0.103319997787476,146,0,9.58300674612733,10.2226874874544,244.368383480249,2982.50301331733,307
"410",2021-04-14,21389,3342,480,394,329.3,246,0,4,241,9,30,103,73,0,1022,241,NA,NA,NA,NA,NA,NA,NA,NA,293
"411",2021-04-15,21552,3328,480,299,335.1,163,0,1,161,2,30,102,72,0,1024,161,NA,NA,NA,NA,NA,NA,NA,NA,309
"412",2021-04-16,21552,3218,482,122,311.6,0,0,0,0,0,30,102,72,2,1024,0,NA,NA,NA,NA,NA,NA,NA,NA,310
