"","date","observed_cumulative_cases","observed_active_cases","observed_cumulative_deaths","observed_new_cases","observed_daily_average_cases","observed_new_episodes","observed_new_cases_community_outbreak","observed_new_cases_institution_outbreak","observed_new_cases_sporadic","observed_new_ICU_p_acute_care","observed_census_ICU","observed_census_ICU_p_acute_care","observed_census_acute_care","observed_new_deaths","cumulative_hosp","observed_new_community_cases","num_non_ltch_tests","non_ltch_pct_positivity","num_ltch_tests","ltch_pct_positivity","observed_pct_positivity","pct_positivity_7_day","adjusted_new_episodes","adjusted_active_cases","adjusted_episode_cases"
"1",2020-03-01,7,7,0,0,0,2,0,0,2,0,0,1,1,0,0,2,NA,NA,NA,NA,NA,NA,NA,NA,2
"2",2020-03-02,10,10,0,0,0,3,2,0,1,0,0,1,1,0,0,3,NA,NA,NA,NA,NA,NA,NA,NA,3
"3",2020-03-03,11,11,0,0,0,1,0,0,1,0,0,1,1,0,0,1,NA,NA,NA,NA,NA,NA,NA,NA,1
"4",2020-03-04,12,12,0,0,0,1,0,0,1,0,0,1,1,0,0,1,NA,NA,NA,NA,NA,NA,NA,NA,1
"5",2020-03-05,18,17,0,0,0,6,2,0,4,0,0,1,1,0,0,6,NA,NA,NA,NA,NA,NA,NA,NA,6
"6",2020-03-06,23,22,0,0,0,5,0,1,4,0,0,1,1,0,0,4,NA,NA,NA,NA,NA,NA,NA,NA,5
"7",2020-03-07,27,26,0,0,0,4,0,0,4,0,0,1,1,0,0,4,NA,NA,NA,NA,NA,NA,NA,NA,4
"8",2020-03-08,36,35,0,0,0,9,1,0,8,0,0,1,1,0,0,9,NA,NA,NA,NA,NA,NA,NA,NA,9
"9",2020-03-09,45,44,0,1,0.1,9,0,0,9,0,0,1,1,0,0,9,NA,NA,NA,NA,NA,NA,NA,NA,9
"10",2020-03-10,52,51,0,0,0.1,7,1,0,6,0,0,1,1,0,0,7,NA,NA,NA,NA,NA,NA,NA,NA,7
"11",2020-03-11,61,60,0,0,0.1,9,0,0,9,0,0,1,1,0,0,9,NA,NA,NA,NA,NA,NA,NA,NA,9
"12",2020-03-12,75,74,0,3,0.6,14,1,0,13,0,0,1,1,0,0,14,NA,NA,NA,NA,NA,NA,NA,NA,14
"13",2020-03-13,97,96,0,1,0.7,22,2,2,18,0,0,1,1,0,0,20,NA,NA,NA,NA,NA,NA,NA,NA,22
"14",2020-03-14,115,114,0,4,1.3,18,1,1,16,1,0,2,2,0,1,17,NA,NA,NA,NA,NA,NA,NA,NA,18
"15",2020-03-15,142,140,0,4,1.9,27,1,0,26,0,0,2,2,0,1,27,NA,NA,NA,NA,NA,NA,NA,NA,27
"16",2020-03-16,157,155,0,0,1.7,15,0,0,15,0,0,2,2,0,1,15,NA,NA,NA,NA,NA,NA,NA,NA,15
"17",2020-03-17,180,177,0,5,2.4,23,1,0,22,2,0,4,4,0,3,23,134,0,4,0,0,0,23,177,23
"18",2020-03-18,196,192,0,4,3,16,0,0,16,0,0,3,3,0,3,16,206,0.0242700004577637,1,0,2.41527540787407,1.20763770393703,14.5198930990487,174.238717188585,16
"19",2020-03-19,221,217,0,1,2.7,25,0,0,25,4,0,7,7,0,7,25,109,0.0275200009346008,8,0,2.56382914689871,1.65970151825759,22.5450902508794,195.691383377634,25
"20",2020-03-20,243,239,0,2,2.9,22,1,1,20,3,1,10,9,0,10,21,135,0.0074099999666214,6,0,0.709468081910559,1.42214315917083,21.4293647472624,232.505627361701,22
"21",2020-03-21,263,259,0,4,2.9,20,0,2,18,3,1,10,9,0,13,18,210,0.0142900002002716,3,0,1.40887325918171,1.41948917917301,19.0287056271026,245.024153189976,20
"22",2020-03-22,289,285,0,7,3.3,26,0,1,25,3,5,13,8,0,16,25,151,0.026489999294281,2,0,2.61437247937022,1.61863639587254,23.4966941556141,256.462313374001,26
"23",2020-03-23,310,306,0,9,4.6,21,2,0,19,4,5,17,12,0,20,21,140,0.0428599977493286,2,0,4.22563358091972,1.991064565165,17.6012629068089,256.4755452135,21
"24",2020-03-24,328,322,1,8,5,18,1,3,14,3,7,20,13,1,23,15,263,0.0228099989891052,4,0,2.24682761578078,2.31203993884797,16.7091747454594,294.290284535862,18
"25",2020-03-25,351,345,1,8,5.6,23,0,1,22,4,8,23,15,0,27,22,152,0.059210000038147,2,0,5.84410389986905,2.80187258056153,18.0756711158798,267.777569771752,23
"26",2020-03-26,365,355,1,19,8.1,14,1,3,10,2,7,25,18,0,29,11,271,0.0221399998664856,3,0,2.18975911088233,2.74843400398777,13.077438198932,325.226414601897,14
"27",2020-03-27,382,363,1,27,11.7,17,3,2,12,5,9,26,17,0,34,15,576,0.0329900002479553,5,0,3.27060931890228,3.11431132355801,15.1210017729341,317.528242905004,17
"28",2020-03-28,407,385,2,26,14.9,25,1,1,23,3,8,25,17,1,37,24,361,0.0664799976348877,3,0,6.59320855664683,3.85493065176732,18.9394156962662,287.778126794271,25
"29",2020-03-29,426,397,2,11,15.4,19,5,4,10,7,8,31,23,0,44,15,187,0.0588199996948242,0,0,5.88199996948242,4.3217345789262,15.6207313571867,307.562023253542,19
"30",2020-03-30,451,407,3,48,21,25,8,3,14,4,12,32,20,1,48,22,560,0.0910700035095215,0,0,9.10700035095215,5.01907268893083,17.3263060266791,265.036661493563,25
"31",2020-03-31,468,404,3,51,27.1,17,2,3,12,6,13,34,21,0,54,14,943,0.0583199977874756,0,0,5.83199977874756,5.53124014078323,13.8728265089819,313.758707830621,17
"32",2020-04-01,495,406,3,37,31.3,27,6,4,16,3,15,33,18,0,57,22,573,0.0558500003814697,4,0.25,5.71959275885306,5.5134528349238,21.1805860555532,317.059906297936,27
"33",2020-04-02,512,402,6,32,33.1,17,5,4,7,6,14,34,20,3,63,12,102,0.0882400035858154,9,0,8.10854087004791,6.35899308623317,12.2732488210422,277.153835504915,17
"34",2020-04-03,539,407,6,26,33,27,3,4,19,5,14,37,23,0,68,22,219,0.109589996337891,2,0,10.859823166515,7.44316649303498,16.8493514469335,237.713001768269,27
"35",2020-04-04,556,415,7,18,31.9,17,3,7,6,7,14,43,29,1,75,9,313,0.0255599999427795,3,0,2.53173417154747,6.86295586659222,15.1272958236412,374.75864075679,17
"36",2020-04-05,583,426,8,40,36,27,4,8,13,4,13,43,30,1,79,17,422,0.0663500022888184,5,0.2,6.79149905524153,6.99288430741495,20.5779768951548,315.189303372702,27
"37",2020-04-06,602,426,9,40,34.9,19,3,7,9,4,12,44,32,1,83,12,236,0.122880001068115,4,0.25,12.499866771698,7.47757951037864,13.2549598041348,222.051073046787,19
"38",2020-04-07,625,424,9,25,31.1,23,2,11,10,4,14,45,31,0,87,12,287,0.108009996414185,7,0,10.5438329832894,8.15069853959891,18.1539688051205,252.77356444759,23
"39",2020-04-08,645,427,11,26,29.6,20,1,10,8,5,16,44,28,2,92,9,368,0.0407600021362305,6,0.333330001831055,4.5453638494971,7.98295155254806,17.4331854192647,352.663352669559,20
"40",2020-04-09,681,435,11,25,28.6,36,1,20,13,6,16,47,31,0,98,14,293,0.0955599975585937,5,0,9.39566418948589,8.16682631246777,28.9619559158869,278.460773100771,36
"41",2020-04-10,715,451,11,36,30,34,0,20,13,4,16,49,33,0,102,13,332,0.0873499965667725,9,0,8.50445714374441,7.83034545207198,28.7655560298262,304.097366880892,34
"42",2020-04-11,759,481,11,31,31.9,44,0,34,8,5,19,53,34,0,107,8,228,0.105260000228882,11,0.363639984130859,11.7151966015165,9.14226865635327,38.4104003875964,265.175323304235,44
"43",2020-04-12,792,496,13,35,31.1,33,0,18,14,1,18,49,31,2,108,14,227,0.101319999694824,12,0.5,12.1337405567887,9.90544601371716,25.4937734472567,265.493687845665,33
"44",2020-04-13,816,503,16,16,27.7,24,0,19,5,3,20,51,31,3,111,5,163,0.0552099990844727,26,0.0384599995613098,5.29057663458365,8.87554742270083,22.9868366872715,401.075770739514,24
"45",2020-04-14,849,503,18,32,28.7,33,0,26,7,5,20,50,30,2,116,7,209,0.0669899988174438,18,0.166669998168945,7.48941397351841,8.43920184987639,30.9920526637711,358.714641410982,33
"46",2020-04-15,878,501,24,60,33.6,29,2,18,9,4,16,50,34,6,120,11,390,0.1,24,0.208330001831055,10.6280000106148,9.30814987289321,24.5223445433719,297.063146929939,29
"47",2020-04-16,948,550,24,21,33,70,1,55,13,7,13,52,39,0,127,14,309,0.0388299989700317,10,0,3.76127576230088,8.5032372404382,66.9831683294745,470.767327229353,70
"48",2020-04-17,980,554,26,73,38.3,32,0,26,6,0,13,49,36,2,127,6,376,0.0851099967956543,66,0.5,14.706189772662,9.38919904456929,28.6204579250693,241.955615081395,32
"49",2020-04-18,1020,576,31,31,38.3,40,0,31,9,1,11,46,35,5,128,9,423,0.0614699983596802,8,0,6.03290239121687,8.57744272881219,37.9204218311902,442.906997196174,40
"50",2020-04-19,1037,579,35,38,38.7,17,0,13,4,5,15,47,32,4,133,4,451,0.0443499994277954,47,0.127659997940063,5.22125896488328,7.58994535853998,16.2000890043033,463.212883372901,17
"51",2020-04-20,1098,615,39,16,38.7,61,1,47,13,3,13,45,32,4,136,14,325,0.0523099994659424,43,0.0232599997520447,4.89155701515467,7.53294255576442,58.3771008216876,499.779786095562,61
"52",2020-04-21,1134,628,47,51,41.4,36,0,26,10,2,11,43,32,8,138,10,543,0.069980001449585,25,0.36,8.27449661745152,7.64509721918343,32.8308118441015,428.974983809575,36
"53",2020-04-22,1175,645,54,35,37.9,41,1,31,9,4,9,45,36,7,142,10,655,0.0244300007820129,122,0.106560001373291,3.73255735904247,6.66003398324453,39.5704052922639,552.79114135102,41
"54",2020-04-23,1220,660,57,50,42,45,0,35,10,5,11,48,37,3,147,10,775,0.0361299991607666,105,0.0285700011253357,3.522795394063,6.62596535921054,43.6507455432429,570.94920585403,45
"55",2020-04-24,1261,667,65,38,37,41,0,36,5,7,10,48,38,8,154,5,517,0.0406199979782104,94,0.106379995346069,5.07369206501887,5.24989425811867,40.0283708156203,537.384666803749,41
"56",2020-04-25,1362,739,78,53,40.1,101,0,95,6,4,9,48,39,13,158,6,557,0.0502699995040894,28,0.0357100009918213,4.95731106864081,5.09623835489352,99.8607898038868,598.687277512063,101
"57",2020-04-26,1416,758,87,88,47.3,54,0,41,13,5,9,50,41,9,163,13,357,0.0504199981689453,81,0.0123500001430511,4.33796560682663,4.97005358945685,51.8400887915392,632.060561845129,54
"58",2020-04-27,1477,782,95,87,57.4,61,0,54,7,8,11,56,45,8,171,7,270,0.062960000038147,80,0.1,7.14262857437134,5.29163524077352,59.085027470735,568.070211730682,61
"59",2020-04-28,1498,778,103,65,59.4,21,0,14,7,7,13,61,48,8,178,7,504,0.0634899997711182,11,0.272730007171631,6.79592038126825,5.08041006417591,19.177981578393,575.495666855684,21
"60",2020-04-29,1523,767,111,29,58.6,25,0,17,8,7,13,62,49,8,185,8,666,0.0300300002098083,74,0.148649997711182,4.18919999599457,5.14564472659764,23.7164064596273,643.935469316765,25
"61",2020-04-30,1543,757,122,30,55.7,20,0,10,10,2,11,56,45,11,187,10,603,0.0414599990844727,6,0.333330001831055,4.43355656139956,5.27575346478858,18.3019178576665,628.455181825353,20
"62",2020-05-01,1566,741,135,42,56.3,23,0,16,7,6,11,57,46,13,193,7,515,0.0310700011253357,55,0.0909099960327148,3.68440357216617,5.07728368009533,22.0121939627744,636.433675202262,23
"63",2020-05-02,1587,742,139,22,51.9,21,0,15,6,4,12,57,45,4,197,6,508,0.049210000038147,27,0.037039999961853,4.85958131184088,5.06332228626677,19.8832484985035,603.895064314928,21
"64",2020-05-03,1606,723,148,23,42.6,19,0,13,6,3,12,52,40,9,200,6,834,0.0215799999237061,232,0.00430999994277954,1.78214258190391,4.69820471127781,18.5904564042641,673.649996713829,19
"65",2020-05-04,1624,720,152,14,32.1,18,0,11,7,6,10,52,42,4,206,7,632,0.0110800004005432,24,0.125,1.5247805263938,3.89565499013816,17.591199123572,677.951909853125,18
"66",2020-05-05,1649,720,156,29,27,25,0,24,1,3,9,50,41,4,209,1,921,0.0293199992179871,29,0.172409992218018,3.36880095306196,3.40606650039441,24.8709726455443,627.100304791901,25
"67",2020-05-06,1665,694,161,23,26.1,16,0,11,5,4,10,52,42,5,213,5,599,0.016690000295639,149,0.0134200000762939,1.60386232465984,3.03673254734659,15.69285494224,651.368265982915,16
"68",2020-05-07,1688,672,167,32,26.4,23,0,16,7,6,10,54,44,6,219,7,811,0.0345300006866455,236,0.0169500005245209,3.05673645469498,2.84004396067451,22.1804744879291,593.325550841196,23
"69",2020-05-08,1701,639,173,16,22.7,13,0,8,5,4,8,54,46,6,223,5,724,0.00967000007629394,121,0.0495900011062622,1.53863552533663,2.53350566827028,12.7053460948393,601.343230920468,13
"70",2020-05-09,1718,623,179,12,21.3,17,0,12,5,5,7,52,45,6,228,5,1096,0.0155099999904633,164,0.0304900002479553,1.74597778017559,2.08870516374667,16.6656393520227,581.338663262026,17
"71",2020-05-10,1730,554,185,25,21.6,12,0,8,4,3,6,53,47,6,231,4,899,0.0177999997138977,307,0.0130299997329712,1.65857459874098,2.0710525947234,11.745901885419,518.807411130526,12
"72",2020-05-11,1750,535,188,14,21.6,20,0,14,6,1,6,52,46,3,232,6,528,0.011360000371933,185,0.0162199997901917,1.26210100386621,2.03352694864803,19.7099640687823,509.138462799755,20
"73",2020-05-12,1773,518,193,13,19.3,23,0,17,6,4,7,52,45,5,236,6,847,0.0118099999427795,334,0.0029899999499321,0.931560536393869,1.68534974626687,22.7859236092587,499.518071599334,23
"74",2020-05-13,1794,500,195,21,19,21,0,15,6,2,8,48,40,2,238,6,1247,0.01442999958992,222,0.0135099995136261,1.42909662223657,1.66038321734926,20.671587798155,472.632316512919,21
"75",2020-05-14,1808,472,198,25,18,14,0,10,4,2,7,46,39,3,240,4,1051,0.0266400003433228,127,0.0236199998855591,2.63144145554314,1.599626788899,13.596856051581,424.429014086558,14
"76",2020-05-15,1828,458,201,17,18.1,20,0,12,8,1,6,45,39,3,241,8,1161,0.012059999704361,133,0.0150399994850159,1.23662902536864,1.55648300318929,19.6210901770461,436.307412635892,20
"77",2020-05-16,1844,438,207,19,19.1,16,0,6,10,1,5,43,38,6,242,10,964,0.0134899997711182,25,0.04,1.41601211115854,1.50934505047256,15.4576577864776,414.245411047718,16
"78",2020-05-17,1856,398,212,15,17.7,12,0,9,3,1,3,43,40,5,243,3,353,0.0254999995231628,10,0.1,2.7552341134095,1.66601069542521,11.6834180111744,356.000122815805,12
"79",2020-05-18,1871,390,213,26,19.4,15,0,8,7,2,2,44,42,1,245,7,376,0.0398900008201599,17,0.0588199996948242,4.07088557333133,2.06726563392023,13.908576308912,329.192108639385,15
"80",2020-05-19,1883,353,219,23,20.9,12,0,8,4,0,2,41,39,6,245,4,359,0.0390000009536743,31,0.225809993743896,5.38490003805894,2.70345699130095,11.1750187492822,280.195404624153,12
"81",2020-05-20,1898,339,223,17,20.3,15,0,9,6,3,2,42,40,4,248,6,676,0.0295900011062622,36,0.0555600023269653,3.09030910556236,2.94077306034749,14.2898344297036,298.875645278253,15
"82",2020-05-21,1906,325,229,11,18.3,8,0,1,7,0,2,39,37,6,248,7,479,0.0208800005912781,36,0,1.9420427734412,2.84228753433293,7.47932914009534,300.825995790141,8
"83",2020-05-22,1913,309,233,7,16.9,7,0,3,4,1,2,37,35,4,249,4,515,0.00583000004291534,14,0,0.567570892646768,2.74670780108695,6.91304660410084,302.28285016679,7
"84",2020-05-23,1922,305,236,6,15,9,1,3,5,1,1,36,35,3,250,6,581,0.00861000001430511,43,0,0.801668270562704,2.65894439528754,8.81577337893871,295.635146762718,9
"85",2020-05-24,1931,301,237,8,14,9,0,3,6,1,2,37,35,1,251,6,331,0.015110000371933,25,0.04,1.68578936042411,2.50616657343249,8.61259876547938,281.565371401549,9
"86",2020-05-25,1946,297,240,6,11.1,15,1,7,7,0,2,36,34,3,251,8,400,0.0175,8,0,1.7156862745098,2.1697095307437,14.4743044444351,277.483552499652,15
"87",2020-05-26,1952,287,243,16,10.1,6,0,2,4,1,2,36,34,3,252,4,1125,0.00800000011920929,41,0.0731699991226196,1.02915695524338,1.5474605189129,5.84233037082938,275.687204107008,6
"88",2020-05-27,1957,259,243,8,8.9,5,0,1,4,1,2,34,32,0,253,4,1150,0.00957000017166138,13,0.0769199991226196,1.03228376491871,1.25345689882095,4.84185133512983,248.759873949657,5
"89",2020-05-28,1961,234,244,4,7.9,4,0,2,2,1,1,31,30,1,254,2,1402,0.00284999996423721,88,0,0.268167781869837,1.01433190002505,3.9794579852434,231.596584273478,4
"90",2020-05-29,1968,224,247,7,7.9,7,0,3,4,2,1,32,31,3,256,4,1383,0.00651000022888184,37,0,0.634037346235463,1.02382710768057,6.90286376363494,218.560370763556,7
"91",2020-05-30,1971,206,248,15,9.1,3,1,1,1,0,1,31,30,1,256,2,1016,0.0127999997138977,119,0,1.14579733121763,1.07298840205985,2.91223037487268,196.959728611886,3
"92",2020-05-31,1975,191,249,10,9.4,4,0,1,3,3,1,34,33,1,259,3,1309,0.00535000026226044,11,0.0909099960327148,0.606300022701422,0.918775639528036,3.93033489746746,186.564655138762,4
"93",2020-06-01,1986,181,250,5,9.3,11,0,5,6,0,1,31,30,1,259,6,765,0.00130999997258186,20,0,0.127662417710207,0.691915088556665,10.970662658465,180.114990197028,11
"94",2020-06-02,1989,162,251,8,8.1,3,0,1,2,0,1,26,25,1,259,2,859,0.0104799997806549,9,0,1.03713361884592,0.693054611928455,2.92055416219524,155.564887137814,3
"95",2020-06-03,1999,153,251,8,8.1,10,0,7,3,0,0,22,22,0,259,3,1111,0.00540000021457672,138,0,0.480336288102061,0.614204972383219,9.94480838609962,150.185227691081,10
"96",2020-06-04,2006,143,254,8,8.7,7,0,2,5,0,0,20,20,3,259,5,1429,0.00490000009536743,21,0,0.482903457674487,0.644881497498169,6.90752235518009,140.355139358151,7
"97",2020-06-05,2010,134,256,15,9.9,4,0,1,3,1,0,21,21,2,260,3,1381,0.00940999984741211,29,0,0.921646084345824,0.685968460085364,3.89410099528186,129.269844455923,4
"98",2020-06-06,2013,125,257,2,8,3,0,0,3,0,0,21,21,1,260,3,1401,0.000710000023245811,69,0,0.0676673491542437,0.531949891219166,2.99222488431399,124.676036846416,3
"99",2020-06-07,2014,117,258,4,7.1,1,0,0,1,0,0,20,20,1,260,1,873,0.00229000002145767,22,0,0.223370951813692,0.477245738235205,0.991444741504073,115.999034755977,1
"100",2020-06-08,2017,109,258,0,6.4,3,0,0,3,0,0,19,19,0,260,3,702,0.00142000004649162,12,0,0.139613449949176,0.478953028555057,2.9839581313847,108.417145440311,3
"101",2020-06-09,2027,106,259,3,5.7,10,0,3,7,0,0,18,18,1,260,7,1337,0.00224000006914139,10,0,0.222337052148629,0.362553519026873,9.94039038392251,105.097340099398,10
"102",2020-06-10,2037,104,259,7,5.6,10,0,4,6,0,0,17,17,0,260,6,1281,0.00233999997377396,12,0,0.231828303666236,0.327052378393184,9.946724915256,103.076565197771,10
"103",2020-06-11,2044,103,260,5,5.1,7,0,2,5,0,0,16,16,1,260,5,1529,0.00326999992132187,6,0,0.325721816267175,0.30459785819214,6.93762317093377,101.715037321236,7
"104",2020-06-12,2048,106,260,10,4.4,4,0,2,2,0,0,16,16,0,260,2,1596,0.00814999997615814,13,0,0.808415162333648,0.2884220121904,3.93807430527887,102.71793817978,4
"105",2020-06-13,2051,104,260,6,5,3,0,3,0,0,0,16,16,0,260,0,1480,0.00270000010728836,23,0.0434800004959106,0.332404535608298,0.326241610255265,3,102.675942877788,3
"106",2020-06-14,2054,101,260,1,4.6,3,0,1,2,0,0,16,16,0,260,2,768,0,13,0,0,0.29433147428188,3,101,3
"107",2020-06-15,2059,99,260,2,4.9,5,0,2,3,0,0,14,14,0,260,3,720,0.00555999994277954,17,0,0.543175028331244,0.351983128336462,4.93758808737428,96.9404068833514,5
"108",2020-06-16,2063,98,260,3,4.9,4,0,1,3,1,0,14,14,0,261,3,1250,0.000799999982118607,14,0,0.0791139222822989,0.3315226812127,3.99090964984136,97.7030485614844,4
"109",2020-06-17,2066,88,260,8,5,3,0,0,3,1,1,6,5,0,262,3,1099,0.00910000026226044,26,0,0.88896891450882,0.425399911333069,2.89785566838418,85.0037662726025,3
"110",2020-06-18,2068,74,260,2,4.6,2,0,0,2,0,1,6,5,0,262,2,1302,0.00230000004172325,121,0,0.210442730451418,0.408931470502247,1.98387980224839,73.4035526831906,2
"111",2020-06-19,2071,72,260,5,3.9,3,0,0,3,0,1,5,4,0,262,3,1868,0.0010700000077486,19,0,0.105922629277922,0.308575394351429,2.98782927502413,71.7079026005791,3
"112",2020-06-20,2077,72,261,1,3.1,6,0,0,6,1,1,5,4,1,263,6,1791,0.000560000017285347,158,0,0.0514602376068782,0.26844049463694,5.98817422861619,71.8580907433943,6
"113",2020-06-21,2083,76,261,1,3.1,6,0,0,6,0,1,4,3,0,263,6,1102,0.00363000005483627,86,0,0.336722227308887,0.316543669966781,5.92261986603286,75.0198516364162,6
"114",2020-06-22,2085,75,262,6,3.7,2,0,1,1,0,1,1,0,1,263,1,510,0.00391999989748001,10,0,0.384461528406693,0.293870312834702,1.98527486349254,73.8956147619403,2
"115",2020-06-23,2094,80,262,4,3.9,9,0,0,9,0,1,1,0,0,263,9,1255,0.00158999994397163,20,0,0.156505876837992,0.304926306342659,8.94605147180293,79.5204575271372,9
"116",2020-06-24,2096,74,263,3,3.1,2,0,0,2,1,1,2,1,1,264,2,1734,0.00287999987602234,24,0,0.284068247157152,0.21851192529242,1.97823998809889,73.1948795596588,2
"117",2020-06-25,2102,72,263,6,3.7,6,0,0,6,0,1,2,1,0,264,6,1794,0.00279000014066696,22,0.0454500007629395,0.330680631560639,0.235688768308023,5.92400824924745,71.0880989909694,6
"118",2020-06-26,2106,66,263,6,3.9,4,0,0,4,0,1,2,1,0,264,4,2028,0.00196999996900558,23,0,0.194790830674955,0.248384225650457,3.97015751787725,65.5075990449746,4
"119",2020-06-27,2109,68,263,3,4.1,3,0,0,3,0,1,1,0,0,264,3,1574,0.000640000030398369,80,0,0.0609044768952257,0.249733402691649,2.99300195205553,67.8413775799254,3
"120",2020-06-28,2111,67,263,2,4.3,2,0,0,2,0,1,1,0,0,264,2,878,0.00114000000059605,12,0,0.112462921407116,0.217696358991396,1.99138518812735,66.7114038022662,2
"121",2020-06-29,2115,68,263,1,3.6,4,0,0,4,2,1,3,2,0,266,4,856,0.00349999994039536,8,0,0.346759253353984,0.212310319698152,3.946875544484,67.0968842562281,4
"122",2020-06-30,2118,67,263,10,4.4,3,0,1,2,0,1,3,2,0,266,2,1605,0.00435999989509583,11,0,0.433032167798812,0.251814075549698,2.96682915032156,65.8887765357724,3
"123",2020-07-01,2120,66,263,4,4.6,2,0,0,2,0,2,3,1,0,266,2,1600,0.00312999993562698,15,0,0.310092872879453,0.255531879224312,1.97624646657332,65.2161333969194,2
"124",2020-07-02,2126,65,263,4,4.3,6,0,1,5,0,1,3,2,0,266,5,1013,0.00196999996900558,12,0,0.19469365547343,0.236105168354711,5.9627155067262,64.5153015874405,6
"125",2020-07-03,2134,73,263,4,4,8,0,0,8,0,1,3,2,0,266,8,1333,0.00300000011920929,14,0,0.296881971707942,0.250689617073709,7.90903375787697,72.1699330406274,8
"126",2020-07-04,2137,73,263,4,4.1,3,0,0,3,0,1,3,2,0,266,3,1257,0.00238999992609024,40,0,0.231629137015839,0.275078854233797,2.97338534228016,72.3523766621505,3
"127",2020-07-05,2139,70,263,5,4.6,2,0,0,2,0,1,2,1,0,266,2,736,0.00407999992370605,47,0,0.383509571372625,0.313799804228869,1.97062264818129,68.9717926863453,2
"128",2020-07-06,2145,70,263,0,4.4,6,0,1,5,0,1,2,1,0,266,5,601,0,10,0,0,0.264262768035443,6,70,6
"129",2020-07-07,2152,71,263,6,3.9,7,0,1,6,0,1,1,0,0,266,6,1271,0.0039300000667572,21,0,0.386612235669381,0.25763134915981,6.91115493970052,69.9486667864562,7
"130",2020-07-08,2165,77,263,5,4,13,0,1,12,0,1,1,0,0,266,12,1686,0.00296999990940094,39,0,0.290285208536231,0.254801682825064,12.8665825626972,76.1439047773074,13
"131",2020-07-09,2173,81,263,5,4.1,8,0,0,8,1,0,2,2,0,267,8,1503,0.00266000002622604,41,0,0.258936531050372,0.263979236478913,7.92066044616142,80.1966870173844,8
"132",2020-07-10,2189,94,263,12,5.3,16,0,0,16,0,0,2,2,0,267,16,1900,0.00684000015258789,14,0.0714300012588501,0.73124453017455,0.326031030545571,15.5518854405317,91.3673269631235,16
"133",2020-07-11,2196,99,263,7,5.7,7,0,0,7,1,1,2,1,0,268,7,1571,0.00381999999284744,25,0,0.376016290022765,0.346657766689418,6.89918825283266,97.5742338614905,7
"134",2020-07-12,2219,119,263,9,6.3,23,0,2,21,1,1,3,2,0,269,21,1068,0.00842999994754791,13,0,0.832862159480219,0.410850993561931,22.3301171384755,115.203997118028,23
"135",2020-07-13,2242,137,263,6,7.1,23,0,2,21,0,0,3,3,0,269,21,807,0.00620000004768372,65,0,0.573784408082656,0.492820194716596,22.5384970528323,133.989242678001,23
"136",2020-07-14,2261,147,263,4,6.9,19,0,2,17,1,0,4,4,0,270,17,1407,0.00425999999046326,66,0,0.406912422714311,0.495720221437301,18.7350546440108,144.709001921741,19
"137",2020-07-15,2282,167,263,15,8.3,21,0,0,21,1,0,5,5,0,271,21,1403,0.00712999999523163,46,0,0.69036507890338,0.552874488632608,20.444729563844,162.584277960093,21
"138",2020-07-16,2304,185,263,7,8.6,22,0,1,21,0,0,5,5,0,271,21,1692,0.00591000020503998,24,0.0416699981689453,0.641014003670299,0.607456984721169,21.4844233344399,180.458015089114,22
"139",2020-07-17,2334,212,263,17,9.3,30,0,0,29,0,1,5,4,0,271,29,1789,0.00837999999523163,21,0,0.828277347594994,0.621318815781232,28.0800161078855,205.274600512818,30
"140",2020-07-18,2360,231,263,16,10.6,26,0,0,24,2,1,6,5,0,273,24,1562,0.00703999996185303,81,0,0.66929275352492,0.663215453424397,23.3847752392837,225.078461678105,26
"141",2020-07-19,2378,249,263,28,13.3,18,0,0,18,0,1,6,5,0,273,18,2016,0.0213299989700317,22,0,2.10997438290402,0.845660056770655,16.5453579789976,228.8774520428,18
"142",2020-07-20,2408,274,263,47,19.1,30,0,0,27,2,3,8,5,0,275,27,1548,0.0148599994182587,35,0.0285700011253357,1.51631264301018,0.980306947474587,25.4319534122987,258.087230924809,30
"143",2020-07-21,2432,293,263,23,21.9,24,0,0,23,0,3,8,5,0,275,23,1429,0.0161000001430511,15,0,1.59327563742521,1.149787406719,21.5964587117374,275.120104458221,24
"144",2020-07-22,2459,313,263,13,21.6,27,0,1,23,2,3,9,6,0,277,23,1764,0.00907000005245209,16,0,0.898847196209297,1.17957056633413,23.2081915256311,302.224519457502,27
"145",2020-07-23,2478,321,263,29,24.7,19,0,1,17,1,3,10,7,0,278,17,1667,0.0101999998092651,32,0,1.0007886805206,1.23096694874132,17.3483749857973,308.695786496525,19
"146",2020-07-24,2501,336,263,34,27.1,23,0,1,18,0,3,7,4,0,278,18,2038,0.0122699999809265,83,0,1.17898443946856,1.28106796186611,18.187193777491,320.827617179832,23
"147",2020-07-25,2513,335,263,26,28.6,12,0,1,10,1,3,8,5,0,279,10,2125,0.00800000011920929,321,0,0.695012275278812,1.28474217925953,10.7338055989567,326.082487565048,12
"148",2020-07-26,2520,337,263,21,27.6,7,0,0,6,2,4,10,6,0,281,6,1818,0.0121000003814697,73,0,1.16328930161354,1.14950145336089,5.73267139885357,321.985043568942,7
"149",2020-07-27,2535,339,264,22,24,15,0,1,13,1,4,10,6,1,282,13,1600,0.00875,23,0,0.862600123228589,1.05611395053494,13.570503815971,327.800061047243,15
"150",2020-07-28,2555,328,264,14,22.7,20,0,2,17,1,4,11,7,0,283,17,1488,0.00739000022411346,24,0,0.727269863325452,0.932398839949264,18.5264662318401,318.863583767268,20
"151",2020-07-29,2571,323,264,20,23.7,16,2,2,12,2,4,12,8,0,285,14,2254,0.00620999991893768,53,0,0.606733412106005,0.89066829936308,15.67466380068,315.494029115688,16
"152",2020-07-30,2592,334,264,19,22.3,21,1,0,19,1,4,13,9,0,286,20,1891,0.00898999989032745,134,0,0.839510607042431,0.867628574580484,19.3569235216125,323.260622810929,21
"153",2020-07-31,2602,321,264,18,20,10,0,1,9,1,3,14,11,0,287,9,2131,0.00797999978065491,207,0,0.727347285396733,0.803108981141651,9.74927896429151,312.057616393064,10
"154",2020-08-01,2619,308,264,15,18.4,17,0,0,17,1,2,14,12,0,288,17,1630,0.00551999986171722,83,0.0120500004291534,0.58363980211435,0.787198627832442,16.6199854157581,301.115029885499,17
"155",2020-08-02,2627,293,264,2,15.7,8,0,0,8,0,2,14,12,0,288,8,1340,0.00149000003933907,11,0,0.147786828476266,0.642126845955689,7.9547173162977,291.341521709403,8
"156",2020-08-03,2636,279,264,10,14,9,0,1,7,0,1,13,12,0,288,7,1052,0.0114100003242493,48,0,1.09121094010093,0.674785534080309,7.70744118188861,267.339441392417,9
"157",2020-08-04,2648,267,264,20,14.9,12,0,1,11,1,1,12,11,0,289,11,1680,0.0053600001335144,12,0,0.532198594817033,0.646918210007678,11.7757807734558,261.55758786479,12
"158",2020-08-05,2657,247,264,12,13.7,9,1,0,8,1,1,13,12,0,290,9,1612,0.00558000028133392,70,0,0.53477767262249,0.63663881865289,8.81565888173962,241.940860421076,9
"159",2020-08-06,2667,223,264,12,12.7,10,0,0,10,1,2,11,9,0,291,10,1638,0.00305000007152557,10,0,0.303149278953816,0.560015771783088,9.88389177629207,220.410786611313,10
"160",2020-08-07,2679,224,264,6,11,12,0,3,9,1,2,11,9,0,292,9,1690,0,39,0,0,0.456109016726412,12,224,12
"161",2020-08-08,2685,207,264,14,10.9,6,1,1,4,0,1,11,10,0,292,5,1518,0.00725000023841858,95,0,0.682300084433937,0.470203342772067,5.86933722700448,201.590561197985,6
"162",2020-08-09,2687,198,264,16,12.9,2,0,1,1,2,2,13,11,0,294,1,1588,0.00441000014543533,102,0,0.414383445618421,0.508288573792375,1.98412883383039,194.857509098418,2
"163",2020-08-10,2699,199,264,8,12.6,12,2,0,10,0,1,13,12,0,294,12,1386,0.00577000021934509,27,0,0.565974543808372,0.433254802893438,11.7398735071819,194.686235660766,12
"164",2020-08-11,2712,203,264,8,10.9,13,2,1,10,0,1,13,12,0,294,12,1459,0.00342999994754791,41,0,0.333624661564827,0.404887098143123,12.8466633984162,200.406055823208,13
"165",2020-08-12,2719,186,264,12,10.9,7,3,0,4,0,2,11,9,0,294,7,1486,0.00268999993801117,7,0,0.267738774808078,0.366738684169636,6.92821796717581,184.0926488421,7
"166",2020-08-13,2741,189,264,11,10.7,22,0,0,22,0,2,10,8,0,294,22,1689,0.00532999992370605,56,0,0.515895121555274,0.397130947398415,21.5652990960157,185.265524052135,22
"167",2020-08-14,2752,183,264,6,10.7,11,4,1,6,1,2,11,9,0,295,10,1882,0.00477999985218048,35,0,0.469272807605825,0.464169919913533,10.8202653415057,179.710855749555,11
"168",2020-08-15,2756,175,264,2,9,4,0,0,4,1,2,12,10,0,296,4,2042,0.00735000014305115,21,0,0.727518191571034,0.470629649504547,3.88854224528584,170.123723231256,4
"169",2020-08-16,2760,157,264,26,10.4,4,0,1,3,0,2,12,10,0,296,3,1197,0.00500999987125397,22,0,0.491958149785972,0.481711750099912,3.94347301061634,154.041754222255,4
"170",2020-08-17,2783,171,265,8,10.4,23,1,4,18,1,1,10,9,1,297,19,1355,0.00663999974727631,32,0,0.648680580934347,0.493526898260765,22.5279468072447,166.751521265202,23
"171",2020-08-18,2809,190,265,15,11.4,26,1,1,24,0,1,8,7,0,297,25,1888,0.00583000004291534,77,0.0519500017166138,0.76372469278389,0.554969759863489,25.2687206960623,184.442277290073,26
"172",2020-08-19,2833,199,265,23,13,24,4,3,15,2,1,8,7,0,299,19,1521,0.0118299996852875,25,0.04,1.22855300914115,0.692228936196785,21.105966191251,189.636172213629,24
"173",2020-08-20,2850,207,266,24,14.9,17,1,0,16,3,0,7,7,1,302,17,1606,0.00995999991893768,103,0,0.935971905781973,0.752239905372028,16.3905779329146,199.579390124313,17
"174",2020-08-21,2871,214,266,16,16.3,21,3,2,16,0,0,7,7,0,302,19,1803,0.00721000015735626,116,0.00861999988555908,0.729523203253684,0.789418533321722,20.4691165923466,208.020576355904,21
"175",2020-08-22,2890,224,266,16,18.3,19,1,0,18,1,0,8,8,0,303,19,1865,0.00589999973773956,73,0,0.567776032553369,0.766598224890627,18.5868220865334,219.128849862288,19
"176",2020-08-23,2907,234,266,13,16.4,17,0,1,15,0,0,8,8,0,303,15,693,0.0173199999332428,5,0,1.71959311658127,0.941974648718527,15.0120763129191,218.588390481538,17
"177",2020-08-24,2926,250,266,19,18,19,2,0,17,1,1,9,8,0,304,19,1141,0.00963999986648559,58,0,0.917367793799839,0.98035853627074,18.332419670448,241.216048295369,19
"178",2020-08-25,2940,252,266,23,19.1,14,0,1,13,4,2,12,10,0,308,13,1648,0.014559999704361,73,0,1.39424052950534,1.07043222723095,13.3057953843087,238.5431105266,14
"179",2020-08-26,2958,260,266,15,18,18,1,4,13,0,2,12,10,0,308,14,1831,0.00492000013589859,41,0,0.481224372266577,0.963670993391721,17.7419629359953,255.207883097056,18
"180",2020-08-27,2971,263,266,16,16.9,13,1,3,9,1,2,10,8,0,309,10,1469,0.00612999975681305,9,0,0.609267228874044,0.916998896690588,12.7666465315301,256.862803779242,13
"181",2020-08-28,2999,273,266,20,17.4,28,0,3,21,1,1,10,9,0,310,21,2139,0.00607999980449677,35,0,0.598211572300763,0.898240092268743,23.5188499377856,266.745049191213,28
"182",2020-08-29,3020,287,266,12,16.9,21,0,2,18,0,1,10,9,0,310,18,1791,0.00726000010967255,11,0.0909099960327148,0.777062716580654,0.928138189986926,19.4642835052164,278.45829811095,21
"183",2020-08-30,3040,301,267,16,17.3,20,0,6,12,2,1,11,10,1,312,12,1405,0.00426999986171722,33,0,0.41720096006347,0.742082167627241,17.8082510534636,296.190297257713,20
"184",2020-08-31,3060,309,267,13,16.4,20,1,3,16,1,1,12,11,0,313,17,1342,0.00522000014781952,55,0,0.501448833097623,0.68266517324121,19.6735009004906,303.065398720682,20
"185",2020-09-01,3085,313,267,18,15.7,25,1,2,22,0,1,12,11,0,313,23,1368,0.015349999666214,21,0.0952400016784668,1.6557839869423,0.720028524303633,23.5413941344932,293.150276699842,25
"186",2020-09-02,3121,323,267,15,15.7,36,1,9,26,0,1,10,9,0,313,27,1531,0.00261000007390976,50,0,0.252745737707517,0.687388719366624,35.738631018217,319.873252551262,36
"187",2020-09-03,3143,324,267,24,16.9,22,1,4,17,1,1,9,8,0,314,18,1493,0.00938000023365021,133,0.00751999974250793,0.922785997207461,0.732177114842827,21.36382010189,312.54876183402,22
"188",2020-09-04,3165,328,267,24,17.4,22,0,3,19,3,1,12,11,0,317,19,2706,0.00813000023365021,258,0.00774999976158142,0.809692326948228,0.762388651221036,21.4107764910507,317.828141529718,22
"189",2020-09-05,3190,335,267,17,18.1,25,1,11,13,2,1,14,13,0,319,14,2256,0.00398999989032745,164,0,0.371960320354493,0.704516880331585,24.800551354998,330.227478851738,25
"190",2020-09-06,3211,337,267,26,19.6,21,1,3,16,1,1,15,14,0,320,17,1310,0.00611000001430511,192,0.03125,0.932363516560566,0.778111531259741,19.392927396616,324.96567839174,21
"191",2020-09-07,3252,362,267,29,21.9,41,2,6,33,0,1,13,12,0,320,35,1290,0.0147300004959106,44,0,1.4244153403092,0.909963889432823,39.0905375251184,342.250702402654,41
"192",2020-09-08,3304,399,267,24,22.7,52,0,14,36,3,1,15,14,0,323,36,1094,0.0109700000286102,4,0,1.09300364583785,0.829566697846474,48.4929399662603,382.296751292718,52
"193",2020-09-09,3349,430,267,15,22.7,45,2,10,31,0,1,14,13,0,323,33,1589,0.0150999999046326,29,0,1.48293571374914,1.00530812299528,41.1256844607078,405.577100548617,45
"194",2020-09-10,3426,492,267,33,24,77,1,21,52,2,2,15,13,0,325,53,1958,0.0132799994945526,61,0,1.28787711789668,1.05746399737945,71.3856920832721,467.731330282451,77
"195",2020-09-11,3456,506,267,60,29.1,30,0,1,25,0,1,13,12,0,325,25,2317,0.0155400002002716,93,0.0752699995040894,1.7844933783365,1.19672129043492,24.2913174237767,471.41626465724,30
"196",2020-09-12,3505,531,269,47,33.4,49,0,4,42,1,0,13,13,2,326,42,1898,0.017389999628067,26,0,1.71549996330931,1.38865552514275,43.2403980387725,496.110746633052,49
"197",2020-09-13,3540,544,270,31,34.1,35,1,5,29,1,1,12,11,1,327,30,1199,0.0150100004673004,44,0,1.44786730171305,1.46229892302168,33.3363710992797,513.832862600271,35
"198",2020-09-14,3608,594,272,59,38.4,68,0,19,49,1,1,12,11,2,328,49,2394,0.0141999995708466,218,0.0412799978256226,1.6460121936674,1.49395561635856,64.9108743782187,556.552232258406,68
"199",2020-09-15,3681,643,273,41,40.9,73,1,15,55,1,1,12,11,1,329,56,2961,0.0121599996089935,28,0,1.20460886056306,1.50989921846216,68.4163093012961,613.333694298811,73
"200",2020-09-16,3758,683,274,41,44.6,77,1,7,67,1,0,12,12,1,330,68,1888,0.0196000003814697,162,0.00616999983787537,1.85387027775369,1.56288987046281,70.1716950058113,634.503936602487,77
"201",2020-09-17,3808,708,278,57,48,50,2,4,38,2,2,12,10,4,332,40,2514,0.0190900003910065,208,0.00481000006198883,1.79988027170771,1.6360331781501,41.2425347412187,659.192864919572,50
"202",2020-09-18,3896,776,278,47,46.1,88,1,6,78,0,2,12,10,0,332,79,2410,0.0128600001335144,281,0.0213499999046326,1.37465441452885,1.57748475474901,80.8406347051563,735.143449762042,88
"203",2020-09-19,3966,826,280,47,46.1,70,2,4,60,0,2,11,9,2,332,62,2099,0.0214400005340576,161,0,1.99126376641535,1.61687958376416,61.271461578823,763.003665550126,70
"204",2020-09-20,4009,858,280,76,52.6,43,1,4,34,2,2,12,10,0,334,35,2846,0.0186199998855591,112,0,1.79149829865792,1.66596972618485,36.5984541318132,799.127818431306,43
"205",2020-09-21,4118,937,280,55,52,109,2,22,82,1,3,13,10,0,335,84,2949,0.0189900004863739,72,0,1.85374086177811,1.69564525020067,100.0360396069,870.473441805542,109
"206",2020-09-22,4227,1016,280,85,58.3,109,0,27,81,3,3,16,13,0,338,81,2507,0.0135599994659424,65,0.0307699990272522,1.39949333584327,1.72348588952641,103.658275171887,961.540834254777,109
"207",2020-09-23,4332,1074,281,67,62,105,0,25,75,2,3,17,14,1,340,75,1896,0.0168799996376038,7,0.571430015563965,1.89198578149472,1.72893096148942,94.5651748918521,996.173304451322,105
"208",2020-09-24,4434,1129,282,38,59.3,102,2,19,75,2,3,19,16,1,342,77,2729,0.0128299999237061,54,0,1.25810527458835,1.65153453332951,92.2896562292974,1074.59768679061,102
"209",2020-09-25,4553,1192,284,57,60.7,119,5,16,86,3,3,21,18,2,345,91,3291,0.01307000041008,59,0.0339000010490417,1.34368571377512,1.64711043322183,102.316769500235,1130.65482686022,119
"210",2020-09-26,4637,1238,286,76,64.9,84,3,14,65,3,4,22,18,2,348,68,3438,0.0302500009536743,12,0,3.01447835590528,1.79328394600611,74.1489539611546,1095.06477946926,84
"211",2020-09-27,4719,1268,287,109,69.6,82,2,12,64,2,4,23,19,1,350,66,2690,0.0330900001525879,13,0,3.29308547578474,2.00779639988137,69.6755915684626,1108.0704561941,82
"212",2020-09-28,4834,1338,288,86,74,115,3,11,97,6,4,28,24,1,356,100,3141,0.025789999961853,192,0.0104200005531311,2.490459945586,2.09875626899678,101.461370005706,1210.37313067635,115
"213",2020-09-29,4942,1370,291,58,70.1,108,5,18,75,4,3,28,25,3,360,80,2165,0.0258699989318848,79,0.0253200006484985,2.58506362472201,2.26812345312232,90.0792252140783,1234.35673179109,108
"214",2020-09-30,5025,1399,291,107,75.9,83,1,10,67,5,5,31,26,0,365,68,3175,0.030550000667572,281,0.0142299997806549,2.92230561510142,2.41531200078042,70.3890128854989,1242.41513274725,83
"215",2020-10-01,5125,1435,293,105,85.4,100,2,11,78,3,5,30,25,2,368,80,3846,0.0228800010681152,120,0.00833000004291534,2.24397589796069,2.55615066126218,84.1243364601154,1311.66778525332,100
"216",2020-10-02,5221,1485,294,116,93.9,96,0,13,79,1,5,30,25,1,369,79,3360,0.0217300009727478,198,0,2.05207429084971,2.65734902941569,85.7909291982111,1368.28518809296,96
"217",2020-10-03,5294,1497,295,65,92.3,73,2,6,64,5,6,32,26,1,374,66,3112,0.0302099990844727,485,0.0103100001811981,2.75267910032694,2.61994913576164,65.0416549219337,1339.17208209295,73
"218",2020-10-04,5352,1479,295,77,87.7,58,1,7,47,3,6,33,27,0,377,48,3119,0.0291799998283386,102,0,2.82559514016107,2.55316480210112,49.8053341834902,1318.93935952879,58
"219",2020-10-05,5430,1480,295,82,87.1,78,3,13,59,3,6,34,28,0,380,62,3816,0.0178199994564056,236,0.00847000002861023,1.7275428907304,2.44417665140746,70.8977042264194,1382.07422992098,78
"220",2020-10-06,5506,1453,296,139,98.7,76,6,15,52,2,7,35,28,1,382,58,2159,0.0194500005245209,56,0,1.89582623622757,2.34571416733683,68.7885372462696,1347.49559687637,76
"221",2020-10-07,5607,1467,296,174,108.3,101,12,22,63,3,10,37,27,0,385,75,2272,0.03125,76,0,3.02385008517888,2.36022052020504,88.3138372777717,1297.09865715321,101
"222",2020-10-08,5687,1426,296,85,105.4,80,5,14,55,2,9,37,28,0,387,60,2432,0.0271399998664856,182,0,2.52503747801427,2.4003721744984,68.1973614310421,1288.09062334443,80
"223",2020-10-09,5772,1429,296,97,102.7,85,5,19,59,2,9,38,29,0,389,64,2508,0.0207299995422363,248,0.00805999994277954,1.95898834679746,2.38707418249094,78.1980429866917,1321.78130356222,85
"224",2020-10-10,5837,1414,297,67,103,65,5,7,51,6,9,44,35,1,395,56,2631,0.0300300002098083,21,0,2.97922060904999,2.41943725516566,56.610054824442,1252.65388431716,65
"225",2020-10-11,5901,1378,297,140,112,64,6,6,48,5,10,47,37,0,400,54,2658,0.0233299994468689,238,0.0168099999427795,2.27941707583422,2.34141181740468,55.2856263723893,1257.6961692806,64
"226",2020-10-12,5963,1350,297,63,109.3,62,2,14,43,3,10,47,37,0,403,45,1989,0.0150800001621246,237,0.0126600003242493,1.4822345192863,2.30636776434124,56.4453237036856,1273.35971111057,62
"227",2020-10-13,6048,1372,298,74,100,85,4,10,68,1,7,46,39,1,404,72,2106,0.0303900003433228,18,0,3.01324579675319,2.46599913013061,73.6905266887014,1213.65836967914,85
"228",2020-10-14,6115,1377,300,84,87.1,67,1,16,49,2,7,46,39,2,406,50,3002,0.0293099999427795,111,0.0360400009155273,2.95499710664464,2.45616299034001,60.3410806336296,1221.15336065016,67
"229",2020-10-15,6201,1404,300,107,90.3,86,3,25,52,5,8,50,42,0,411,55,2122,0.0230900001525879,105,0.00952000021934509,2.24501932406029,2.41616039691801,75.270783300445,1283.27599552409,86
"230",2020-10-16,6276,1425,301,78,87.6,75,2,10,59,4,8,48,40,1,415,61,3122,0.0204999995231628,279,0.00358000010251999,1.91119725198228,2.4093330976587,66.5347910277781,1320.68979040301,75
"231",2020-10-17,6323,1407,302,64,87.1,47,1,10,36,6,8,50,42,1,421,37,3037,0.0217300009727478,149,0,2.07137517119382,2.27964089225068,44.0646024210149,1295.37555692886,47
"232",2020-10-18,6380,1373,305,74,77.7,57,1,11,40,2,6,48,42,3,423,41,1143,0.0271199989318848,37,0.0540500020980835,2.79644142854012,2.35350151406581,47.6086704966757,1225.94401443746,57
"233",2020-10-19,6444,1351,307,69,78.6,64,1,6,57,3,6,47,41,2,426,58,1333,0.0375099992752075,27,0,3.67653154660674,2.66697251796873,55.8328086321565,1160.76076658695,64
"234",2020-10-20,6522,1355,309,46,74.6,78,3,14,57,4,5,46,41,2,430,60,1595,0.0250799989700317,47,0.0212800002098083,2.49712292125832,2.59324067861232,68.2615102150019,1225.40577235546,78
"235",2020-10-21,6610,1377,312,69,72.4,88,1,46,40,4,4,45,41,3,434,41,2256,0.0305900001525879,446,0.00897000014781952,2.70213399001354,2.55711737623644,82.7567640819581,1234.48936928918,88
"236",2020-10-22,6676,1364,312,88,69.7,66,2,24,36,2,3,45,42,0,436,38,2239,0.0263499999046326,87,0.0114900004863739,2.57941873726513,2.60488872097999,58.2458476909388,1229.24569080107,66
"237",2020-10-23,6755,1366,313,92,71.7,79,1,13,64,2,3,38,35,1,438,65,2770,0.0245499992370605,65,0.0153799998760223,2.43397523381302,2.67957128981295,71.9405116763078,1238.65752230518,79
"238",2020-10-24,6820,1359,317,63,71.6,65,2,17,41,2,3,38,35,4,440,43,2357,0.020789999961853,190,0,1.92391165724725,2.65850507353487,56.8314539516012,1258.85920744712,65
"239",2020-10-25,6890,1340,319,69,70.9,70,1,24,42,3,3,40,37,2,443,43,1749,0.0308699989318848,77,0,2.9568251988974,2.68141704072877,62.1303186066364,1188.24713797425,70
"240",2020-10-26,6963,1299,320,77,72,73,1,16,51,4,3,41,38,1,447,52,998,0.0410799980163574,121,0.0165299999713898,3.84253512215039,2.70513183723501,60.3470719397349,1107.82397018684,73
"241",2020-10-27,7041,1269,322,61,74.1,78,0,15,60,1,3,33,30,2,448,60,1354,0.0288000011444092,116,0,2.65273479928776,2.72736210552493,68.9039078058877,1140.06765009452,78
"242",2020-10-28,7153,1276,325,94,77.7,112,2,69,38,2,2,31,29,3,450,40,1900,0.0405299997329712,166,0.01807000041008,3.87253724882471,2.89456257106938,103.067168191783,1086.74266531786,112
"243",2020-10-29,7217,1261,326,65,74.4,64,0,18,42,9,2,39,37,1,459,42,2190,0.0292199993133545,96,0,2.79929127280168,2.92597293328889,55.4969805586188,1125.80220200996,64
"244",2020-10-30,7267,1230,328,122,78.7,50,2,9,35,4,2,42,40,2,463,37,2796,0.0357699990272522,105,0.0571400022506714,3.6543473807831,3.10031181142747,40.8213328983089,1057.8443098627,50
"245",2020-10-31,7306,1160,329,83,81.6,39,0,5,32,2,2,41,39,1,465,32,2345,0.027720000743866,322,0,2.43732290005121,3.17365627468518,34.012764314619,1051.71270640494,39
"246",2020-11-01,7356,1119,332,50,78.9,50,1,7,39,1,2,39,37,3,466,40,1717,0.0256299996376038,104,0,2.41662324974001,3.09648456766269,43.2976678174273,1015.42725719253,50
"247",2020-11-02,7420,1071,332,56,75.9,64,3,8,47,6,2,44,42,0,472,50,1032,0.0174399995803833,14,0.0714300012588501,1.81626191057165,2.80701696600859,54.521797034243,996.496892473485,64
"248",2020-11-03,7491,999,333,36,72.3,71,1,36,33,1,2,45,43,1,473,34,1456,0.0219799995422363,13,0,2.17854862719511,2.73927608428107,67.1630438917456,915.643554348644,71
"249",2020-11-04,7556,923,337,53,66.4,65,5,1,51,1,1,42,41,4,474,56,1465,0.0273000001907349,295,0.0033899998664856,2.32923580909317,2.5188044500337,52.004166836172,840.657964103334,65
"250",2020-11-05,7603,880,337,45,63.6,47,0,6,34,5,2,45,43,0,479,34,2540,0.0240199995040894,41,0,2.36384342271937,2.45659761430766,36.9217487489941,800.327614679846,47
"251",2020-11-06,7676,873,341,79,57.4,73,2,13,55,4,3,47,44,4,483,57,2342,0.0243400001525879,117,0.0256399989128113,2.44018545059617,2.28314590999524,64.6727370909894,791.408762814626,73
"252",2020-11-07,7711,839,346,75,56.3,35,3,4,25,3,4,47,43,5,486,28,2497,0.0276300001144409,142,0,2.61432778650091,2.3084323223452,29.196345383767,754.99049203502,35
"253",2020-11-08,7748,777,346,47,55.9,37,1,5,29,1,4,48,44,0,487,30,1176,0.0204099988937378,92,0.0108700001239777,1.97178223268467,2.24488360562301,32.7343822155939,718.320499383883,37
"254",2020-11-09,7818,745,350,31,52.3,70,3,24,41,7,4,47,43,4,494,44,711,0.0210999989509583,20,0.1,2.3258685710166,2.31768455711514,64.0803770839252,678.633657443734,70
"255",2020-11-10,7885,754,350,51,54.4,67,0,11,54,3,5,48,43,0,497,54,1376,0.0334299993515015,17,0,3.30220237671687,2.47820652133254,58.1702644667914,658.636655702976,67
"256",2020-11-11,7942,754,353,78,58,57,0,6,49,2,5,47,42,3,499,49,2370,0.0253200006484985,241,0.0290499997138977,2.56642862765189,2.51209120969807,50.1834983600647,679.884852316097,57
"257",2020-11-12,7984,744,355,58,59.9,42,1,8,31,3,3,44,41,2,502,32,2314,0.0216100001335144,214,0.00467000007629395,2.01759969641136,2.46262782022549,37.5271861550198,686.50707810421,42
"258",2020-11-13,8022,720,357,81,60.1,38,3,7,24,0,3,37,34,2,502,27,2721,0.0216799998283386,199,0,2.02024929907224,2.40263694143636,31.9108233158121,664.28862175499,38
"259",2020-11-14,8043,697,357,51,56.7,21,3,2,14,3,3,38,35,0,505,17,1710,0.015789999961853,245,0.0163300001621246,1.58576726212221,2.25569972366798,17.9674887068416,654.667036980505,21
"260",2020-11-15,8073,653,360,29,54.1,30,1,1,25,0,2,36,34,3,505,26,984,0.0152400004863739,307,0.00651000022888184,1.31640050727023,2.16207376289449,25.6891052312623,620.076373692857,30
"261",2020-11-16,8117,614,363,11,51.3,44,0,3,39,3,2,34,32,3,508,39,735,0.0122399997711182,52,0,1.14312577277914,1.99311050600342,40.2924828873097,587.117551097645,44
"262",2020-11-17,8158,591,363,38,49.4,41,1,10,29,1,2,33,31,0,509,30,1827,0.0207999992370605,38,0,2.03761922820963,1.81245577050239,37.6587341721839,544.877063192023,41
"263",2020-11-18,8199,584,363,66,47.7,41,3,6,30,1,2,33,31,0,510,33,2686,0.0204800009727478,20,0.05,2.06981827837401,1.74151143489126,36.3839104914,537.703143241746,41
"264",2020-11-19,8219,568,364,53,47,20,2,1,17,0,2,31,29,1,510,19,2476,0.0121200001239777,187,0.0160399997234344,1.23952685900304,1.63035817240436,19.0979803797185,541.03436082527,20
"265",2020-11-20,8244,525,364,29,39.6,25,1,2,20,1,2,31,29,0,511,21,2641,0.00757000029087067,222,0.0225200009346008,0.872923890173623,1.4664545425617,22.2978949196016,507.44737299004,25
"266",2020-11-21,8273,495,365,27,36.1,29,4,4,19,2,2,32,30,1,513,23,1493,0.01875,71,0,1.78988171355499,1.49561374990924,25.423265361579,461.065928433984,29
"267",2020-11-22,8300,481,368,26,35.7,27,3,4,19,3,4,32,28,3,516,22,1222,0.0147300004959106,36,0,1.43084742496048,1.51196330957927,24.794346674148,454.640034102963,27
"268",2020-11-23,8340,463,370,20,37,40,2,10,25,1,3,27,24,2,517,27,921,0.0173699998855591,14,0,1.71099143257753,1.59308697526476,35.230632521725,432.658624354026,40
"269",2020-11-24,8384,473,370,21,34.6,44,2,7,34,1,3,23,20,0,518,36,1403,0.00855000019073486,41,0.0975599956512451,1.10772923056108,1.46024554702925,41.4726359715808,452.932133737714,44
"270",2020-11-25,8439,481,371,38,30.6,55,4,10,39,2,2,23,21,1,520,43,2618,0.0122200000286102,72,0.0138900005817413,1.22646989281736,1.33976720623544,50.9800910724109,458.405204786736,55
"271",2020-11-26,8484,496,372,60,31.6,45,3,4,37,3,2,23,21,1,523,40,3059,0.0143799996376038,224,0.00446000009775162,1.37031553193196,1.35845130236815,41.9006395412703,469.967930311752,45
"272",2020-11-27,8530,507,374,56,35.4,46,2,3,40,3,1,24,23,2,526,42,3153,0.0177600002288818,335,0.0029899999499321,1.63414365553015,1.46719698313336,42.3712701059875,475.26747485085,46
"273",2020-11-28,8575,510,375,60,40.1,45,2,3,40,2,1,25,24,1,528,42,2598,0.01192999958992,192,0,1.11090103708288,1.37019974363735,43.2129730421272,488.300386940116,45
"274",2020-11-29,8620,524,377,23,39.7,45,1,4,37,5,1,28,27,2,533,38,899,0.0244700002670288,12,0,2.41476731504488,1.51075972793512,38.4854856015999,475.536696190483,45
"275",2020-11-30,8664,531,378,45,43.3,44,1,7,35,1,1,25,24,1,534,36,1134,0.0229299998283386,61,0,2.17595144814527,1.57718258730194,39.9997451743686,486.746241321937,44
"276",2020-12-01,8717,551,378,34,45.1,53,2,11,39,3,1,27,26,0,537,41,1907,0.0141600000858307,113,0.0176999998092651,1.43580297733297,1.62405026541221,49.7453187787256,520.699284075068,53
"277",2020-12-02,8759,565,379,50,46.9,42,1,7,32,6,1,31,30,1,543,33,2860,0.0101400005817413,81,0.0123500001430511,1.02008676216822,1.59456696103376,38.7106895787651,542.925442787949,42
"278",2020-12-03,8797,564,380,40,44,38,0,6,31,3,1,33,32,1,546,31,3323,0.0102300000190735,203,0,0.96410351853038,1.53653667340497,35.8552996829823,543.173839393614,38
"279",2020-12-04,8839,567,382,54,43.7,42,1,5,32,2,1,31,30,2,548,33,2995,0.0110199999809265,165,0.0121200001239777,1.10774366972567,1.4613366754329,36.5998980573,542.943702984519,42
"280",2020-12-05,8874,556,382,45,41.6,35,3,2,29,1,1,31,30,0,549,32,2278,0.0184399998188019,209,0,1.68903576949058,1.54392735149114,31.9298812133586,520.031686082106,35
"281",2020-12-06,8912,548,383,33,43,38,0,7,29,1,2,31,29,1,550,29,1398,0.0157400000095367,20,0,1.55179971885278,1.42064626632084,34.276385622186,515.429631757169,38
"282",2020-12-07,8965,550,384,23,39.9,53,0,4,44,2,1,31,30,1,552,44,1066,0.0168900001049042,25,0.04,1.74195601391639,1.35864691857386,45.0644038979569,513.305048724461,53
"283",2020-12-08,9012,555,384,58,43.3,47,1,1,44,0,1,28,27,0,552,45,2368,0.01942999958992,69,0,1.88798682925444,1.42324461170549,42.7459972509799,514.867299428752,47
"284",2020-12-09,9067,566,386,40,41.9,55,3,3,47,1,3,25,22,2,553,50,2912,0.00962000012397766,167,0.00598999977111816,0.942311475245199,1.41213385643078,51.195441665771,545.572399656528,55
"285",2020-12-10,9111,564,386,56,44.1,44,2,0,42,1,3,24,21,0,554,44,3091,0.0139100003242493,252,0.00397000014781952,1.3160709255012,1.46241491456946,41.7821181200623,535.570786811708,44
"286",2020-12-11,9150,548,386,49,43.4,39,6,2,30,1,2,24,22,0,555,36,3045,0.01182000041008,32,0,1.16970754789384,1.47126689716492,36.3871787589115,523.449276663431,39
"287",2020-12-12,9177,531,387,56,45,27,2,3,22,0,2,21,19,1,555,24,2615,0.01567999958992,24,0,1.55374001241534,1.45193893186846,25.5717769655816,499.400565363493,27
"288",2020-12-13,9217,529,388,26,44,40,5,2,33,0,2,20,18,1,555,38,1503,0.0119799995422363,47,0,1.16167350399879,1.39620661546074,38.3092705327728,505.463266100968,40
"289",2020-12-14,9259,526,388,19,43.4,42,3,4,35,2,2,21,19,0,557,38,918,0.0174300003051758,20,0,1.70583585076241,1.39104659215303,39.5172826708978,491.633965391901,42
"290",2020-12-15,9307,536,389,51,42.4,48,2,7,38,1,1,21,20,1,558,40,2078,0.0134700000286102,49,0,1.31596897317593,1.30932975557039,44.9838999392311,508.984259185696,48
"291",2020-12-16,9361,552,389,53,44.3,54,4,4,45,0,1,19,18,0,558,49,2309,0.0168900001049042,93,0,1.62360575529658,1.40665750986344,49.9529252835099,517.673770540765,54
"292",2020-12-17,9398,548,390,61,45,37,1,5,29,2,0,19,19,1,560,30,3213,0.0133800005912781,84,0.0238100004196167,1.3645733070981,1.41358642152014,33.4320775887721,519.359283954904,37
"293",2020-12-18,9440,538,390,23,41.3,42,5,4,33,0,0,18,18,0,560,38,3299,0.00726999998092651,170,0.00587999999523163,0.720188236848255,1.34936937708506,40.9518195346642,523.159971306561,42
"294",2020-12-19,9479,535,390,46,39.9,39,1,7,29,3,0,21,21,0,563,30,2798,0.0117900002002716,140,0,1.12281894351123,1.28780922438447,35.7098582566983,511.992472244453,39
"295",2020-12-20,9523,530,390,24,39.6,44,5,3,33,0,0,18,18,0,563,38,1359,0.0161899995803833,51,0,1.56044038508801,1.34477592168293,38.7288949676152,498.324061390423,44
"296",2020-12-21,9597,550,390,28,40.9,74,7,8,58,1,0,17,17,0,564,65,1367,0.00657999992370605,32,0.03125,0.714428870314952,1.20314635304758,71.2213979264694,534.950290147048,74
"297",2020-12-22,9678,593,390,66,43,81,7,8,64,2,0,17,17,0,566,71,3018,0.0225300002098083,48,0,2.21772800499679,1.33196907187913,72.9692257638393,542.630294055728,81
"298",2020-12-23,9780,662,390,53,43,102,5,6,90,1,1,15,14,0,567,95,2655,0.0199600005149841,200,0.015,1.96125398834616,1.38020453374336,93.8638513760549,612.272311694193,102
"299",2020-12-24,9853,690,390,57,42.4,73,11,5,55,2,1,15,14,0,569,66,3468,0.01557000041008,144,0,1.49492694967213,1.3988264826825,67.2210569400973,650.492868010108,73
"300",2020-12-25,9917,720,390,52,46.6,64,7,2,54,0,1,12,11,0,569,61,2541,0.0295199990272522,161,0,2.77610353546439,1.69252866819909,56.5140748023179,643.444817338834,64
"301",2020-12-26,10010,762,390,86,52.3,93,5,4,83,2,2,14,12,0,571,88,950,0.02,50,0,1.9,1.80355453341178,85.5961269408383,706.54828101044,93
"302",2020-12-27,10121,827,391,35,53.9,111,8,6,95,2,4,14,10,1,573,103,1482,0.0283400011062622,32,0.0625,2.9062009008904,1.99580603566926,97.5351256559,734.947076868245,111
"303",2020-12-28,10256,924,391,65,59.1,135,15,7,111,1,2,14,12,0,574,126,1190,0.042020001411438,38,0.0263199996948242,4.15341707394255,2.48709006475892,112.956086013076,777.011297429225,135
"304",2020-12-29,10376,1000,391,113,65.9,120,5,15,100,3,4,13,9,0,577,105,1882,0.050479998588562,25,0.04,5.03426100386333,2.88945192173985,99.7543619400716,807.184399429253,120
"305",2020-12-30,10513,1090,391,88,70.9,137,12,10,115,3,5,14,9,0,580,127,2458,0.0573600006103516,62,0,5.59487625000969,3.40854081626321,109.785481965184,856.426577496464,137
"306",2020-12-31,10638,1176,391,147,83.7,125,0,9,116,2,5,14,9,0,582,116,2649,0.0332200002670288,143,0,3.15185460986244,3.64524476771897,110.996693113582,1034.03544053079,125
"307",2021-01-01,10755,1231,392,89,89,117,0,5,111,2,6,14,8,1,584,111,2748,0.0382100009918213,134,0.0149300003051758,3.71275859703048,3.77905263365698,100.215670707111,1055.95036613021,117
"308",2021-01-02,10867,1289,392,134,95.9,112,4,8,100,2,6,16,10,0,586,104,2370,0.029539999961853,431,0,2.49945733343776,3.86468939557666,102.043985777912,1165.6028621897,112
"309",2021-01-03,10990,1315,393,107,106.1,123,0,5,118,3,5,19,14,1,589,118,1517,0.0599900007247925,126,0.0238100004196167,5.72153932759476,4.26688059939157,97.14161863806,1026.83244499194,123
"310",2021-01-04,11166,1427,393,115,113.3,176,5,30,141,5,8,22,14,0,594,146,1385,0.0534299993515015,155,0.00644999980926514,4.87014929040686,4.36927091602933,148.766618397727,1160.82167433943,176
"311",2021-01-05,11309,1503,395,105,112.1,143,2,20,121,6,8,24,16,2,600,123,2419,0.0570499992370605,97,0.0103100001811981,5.52480199411867,4.43934820035152,116.972750779768,1184.9597107479,143
"312",2021-01-06,11493,1599,395,132,118.4,184,11,42,130,7,7,29,22,0,607,141,2621,0.0515100002288818,211,0.0142200005054474,4.87316845715214,4.33624708708616,156.682963758568,1300.55361028334,184
"313",2021-01-07,11607,1630,395,188,124.3,114,2,8,103,6,9,33,24,0,613,105,2314,0.0488299989700317,91,0.0109899997711182,4.73982152165593,4.56309950305666,93.938471222993,1334.09245803313,114
"314",2021-01-08,11740,1662,395,186,138.1,133,6,14,112,0,11,31,20,0,613,118,2662,0.0368099999427795,250,0,3.36498007718678,4.5134168573647,116.792040545528,1447.79975751414,133
"315",2021-01-09,11840,1673,397,153,140.9,100,6,2,92,4,11,31,20,2,617,98,3023,0.0324200010299683,375,0.00266999989748001,2.91368196218802,4.57259180432902,89.0635930429372,1486.29990980443,100
"316",2021-01-10,11932,1657,397,120,142.7,92,5,3,82,5,11,35,24,0,622,87,1827,0.0514499998092651,78,0,4.93433856438464,4.46013455244186,73.5580001892323,1343.84604958113,92
"317",2021-01-11,12096,1708,397,66,135.7,164,2,26,134,3,13,35,22,0,625,136,1609,0.0341799998283386,115,0,3.19000114407174,4.2201133886797,145.383628681882,1499.31792491657,164
"318",2021-01-12,12237,1736,398,160,143.6,141,2,22,115,4,13,36,23,1,629,117,2212,0.0700699996948242,74,0.0135099995136261,6.82390985516008,4.40570022597134,108.420837678743,1282.27841205383,141
"319",2021-01-13,12326,1724,402,172,149.3,89,1,9,76,2,11,35,24,4,631,77,2529,0.0375600004196167,173,0.0115600001811981,3.58953075842183,4.22232341186701,75.413927945248,1486.98197113776,89
"320",2021-01-14,12417,1710,402,130,141,91,2,14,74,9,10,42,32,0,640,76,2578,0.03375,146,0,3.19410792951542,4.00150718441836,80.7024264918733,1500.80459606715,91
"321",2021-01-15,12513,1679,404,144,135,96,7,7,80,5,11,42,31,2,645,87,2926,0.0372499990463257,206,0.00485000014305115,3.51189646357016,4.02249523961599,82.2978031936774,1453.1610524389,96
"322",2021-01-16,12574,1630,405,119,130.1,61,1,1,57,2,9,40,31,1,647,58,2469,0.0324000000953674,289,0,2.90049311948739,4.02061111923018,52.5567308296781,1448.9219181444,61
"323",2021-01-17,12653,1569,407,74,123.6,79,2,3,71,2,9,40,31,2,649,73,2038,0.026010000705719,32,0,2.56079137382876,3.68153294915077,68.8401569922447,1415.11241535386,79
"324",2021-01-18,12775,1591,408,64,123.3,122,2,45,73,7,10,44,34,1,656,75,1023,0.0400799989700317,48,0,3.82836964951844,3.77272844992887,109.00281402853,1357.71302825855,122
"325",2021-01-19,12849,1532,415,81,112,74,3,24,47,8,9,46,37,7,664,50,2335,0.0411100006103516,88,0,3.96169423958609,3.36384050484687,66.4132215880617,1299.54110945821,74
"326",2021-01-20,12910,1490,415,166,111.1,61,1,8,50,2,7,38,31,0,666,51,3061,0.0222099995613098,162,0.00616999983787537,2.14037693549194,3.1568185301426,54.8191279194016,1367.85295293938,61
"327",2021-01-21,12981,1460,417,81,104.1,71,1,9,60,3,7,38,31,2,669,61,2637,0.0242700004577637,117,0,2.32389220069436,3.03250199745388,64.5705947964008,1330.05030168435,71
"328",2021-01-22,13059,1428,418,94,97,78,2,3,72,5,6,38,32,1,674,74,2311,0.0307200002670288,113,0.0176999998092651,3.01130448001446,2.96098885694592,68.4652101626506,1263.30162313872,78
"329",2021-01-23,13108,1364,418,84,92,49,1,4,41,4,9,40,31,0,678,42,2121,0.0329999995231628,274,0,2.92246342332478,2.96412747177983,41.2988423391948,1211.32430834909,49
"330",2021-01-24,13154,1280,419,44,87.7,46,2,9,35,2,8,38,30,1,680,37,1247,0.0224499988555908,37,0,2.18030752125559,2.90977263569795,42.9102316623559,1173.11071696799,46
"331",2021-01-25,13218,1223,419,29,82.7,64,1,18,44,4,7,39,32,0,684,45,825,0.0206100010871887,48,0,1.94768051511234,2.64110275935422,59.6431133670084,1131.76728106336,64
"332",2021-01-26,13280,1159,420,74,81.7,62,1,19,40,8,5,41,36,1,692,41,2355,0.0242000007629395,79,0,2.34145446987356,2.40963993510957,56.3231491318543,1055.06170350778,62
"333",2021-01-27,13358,1119,422,80,69.4,78,0,27,50,1,4,31,27,2,693,50,2798,0.0192999994754791,176,0.00568000018596649,1.84939739627171,2.36807142950668,73.4583414588313,1039.73768184864,78
"334",2021-01-28,13396,1058,422,67,67.4,38,1,3,33,3,5,31,26,0,696,34,2354,0.0212400007247925,209,0.0287100005149841,2.18491423385849,2.34821743424442,34.1547544524001,969.462653254097,38
"335",2021-01-29,13423,951,422,73,64.4,27,1,3,23,3,4,32,28,0,699,24,2847,0.0122899997234344,180,0.00555999994277954,1.18898015204223,2.08788538739124,25.907070148774,907.692654645169,27
"336",2021-01-30,13442,854,423,41,58.3,19,1,6,12,2,5,34,29,1,701,13,2155,0.0157799994945526,215,0,1.43484805530637,1.87536890624575,18.2855765402526,807.067874259668,19
"337",2021-01-31,13484,795,424,25,55.6,42,4,5,33,4,6,33,27,1,705,37,922,0.0195200002193451,24,0,1.90247782264653,1.8356789493016,39.3039510792963,737.071381298394,42
"338",2021-02-01,13528,708,424,27,55.3,44,6,7,29,4,5,30,25,0,709,35,548,0.0292000007629395,29,0,2.77324097367259,1.95361615766735,38.2824048413559,632.798360790857,44
"339",2021-02-02,13571,646,425,59,53.1,43,5,5,31,3,5,28,23,1,712,36,2439,0.0225500011444092,105,0.0190499997138977,2.2405543538197,1.93920185537395,37.9106691154038,590.563673570857,43
"340",2021-02-03,13634,631,425,54,49.4,63,4,23,35,2,4,27,23,0,714,39,2867,0.0132500004768372,212,0,1.23376912527094,1.85125495951669,60.1570865212956,601.182604998398,63
"341",2021-02-04,13716,633,425,51,47.1,82,3,43,33,2,5,26,21,0,716,36,2816,0.0127799999713898,90,0,1.23841981828746,1.71604147157797,77.2924366078381,602.97534368782,82
"342",2021-02-05,13772,629,427,72,47,56,1,8,46,2,5,22,17,2,718,47,2434,0.0160199999809265,150,0,1.50900464216622,1.7617592558814,52.2835927859835,592.646380050715,56
"343",2021-02-06,13797,598,427,61,49.9,25,1,4,19,3,6,22,16,0,721,20,2370,0.0147699999809265,205,0.0146300005912781,1.47588543984496,1.76762173938691,22.869451793465,564.196608624605,25
"344",2021-02-07,13822,553,429,33,51,25,1,2,19,3,4,24,20,2,724,20,1005,0.0258699989318848,75,0,2.40734712282817,1.83974592512715,20.1559395473768,502.011728484969,25
"345",2021-02-08,13869,550,431,24,50.6,47,1,7,38,2,5,22,17,2,726,39,851,0.0129299998283386,28,0,1.2518122700701,1.62239896746965,44.1301350000851,523.630108975559,47
"346",2021-02-09,13923,569,431,42,48.1,54,5,7,39,0,2,20,18,0,726,44,2241,0.0174000000953674,150,0,1.63084066138513,1.53529701140757,48.2516587959922,533.458951248172,54
"347",2021-02-10,13978,584,432,41,46.3,55,0,5,49,3,4,21,17,1,729,49,2792,0.0125399994850159,100,0,1.21063895443168,1.53199270128767,51.7279537616735,556.920918302395,55
"348",2021-02-11,14036,609,433,51,46.3,58,1,11,44,1,3,17,14,1,730,45,2564,0.0152100002765656,58,0,1.48735471812029,1.56755482983522,53.4364988851947,574.307284912968,58
"349",2021-02-12,14087,612,435,52,43.4,51,0,8,42,3,2,17,15,2,733,42,2613,0.0156900000572205,173,0,1.47157107500061,1.56220717738299,47.6327889760933,577.506353651645,51
"350",2021-02-13,14122,613,435,45,41.1,35,0,4,30,6,2,21,19,0,739,30,2099,0.0219199991226196,46,0.0217400002479553,2.19161390068926,1.66445410036075,31.4817911696098,561.544599565693,35
"351",2021-02-14,14162,585,437,49,43.4,40,0,4,34,4,2,21,19,2,743,34,1173,0.0170500004291534,10,0,1.69058753198622,1.56205987309761,35.7984780483959,547.120872303283,40
"352",2021-02-15,14222,605,438,34,44.9,60,2,7,50,4,2,23,21,1,747,52,867,0.0253699994087219,26,0,2.46313432109316,1.73510588038662,54.094335077529,547.924475421251,60
"353",2021-02-16,14275,602,438,61,47.6,53,4,13,33,4,2,25,23,0,751,37,1560,0.0333299994468689,23,0,3.28457353993149,1.97135343446467,45.3453486595783,526.267564677464,53
"354",2021-02-17,14331,617,439,50,48.9,56,5,6,42,2,2,26,24,1,753,47,2064,0.0184099996089935,222,0,1.66221518779364,2.03586432494495,50.0077936136176,577.719333183023,56
"355",2021-02-18,14400,631,439,68,51.3,69,3,12,50,3,3,27,24,0,756,53,2346,0.0208899998664856,116,0,1.99057431709079,2.1077528390836,60.9592618552735,582.892343975048,69
"356",2021-02-19,14455,637,440,58,52.1,55,2,17,33,1,3,27,24,1,757,35,2576,0.0151400005817413,96,0,1.45960484650321,2.10604337786968,50.0433651592462,601.389245898281,55
"357",2021-02-20,14500,613,440,66,55.1,45,0,3,41,4,3,27,24,0,761,41,2388,0.0272199988365173,68,0,2.6466350660262,2.17104640148924,39.8439155809385,550.861469539398,45
"358",2021-02-21,14536,595,440,53,55.7,36,0,6,29,2,4,25,21,0,763,29,1001,0.0299699997901916,28,0,2.91544895918191,2.34602660537434,31.7617536704132,528.560118410201,36
"359",2021-02-22,14599,610,440,32,55.4,63,0,11,51,1,6,24,18,0,764,51,863,0.0150600004196167,66,0,1.39900757396439,2.19400849864166,59.2672702599512,577.314408991573,63
"360",2021-02-23,14651,613,440,47,53.4,52,0,7,44,3,6,26,20,0,767,44,2037,0.0196399998664856,84,0,1.88621780895951,1.99424339421709,47.821289628814,568.714785055977,52
"361",2021-02-24,14701,622,441,60,54.9,50,2,10,38,1,6,25,19,1,768,40,2871,0.0177600002288818,41,0,1.75099452806043,2.00692615711235,47.3174290227307,580.286021303462,50
"362",2021-02-25,14735,618,441,43,51.3,34,1,4,27,1,6,24,18,0,769,28,2378,0.0189199995994568,128,0.00781000018119812,1.8352529557343,1.98473739120428,30.0318399827795,574.559896762776,34
"363",2021-02-26,14797,617,441,56,51,62,5,13,40,1,6,22,16,0,770,45,2639,0.0181900000572205,182,0,1.7016451666432,2.01931457979571,55.0671627766067,576.787542959252,62
"364",2021-02-27,14838,616,442,70,51.6,41,0,7,28,3,6,24,18,1,773,28,2533,0.0205299997329712,47,0.0212800002098083,2.05436625323554,1.93470474939704,32.7968587339899,567.530892147777,41
"365",2021-02-28,14905,630,442,50,51.1,67,2,9,53,7,6,28,22,0,780,55,1553,0.0257599997520447,94,0,2.42897872586068,1.86520900177972,58.8832659790078,571.390137577726,67
"366",2021-03-01,14970,633,442,55,54.4,65,3,5,55,3,6,29,23,0,783,58,991,0.0302699995040894,45,0,2.89551829233133,2.07899624726071,56.5677821058308,562.800104706739,65
"367",2021-03-02,15030,637,443,63,56.7,60,3,8,49,3,4,29,25,1,786,52,1985,0.0256900000572205,41,0,2.51701135802481,2.1691096114129,54.9870316763548,575.591138035346,60
"368",2021-03-03,15081,639,443,65,57.4,51,1,5,43,6,5,32,27,0,792,44,2614,0.019889999628067,108,0,1.9100829914683,2.19183653475688,45.7810713132034,592.252376571295,51
"369",2021-03-04,15127,622,443,61,60,46,2,3,39,1,5,31,26,0,793,41,2381,0.0201600003242493,222,0.00449999988079071,1.88244182656831,2.19857780201888,41.0439494112285,577.154549604491,46
"370",2021-03-05,15190,614,444,51,59.3,63,2,7,50,2,2,28,26,1,795,52,2400,0.0183299994468689,153,0,1.72314918419449,2.20164980452621,55.5681154954896,573.477363735204,63
"371",2021-03-06,15224,606,445,46,55.9,34,2,3,26,0,2,26,24,1,795,28,1947,0.0220900011062622,23,0,2.1832097540047,2.2200560189218,28.6586845243256,555.327243633619,34
"372",2021-03-07,15253,586,446,55,56.6,29,0,0,28,2,5,25,20,1,797,28,1736,0.0190100002288818,16,0.0625,1.94071691765633,2.15030433203547,25.918738433228,542.442168638271,38
"373",2021-03-08,15331,622,447,39,54.3,78,1,9,62,6,4,29,25,1,803,63,1159,0.0198399996757507,139,0,1.7715377214326,1.98973567904993,67.7253811643722,579.796620384754,74
"374",2021-03-09,15398,641,447,69,55.1,67,1,7,57,1,3,27,24,0,804,58,2081,0.0312299990653992,57,0,3.03973938517753,2.06441111150032,58.2474037139626,566.372168631897,65
"375",2021-03-10,15474,659,447,79,57.1,76,1,9,62,0,2,23,21,0,804,63,2617,0.0183399999141693,183,0,1.7141349919779,2.03641854014455,67.8638906556322,615.734983207327,70
"376",2021-03-11,15551,674,450,73,58.9,77,1,5,68,1,2,20,18,3,805,69,2284,0.0280200004577637,85,0,2.70146395295619,2.15342170105711,66.8607151688059,604.262638025727,69
"377",2021-03-12,15617,660,450,97,65.4,66,2,6,54,2,2,17,15,0,807,56,2326,0.0236500000953674,133,0,2.23708418958213,2.22684098754105,57.2018171191774,603.44998747602,61
"378",2021-03-13,15667,664,450,56,66.9,50,2,2,40,4,4,21,17,0,811,42,2325,0.020220000743866,98,0,1.94021880848074,2.19212799532335,40.8789089224081,614.657036297119,50
"379",2021-03-14,15732,687,450,65,68.3,65,2,6,55,1,3,21,18,0,812,57,1525,0.0321300005912781,36,0,3.13890140305567,2.36329720752325,56.1473433646387,604.407454236961,61
"380",2021-03-15,15829,723,451,61,71.4,97,0,7,88,4,5,23,18,1,816,88,993,0.0382699990272522,13,0,3.77754562962837,2.64986976583694,82.2679354277204,618.394514934566,79
"381",2021-03-16,15910,734,452,83,73.4,81,2,4,71,5,6,26,20,1,821,73,1557,0.0359699988365173,8,0,3.5786126637992,2.72685166278289,66.994380205968,633.395548920281,71
"382",2021-03-17,15978,742,452,82,73.9,68,0,7,59,1,5,24,19,0,822,59,2768,0.0317899990081787,174,0,2.99098291144251,2.90925850842069,59.2411565889175,656.998952355539,65
"383",2021-03-18,16050,765,452,72,73.7,72,1,1,69,1,6,21,15,0,823,70,1336,0.0299399995803833,35,0,2.91756669871569,2.94013032924347,63.1778655824468,679.515245293883,69
"384",2021-03-19,16107,756,453,106,75,57,0,2,55,0,5,20,15,1,823,55,NA,NA,NA,NA,NA,NA,NA,NA,69
"385",2021-03-20,16107,736,454,70,77,0,0,0,0,0,5,20,15,1,823,0,NA,NA,NA,NA,NA,NA,NA,NA,69
