"","date","observed_cumulative_cases","observed_active_cases","observed_cumulative_deaths","observed_new_cases","observed_daily_average_cases","observed_new_episodes","observed_new_cases_community_outbreak","observed_new_cases_institution_outbreak","observed_new_cases_sporadic","observed_new_ICU_p_acute_care","observed_census_ICU","observed_census_ICU_p_acute_care","observed_census_acute_care","observed_new_deaths","cumulative_hosp","observed_new_community_cases","num_non_ltch_tests","non_ltch_pct_positivity","num_ltch_tests","ltch_pct_positivity","observed_pct_positivity","pct_positivity_7_day","adjusted_new_episodes","adjusted_active_cases","adjusted_episode_cases"
"1",2020-03-01,7,7,0,0,0,2,0,0,2,0,0,1,1,0,0,2,NA,NA,NA,NA,NA,NA,NA,NA,2
"2",2020-03-02,10,10,0,0,0,3,2,0,1,0,0,1,1,0,0,3,NA,NA,NA,NA,NA,NA,NA,NA,3
"3",2020-03-03,11,11,0,0,0,1,0,0,1,0,0,1,1,0,0,1,NA,NA,NA,NA,NA,NA,NA,NA,1
"4",2020-03-04,12,12,0,0,0,1,0,0,1,0,0,1,1,0,0,1,NA,NA,NA,NA,NA,NA,NA,NA,1
"5",2020-03-05,18,18,0,0,0,6,2,0,4,0,0,1,1,0,0,6,NA,NA,NA,NA,NA,NA,NA,NA,6
"6",2020-03-06,23,23,0,0,0,5,0,1,4,0,0,1,1,0,0,4,NA,NA,NA,NA,NA,NA,NA,NA,5
"7",2020-03-07,27,27,0,0,0,4,0,0,4,0,0,1,1,0,0,4,NA,NA,NA,NA,NA,NA,NA,NA,4
"8",2020-03-08,36,36,0,0,0,9,1,0,8,0,0,1,1,0,0,9,NA,NA,NA,NA,NA,NA,NA,NA,9
"9",2020-03-09,45,45,0,1,0.1,9,0,0,9,0,0,1,1,0,0,9,NA,NA,NA,NA,NA,NA,NA,NA,9
"10",2020-03-10,52,52,0,0,0.1,7,1,0,6,0,0,1,1,0,0,7,NA,NA,NA,NA,NA,NA,NA,NA,7
"11",2020-03-11,61,61,0,0,0.1,9,0,0,9,0,0,1,1,0,0,9,NA,NA,NA,NA,NA,NA,NA,NA,9
"12",2020-03-12,75,75,0,3,0.6,14,1,0,13,0,0,1,1,0,0,14,NA,NA,NA,NA,NA,NA,NA,NA,14
"13",2020-03-13,97,97,0,1,0.7,22,2,2,18,0,0,1,1,0,0,20,NA,NA,NA,NA,NA,NA,NA,NA,22
"14",2020-03-14,115,115,0,4,1.3,18,1,1,16,1,0,2,2,0,1,17,NA,NA,NA,NA,NA,NA,NA,NA,18
"15",2020-03-15,142,142,0,4,1.9,27,1,0,26,0,0,2,2,0,1,27,NA,NA,NA,NA,NA,NA,NA,NA,27
"16",2020-03-16,157,157,0,0,1.7,15,0,0,15,0,0,2,2,0,1,15,NA,NA,NA,NA,NA,NA,NA,NA,15
"17",2020-03-17,180,179,0,5,2.4,23,1,0,22,2,0,4,4,0,3,23,127,0,4,0,0,0,23,179,23
"18",2020-03-18,196,194,0,4,3,16,0,0,16,0,0,3,3,0,3,16,210,0.0190499997138977,1,0,1.89597153550641,0.947985767753204,15.6511304157538,189.769956291015,16
"19",2020-03-19,221,219,0,1,2.7,25,0,0,25,4,0,7,7,0,7,25,110,0.0272699999809265,9,0,2.52075630075791,1.47224261208811,24.27526008256,212.651278323225,25
"20",2020-03-20,243,241,0,2,2.9,22,1,1,20,3,1,10,9,0,10,21,137,0.00730000019073486,4,0,0.709290798674238,1.28150465873464,21.8287009585327,239.034139571732,22
"21",2020-03-21,263,261,0,4,2.9,20,0,2,18,3,1,10,9,0,13,18,204,0.0147099995613098,3,0,1.44968111618705,1.31513995022512,19.6999067002456,256.648647153562,20
"22",2020-03-22,289,287,0,7,3.3,26,0,1,25,3,5,13,8,0,16,25,159,0.0314499998092651,2,0,3.10593165818208,1.61360523488462,25.1070169485053,276.748554568841,26
"23",2020-03-23,310,308,0,9,4.6,21,1,0,20,4,5,17,12,0,20,21,138,0.0362299990653992,3,0,3.54591480214545,1.88964945877902,20.1436350113836,295.439980166959,21
"24",2020-03-24,328,324,1,8,5,18,1,3,14,3,7,20,13,1,23,15,253,0.0197599995136261,4,0,1.94524508830638,2.16754161425136,17.6644348132481,316.751791966159,18
"25",2020-03-25,351,347,1,8,5.6,23,0,1,22,4,8,23,15,0,27,22,153,0.0588199996948242,2,0,5.80610319568265,2.7261318514194,21.5310103243652,323.83002647976,23
"26",2020-03-26,365,357,1,19,8.1,14,1,3,10,2,7,25,18,0,29,11,274,0.025550000667572,3,0,2.5273285858898,2.72707074929538,13.6802830164671,346.623730625341,14
"27",2020-03-27,382,365,1,27,11.7,17,3,2,12,5,9,26,17,0,34,15,577,0.0294600009918213,4,0,2.92571782655437,3.04370318184968,16.4952980193844,352.718918471686,17
"28",2020-03-28,407,387,2,26,14.9,25,1,1,23,3,8,25,17,1,37,24,367,0.0817399978637695,3,0,8.10772411243336,3.99485218131344,22.7621987297937,350.915454517923,25
"29",2020-03-29,426,399,2,11,15.4,19,5,4,10,7,8,31,23,0,44,15,184,0.0434800004959106,0,0,4.34800004959107,4.1722905229433,18.2499467252691,379.048582892159,19
"30",2020-03-30,451,408,3,48,21,25,8,3,14,4,12,32,20,1,48,22,549,0.0783199977874756,0,0,7.83199977874756,4.7845883767436,23.018442589324,371.2511171111,25
"31",2020-03-31,468,405,3,51,27.1,17,2,3,12,6,13,34,21,0,54,14,943,0.064689998626709,0,0,6.4689998626709,5.43083905879567,15.9584587141605,374.869698516787,17
"32",2020-04-01,495,408,3,37,31.3,27,6,4,16,3,15,33,18,0,57,22,575,0.0573899984359741,4,0.25,5.87206374795943,5.44026199483521,24.5143217869713,380.447422231104,27
"33",2020-04-02,512,404,6,32,33.1,17,5,4,7,6,14,34,20,3,63,12,107,0.0841100025177002,9,0,7.75842264602924,6.1875611462837,14.9293044625521,367.953250239255,17
"34",2020-04-03,540,410,6,26,33,28,3,4,20,5,14,37,23,0,68,23,217,0.110600004196167,2,0,10.9589958495745,7.33517229242944,24.1012556805791,358.326731697279,28
"35",2020-04-04,557,417,7,18,31.9,17,3,7,6,7,14,43,29,1,75,9,315,0.0253999996185303,3,0,2.51603769806196,6.53635994751924,15.7395820202502,404.933966938259,17
"36",2020-04-05,584,428,8,40,36,27,4,8,13,4,13,43,30,1,79,17,422,0.0663500022888184,5,0.2,6.79149905524153,6.88543123404074,23.6722207478308,394.571204710094,27
"37",2020-04-06,603,428,9,40,34.9,19,3,7,9,4,12,44,32,1,83,12,238,0.117650003433228,4,0.25,11.9837606682265,7.47853993253773,17.34618972764,369.014100285828,19
"38",2020-04-07,626,426,9,25,31.1,23,2,11,10,4,14,45,31,0,87,12,285,0.108769998550415,6,0,10.6527318167932,8.07621592598378,21.529877407013,373.810647948962,23
"39",2020-04-08,646,429,11,26,29.6,20,1,10,8,5,16,44,28,2,92,9,368,0.0434800004959106,6,0.333330001831055,4.81300005173301,7.92492111223715,18.501839042009,405.254327669095,20
"40",2020-04-09,682,437,11,25,28.6,36,1,20,13,6,16,47,31,0,98,14,295,0.0949199962615967,5,0,9.33379963239034,8.14997496743159,32.4972116436444,390.091534876615,36
"41",2020-04-10,716,454,11,37,30.1,34,0,20,13,4,16,49,33,0,102,13,331,0.090629997253418,8,0,8.84912362562872,7.84856464972504,31.6770149798131,407.797292371934,34
"42",2020-04-11,760,484,11,31,32,44,0,34,8,6,19,54,35,0,108,8,225,0.102220001220703,11,0.363639984130859,11.4404830932617,9.12348542046786,40.9474429057671,420.320295798909,44
"43",2020-04-12,793,499,13,35,31.3,33,0,18,14,1,18,50,32,2,109,14,227,0.101319999694824,12,0.5,12.1337405567887,9.88666277783175,30.0464071711477,429.368369885908,33
"44",2020-04-13,817,506,16,16,27.9,24,0,19,5,3,20,52,32,3,112,5,165,0.0606099987030029,26,0.0384599995613098,5.75948155737672,8.99748004771035,23.6688195374431,472.484537189246,24
"45",2020-04-14,850,506,18,32,28.9,33,0,26,7,5,20,51,31,2,117,7,208,0.0673099994659424,18,0.166669998168945,7.52236276812258,8.55028446932883,32.3944310128006,462.226013211015,33
"46",2020-04-15,879,504,24,60,33.7,29,3,17,9,4,16,51,35,6,121,12,390,0.1,24,0.208330001831055,10.6280000106148,9.38099874916909,27.5332905021377,442.398201089783,29
"47",2020-04-16,949,553,24,21,33.1,70,1,55,13,7,13,53,40,0,128,14,310,0.0354800009727478,11,0,3.42641753942424,8.5370870216025,68.4483296636891,531.209021715719,70
"48",2020-04-17,981,557,26,73,38.3,32,0,26,6,0,13,49,36,2,128,6,378,0.0846599960327148,66,0.5,14.6399726352176,9.36435116582949,30.9898105527347,463.220746312201,32
"49",2020-04-18,1021,579,31,31,38.3,40,1,30,9,1,11,46,35,5,129,10,421,0.0617600011825562,8,0,6.06082995288022,8.59582928863213,39.3029829343919,538.642711901292,40
"50",2020-04-19,1038,582,35,38,38.7,17,0,13,4,5,15,47,32,4,134,4,452,0.0442500019073486,47,0.127659997940063,5.21062540386865,7.60681283821498,16.760303796198,547.124202346805,17
"51",2020-04-20,1099,618,39,16,38.7,61,1,47,13,3,13,45,32,4,137,14,325,0.0523099994659424,43,0.0232599997520447,4.89155701515467,7.48282361789754,60.2124348907904,583.234625893462,61
"52",2020-04-21,1135,631,47,51,41.4,36,0,26,10,2,11,43,32,8,139,10,543,0.069980001449585,25,0.36,8.27449661745152,7.59027131065882,35.0484033710698,570.954252714503,36
"53",2020-04-22,1176,647,54,35,37.9,41,1,31,9,4,9,45,36,7,143,10,656,0.0243899989128113,122,0.106560001373291,3.7275269221524,6.60448944087848,40.5713211066054,619.264475597366,41
"54",2020-04-23,1221,662,57,50,42,45,0,35,10,5,11,48,37,3,148,10,775,0.0361299991607666,105,0.0285700011253357,3.522795394063,6.61825770582687,44.5948659626821,635.180126729556,45
"55",2020-04-24,1262,669,65,38,37,41,0,36,5,7,10,48,38,8,155,5,517,0.0406199979782104,94,0.106379995346069,5.07369206501887,5.25164619579848,40.7082536564751,629.964339236363,41
"56",2020-04-25,1363,741,78,53,40.1,101,0,95,6,4,9,48,39,13,159,6,557,0.0502699995040894,28,0.0357100009918213,4.95731106864081,5.09400064090713,100.657934925622,698.754963314359,101
"57",2020-04-26,1417,760,87,88,47.3,54,0,41,13,5,9,50,41,9,164,13,358,0.0502799987792969,81,0.0123500001430511,4.32815252268233,4.96793308645194,53.3529211258831,722.170773513167,54
"58",2020-04-27,1478,784,95,87,57.4,61,0,54,7,8,11,56,45,8,172,7,269,0.0632000017166138,80,0.1,7.16355314090805,5.29250396155957,60.4233160837879,719.411401384249,61
"59",2020-04-28,1499,780,103,65,59.4,21,0,14,7,7,13,61,48,8,179,7,503,0.0616300010681152,11,0.272730007171631,6.61477054788909,5.05540023733637,20.4674944529109,720.663667610075,21
"60",2020-04-29,1524,769,111,29,58.6,25,0,17,8,7,13,62,49,8,186,8,668,0.0314400005340576,74,0.148649997711182,4.31294072606172,5.13903078075198,24.6031971446297,730.857325527526,25
"61",2020-04-30,1544,759,122,30,55.7,20,0,10,10,2,11,56,45,11,188,10,603,0.0414599990844727,6,0.333330001831055,4.43355656139956,5.26913951894292,19.4901251794458,720.300501119938,20
"62",2020-05-01,1567,742,135,42,56.3,23,0,16,7,6,11,57,46,13,194,7,516,0.031010000705719,55,0.0909099960327148,3.67797025323123,5.06975068868754,22.7039142102217,710.614906283496,23
"63",2020-05-02,1588,743,139,22,51.9,21,0,15,6,4,12,57,45,4,198,6,508,0.0511800003051758,28,0.0357100009918213,5.03718660126871,5.08116147906296,20.6524233429052,699.958423963096,21
"64",2020-05-03,1607,724,148,23,42.6,19,0,13,6,3,12,52,40,9,201,6,826,0.0205800008773804,231,0.0043299999833107,1.70286761786764,4.70612077837514,18.8824984895449,709.821484405082,19
"65",2020-05-04,1625,721,152,14,32.1,18,0,11,7,6,10,52,42,4,207,7,637,0.0109899997711182,24,0.125,1.51295459216373,3.89889241426881,17.8782033772769,708.454947859521,18
"66",2020-05-05,1650,721,156,29,27,25,0,24,1,3,9,50,41,4,210,1,923,0.0292499995231628,29,0.172409992218018,3.36109656871868,3.4340818458159,24.9613461904431,693.130603309477,25
"67",2020-05-06,1666,694,161,23,26.1,16,0,11,5,4,10,52,42,5,214,5,598,0.0167200005054474,149,0.0134200000762939,1.60617674881196,3.04740127763736,15.9076419720559,681.180705721362,16
"68",2020-05-07,1689,672,167,32,26.4,23,0,16,7,6,10,54,44,6,220,7,813,0.0356699991226196,234,0.0128199994564056,3.05631224063884,2.85065208895726,22.7539592326002,648.380086329616,23
"69",2020-05-08,1702,639,173,16,22.7,13,0,8,5,4,8,54,46,6,224,5,715,0.00978999972343445,127,0.0472399997711182,1.54386339349022,2.54577968042283,12.9112251011333,627.654567924837,13
"70",2020-05-09,1719,623,179,12,21.3,17,0,12,5,5,6,51,45,6,229,5,1100,0.0154499995708466,164,0.0304900002479553,1.74013920637626,2.0747729097239,16.8999388918013,610.532385918444,17
"71",2020-05-10,1731,554,185,25,21.6,12,0,8,4,3,5,52,47,6,232,4,907,0.0176400005817413,316,0.0126600003242493,1.6353262984548,2.06512414980778,11.9247726567667,543.581012962181,12
"72",2020-05-11,1751,535,188,14,21.6,20,0,14,6,1,5,51,46,3,233,6,517,0.00967000007629394,197,0.0152300000190735,1.12040616851561,2.00904580357234,19.9226895762522,528.106487215818,20
"73",2020-05-12,1774,518,193,13,19.3,23,0,17,6,4,6,51,45,5,237,6,835,0.0131700003147125,322,0.00310999989509583,1.03702422031165,1.67703546808562,22.9284431091492,511.822255089878,23
"74",2020-05-13,1795,500,195,21,19,21,0,15,6,2,7,47,40,2,239,6,1249,0.0144099998474121,224,0.0133899998664856,1.42548878340193,1.65122290159847,20.9016382228254,491.803185235449,21
"75",2020-05-14,1809,472,198,25,18,14,0,10,4,2,6,45,39,3,241,4,1046,0.0267700004577637,127,0.0236199998855591,2.6428951802461,1.59216332154237,13.8784230504689,457.653919955329,14
"76",2020-05-15,1829,458,201,17,18.1,20,0,12,8,1,5,44,39,3,242,8,1163,0.012039999961853,137,0.0146000003814697,1.23097846214588,1.54746547420746,19.8867464684299,451.516235317614,20
"77",2020-05-16,1845,438,207,19,19.1,16,0,6,10,1,4,42,38,6,243,10,967,0.0134399998188019,25,0.04,1.4109354662078,1.50043636846911,15.8377373881029,430.892897598907,16
"78",2020-05-17,1857,398,212,15,17.7,12,0,9,3,1,2,42,40,5,244,3,353,0.0254999995231628,10,0.1,2.7552341134095,1.66042319917693,11.9049414744323,385.38890227468,12
"79",2020-05-18,1872,390,213,26,19.4,15,0,8,7,2,1,43,42,1,246,7,376,0.0398900008201599,17,0.0588199996948242,4.07088557333133,2.08192025700774,14.6722835457905,371.741511836898,15
"80",2020-05-19,1884,353,219,23,20.9,12,0,8,4,0,1,40,39,6,246,4,359,0.0390000009536743,31,0.225809993743896,5.38490003805894,2.70304537382879,11.7522869143466,331.139320191091,12
"81",2020-05-20,1899,339,223,17,20.3,15,0,9,6,3,1,41,40,4,249,6,675,0.0296300005912781,36,0.0555600023269653,3.0942912071566,2.94144572007945,14.7864872836773,326.936531527767,15
"82",2020-05-21,1907,325,229,11,18.3,8,0,1,7,0,1,38,37,6,249,7,478,0.0209200000762939,36,0,1.94547860631683,2.8418147809467,7.84338411406614,317.728548153071,8
"83",2020-05-22,1914,309,233,7,16.9,7,0,3,4,1,1,36,35,4,250,4,514,0.00583999991416931,14,0,0.568515143159664,2.74717716394867,6.97384749218047,306.979718770941,7
"84",2020-05-23,1923,305,236,6,15,9,1,3,5,1,0,35,35,3,251,6,582,0.00859000027179718,43,0,0.799900825309753,2.65988650096323,8.94480513094383,302.194260822978,9
"85",2020-05-24,1933,302,237,8,14,10,0,3,7,1,1,36,35,1,252,7,332,0.0150600004196167,25,0.04,1.68064989896716,2.50637447032861,9.86470348632118,296.162921838428,10
"86",2020-05-25,1948,298,240,6,11.1,15,1,7,7,0,1,35,34,3,252,8,401,0.0174600005149841,8,0,1.71184846124906,2.16936916860257,14.8425050561719,292.133313342404,15
"87",2020-05-26,1954,288,243,16,10.1,6,0,2,4,1,1,35,34,3,253,4,1123,0.00800999999046326,41,0.0731699991226196,1.03051545990701,1.54731422886658,5.95259481836564,284.586826922326,6
"88",2020-05-27,1959,261,243,8,8.9,5,0,1,4,1,1,33,32,0,254,4,1150,0.00957000017166138,13,0.0769199991226196,1.03228376491871,1.25274173711831,4.95251347381184,257.901504166223,5
"89",2020-05-28,1963,236,244,4,7.9,4,0,2,2,1,1,31,30,1,255,2,1403,0.00284999996423721,88,0,0.268179071081476,1.01312751779898,3.99383169002807,235.272139423312,4
"90",2020-05-29,1970,226,247,7,7.9,7,0,3,4,2,1,32,31,3,257,4,1380,0.0065200001001358,37,0,0.634975309681539,1.0226218273021,6.97079022968612,224.349647977266,7
"91",2020-05-30,1973,208,248,15,9.1,3,1,1,1,0,1,31,30,1,257,2,1020,0.0127499997615814,119,0,1.1417910234252,1.07146328417574,2.9737379918304,205.268751150362,3
"92",2020-05-31,1977,193,249,10,9.4,4,0,1,3,3,1,34,33,1,260,3,1309,0.00535000026226044,11,0.0909099960327148,0.606300022701422,0.917984730423489,3.97908200035373,191.65427535609,4
"93",2020-06-01,1988,184,250,5,9.3,11,0,5,6,0,1,31,30,1,260,6,763,0.00130999997258186,20,0,0.127653892602805,0.691671220616882,10.9911916081797,183.729875984177,11
"94",2020-06-02,1991,165,251,8,8.1,3,0,1,2,0,1,26,25,1,260,2,858,0.0104900002479553,9,0,1.03811075118174,0.692756262227556,2.97612271206451,163.030123745322,3
"95",2020-06-03,2001,156,251,8,8.1,10,0,7,3,0,0,22,22,0,260,3,1110,0.00449999988079071,141,0,0.399280564962245,0.602327233662347,9.98622439319822,155.283668446308,10
"96",2020-06-04,2008,146,254,8,8.7,7,0,2,5,0,0,20,20,3,260,5,1430,0.00559000015258789,21,0,0.550909732474203,0.642717328147022,6.96832170774222,145.074993866073,7
"97",2020-06-05,2012,137,256,15,9.9,4,0,1,3,1,0,21,21,2,261,3,1366,0.00952000021934509,29,0,0.932209340474939,0.685179332546079,3.96783778010197,135.531258624657,4
"98",2020-06-06,2015,128,257,2,8,3,0,0,3,0,0,21,21,1,261,3,1404,0.000710000023245811,68,0,0.0677201109128478,0.5317406307586,2.99766358369936,127.900312904506,3
"99",2020-06-07,2016,118,258,4,7.1,1,0,0,1,0,0,20,20,1,261,1,870,0.00230000004172325,22,0,0.22432735832951,0.477173107276898,0.997420155354068,117.69557833178,1
"100",2020-06-08,2019,110,258,0,6.4,3,0,0,3,0,0,19,19,0,261,3,701,0.0014300000667572,12,0,0.140593274445554,0.479021590397291,2.99514938156852,109.822143990846,3
"101",2020-06-09,2029,107,259,3,5.7,10,0,3,7,0,0,18,18,1,261,7,1338,0.00224000006914139,10,0,0.222338285794598,0.362482666770557,9.98210121278452,106.726404252563,10
"102",2020-06-10,2039,105,259,7,5.6,10,0,4,6,0,0,17,17,0,261,6,1281,0.00233999997377396,12,0,0.231828303666236,0.338560915156841,9.98400335084113,104.72005863972,10
"103",2020-06-11,2046,104,260,5,5.1,7,0,2,5,0,0,16,16,1,261,5,1529,0.00326999992132187,6,0,0.325721816267175,0.306391212841551,6.98127041458479,103.610424623364,7
"104",2020-06-12,2050,107,260,10,4.4,4,0,2,2,0,0,16,16,0,261,2,1596,0.00814999997615814,13,0,0.808415162333648,0.288706330249938,3.98140587448836,106.005214285127,4
"105",2020-06-13,2053,105,260,6,5,3,0,3,0,0,0,16,16,0,261,0,1479,0.00270000010728836,23,0.0434800004959106,0.332446083228058,0.326524326294968,3,104.598558902054,3
"106",2020-06-14,2056,102,260,1,4.6,3,0,1,2,0,0,16,16,0,261,2,768,0,13,0,0,0.294477560819324,3,102,3
"107",2020-06-15,2061,100,260,2,4.9,5,0,2,3,0,0,14,14,0,261,3,720,0.00555999994277954,17,0,0.543175028331244,0.351989239945851,4.98125988021595,99.3753293405318,5
"108",2020-06-16,2065,99,260,3,4.9,4,0,1,3,1,0,14,14,0,262,3,1250,0.000799999982118607,14,0,0.0791139222822989,0.331528616586951,3.99727048501344,98.9099260054435,4
"109",2020-06-17,2068,89,260,8,5,3,0,0,3,1,1,6,5,0,263,3,1098,0.0091100001335144,26,0,0.889927059305944,0.425542724535481,2.96929656405285,88.0891314002347,3
"110",2020-06-18,2070,75,260,2,4.6,2,0,0,2,0,1,6,5,0,263,2,1304,0.00230000004172325,122,0,0.210322584460527,0.409057119991674,1.99516243049907,74.8185911437152,2
"111",2020-06-19,2073,73,260,5,3.9,3,0,0,3,0,1,5,4,0,263,3,1875,0.0010700000077486,19,0,0.105926611115556,0.308701612674804,2.99634541855372,72.9110718514738,3
"112",2020-06-20,2079,73,261,1,3.1,6,0,0,6,1,1,5,4,1,264,6,1792,0.000560000017285347,158,0,0.0514625656910432,0.268561110169516,5.99644897281671,72.9567958359366,6
"113",2020-06-21,2085,77,261,1,3.1,6,0,0,6,0,1,4,3,0,264,6,1102,0.00363000005483627,86,0,0.336722227308887,0.316664285499357,5.97676544559456,76.7018232184635,6
"114",2020-06-22,2087,76,262,6,3.7,2,0,1,1,0,1,1,0,1,264,1,509,0.0039300000667572,10,0,0.385427752211834,0.294128960339441,1.99556744335447,75.6631256949398,2
"115",2020-06-23,2096,81,262,4,3.9,9,0,0,9,0,1,1,0,0,264,9,1255,0.00158999994397163,20,0,0.156505876837992,0.305184953847398,8.98380113926889,80.85421025342,9
"116",2020-06-24,2098,75,263,3,3.1,2,0,0,2,1,1,2,1,1,265,2,1733,0.00289000004529953,24,0,0.285052366448724,0.218774283439223,1.99344359219607,74.7541347073527,2
"117",2020-06-25,2104,73,263,6,3.7,6,0,0,6,0,1,2,1,0,265,6,1796,0.00277999997138977,21,0.0476200008392334,0.32982388366758,0.235845897611659,5.97724144607104,72.723104260531,6
"118",2020-06-26,2108,67,263,6,3.9,4,0,0,4,0,1,2,1,0,265,4,2028,0.00196999996900558,23,0,0.194790830674955,0.248540786120145,3.99103934383509,66.8499090092377,4
"119",2020-06-27,2111,69,263,3,4.1,3,0,0,3,0,1,1,0,0,265,3,1574,0.000640000030398369,80,0,0.0609044768952257,0.249889630577885,2.99789873036706,68.9516707984425,3
"120",2020-06-28,2113,68,263,2,4.3,2,0,0,2,0,1,1,0,0,265,2,880,0.00114000000059605,12,0,0.112466367771807,0.217853079215445,1.99741319330015,67.912048572205,2
"121",2020-06-29,2117,69,263,1,3.6,4,0,0,4,2,1,3,2,0,267,4,854,0.00351000010967255,8,0,0.347742470262222,0.212469467508358,3.98400335016202,68.7240577902948,4
"122",2020-06-30,2120,68,263,10,4.4,3,0,0,3,0,1,3,2,0,267,3,1605,0.00435999989509583,11,0,0.433032167798812,0.251973223359904,2.98505992677935,67.661358340332,3
"123",2020-07-01,2122,67,263,4,4.6,2,0,0,2,0,2,3,1,0,267,2,1601,0.00312000006437302,15,0,0.309103966773589,0.255409166263456,1.99289038822856,66.7618280056569,2
"124",2020-07-02,2128,66,263,4,4.3,6,0,1,5,0,1,3,2,0,267,5,1012,0.00197999998927116,12,0,0.195679686439689,0.236245709516614,5.98874806900196,65.8514745108259,6
"125",2020-07-03,2136,74,263,4,4,8,0,0,8,0,1,3,2,0,267,8,1334,0.00300000011920929,14,0,0.296884284794154,0.2508304886765,7.97268579852975,73.7473436364002,8
"126",2020-07-04,2139,74,263,4,4.1,3,0,0,3,0,1,3,2,0,267,3,1257,0.00317999988794327,40,0,0.308192741645697,0.286157383640853,2.98936702058495,73.7377198410955,3
"127",2020-07-05,2141,71,263,5,4.6,2,0,0,2,0,1,2,1,0,267,2,734,0.00272000014781952,47,0,0.255631255889824,0.306609510514855,1.99412029872993,70.7912706049126,2
"128",2020-07-06,2147,71,263,0,4.4,6,0,1,5,0,1,2,1,0,267,5,602,0,10,0,0,0.256932014763109,6,71,6
"129",2020-07-07,2154,72,263,6,3.9,7,0,1,6,0,1,1,0,0,267,6,1272,0.0039300000667572,21,0,0.386617175940848,0.250301301640543,6.97332258734368,71.6798710481241,7
"130",2020-07-08,2167,78,263,5,4,13,0,1,12,0,1,1,0,0,267,12,1684,0.00296999990940094,39,0,0.29027741424441,0.247611794136374,12.9599404742132,77.7396130823859,13
"131",2020-07-09,2175,82,263,5,4.1,8,0,0,8,1,0,2,2,0,268,8,1504,0.00266000002622604,41,0,0.258941102876632,0.256649139341652,7.97617667955107,81.7558109653985,8
"132",2020-07-10,2191,95,263,12,5.3,16,0,0,16,0,0,2,2,0,268,16,1900,0.00684000015258789,14,0.0714300012588501,0.73124453017455,0.318700602967423,15.8654468326941,94.201090569121,16
"133",2020-07-11,2198,100,263,7,5.7,7,0,0,7,1,1,2,1,0,269,7,1571,0.00381999999284744,25,0,0.376016290022765,0.328389681307004,6.96972974968922,99.5675678527031,7
"134",2020-07-12,2221,120,263,9,6.3,23,0,2,21,1,1,3,2,0,270,21,1068,0.00842999994754791,13,0,0.832862159480219,0.410851238962775,22.7988575491744,118.850614566711,23
"135",2020-07-13,2244,138,263,6,7.1,23,0,2,21,0,0,3,3,0,270,21,808,0.00619000017642975,65,0,0.572911814725686,0.492695783923587,22.861637504827,137.090760746006,23
"136",2020-07-14,2263,148,263,4,6.9,19,0,2,17,1,0,4,4,0,271,17,1406,0.00356000006198883,66,0,0.340038049399205,0.486041622989067,18.9335204991905,147.421237287071,19
"137",2020-07-15,2284,168,263,15,8.3,21,0,0,21,1,0,5,5,0,272,21,1404,0.00782999992370606,46,0,0.758159992612641,0.552881991327386,20.8168986820974,166.535189456779,21
"138",2020-07-16,2306,186,263,7,8.6,22,0,1,21,0,0,5,5,0,272,21,1695,0.00708000004291534,25,0.04,0.75584884143846,0.623868811121932,21.8174568424198,184.383189175718,22
"139",2020-07-17,2336,213,263,17,9.3,30,0,0,29,0,1,5,4,0,272,29,1787,0.00726999998092651,21,0,0.718555860946664,0.622056144089377,28.7603541867133,211.239842819653,30
"140",2020-07-18,2362,232,263,16,10.6,26,0,0,24,2,1,6,5,0,274,24,1551,0.00708999991416931,81,0,0.673810653607635,0.664598196030073,23.8140224907,230.2022174101,26
"141",2020-07-19,2380,250,263,28,13.3,18,0,0,18,0,1,6,5,0,274,18,2025,0.0212299990653992,22,0,2.10018310246377,0.845644045027723,17.565248612078,243.96178627886,18
"142",2020-07-20,2410,275,263,47,19.1,30,0,0,27,2,3,8,5,0,276,27,1548,0.0148599994182587,35,0.0285700011253357,1.51631264301018,0.980415591925508,26.5291703195076,270.204512513503,30
"143",2020-07-21,2434,294,263,23,21.9,24,0,0,23,0,3,8,5,0,276,23,1428,0.0161099994182587,15,0,1.59425358068423,1.15958923925194,22.5783068472551,288.609661438827,24
"144",2020-07-22,2461,314,263,13,21.6,27,0,1,23,2,3,9,6,0,278,23,1771,0.00902999997138977,16,0,0.894914938406899,1.17912566007969,23.7632876561247,310.768361914051,27
"145",2020-07-23,2480,322,263,29,24.7,19,0,1,17,1,3,10,7,0,279,17,1667,0.0101999998092651,32,0,1.0007886805206,1.21411706566285,17.8043397437013,318.293964557166,19
"146",2020-07-24,2503,337,263,34,27.1,23,0,1,18,0,3,7,4,0,279,18,2036,0.0122800004482269,83,0,1.17989999587494,1.28002337065261,18.7557531244709,332.42715571926,23
"147",2020-07-25,2515,336,263,26,28.6,12,0,1,10,0,3,7,4,0,279,10,2126,0.00800000011920929,320,0,0.695339339878943,1.28309889726279,10.9200334954037,333.313125445565,12
"148",2020-07-26,2522,338,263,21,27.6,7,0,0,6,2,4,9,5,0,281,6,1816,0.0121099996566772,73,0,1.16420113163186,1.14938718714395,5.91966763005829,333.474609826617,7
"149",2020-07-27,2537,340,264,22,24,15,0,1,13,1,4,9,5,1,282,13,1601,0.00874000012874603,24,0,0.861091704992148,1.05578419599852,13.8712627967574,336.633026992116,15
"150",2020-07-28,2557,330,264,14,22.7,20,0,2,17,1,4,10,6,0,283,17,1488,0.00739000022411346,24,0,0.727269863325452,0.931929379232978,18.8578143312107,327.239925252914,20
"151",2020-07-29,2573,324,264,20,23.7,16,2,2,12,2,4,11,7,0,285,14,2254,0.00620999991893768,52,0,0.606996522865808,0.890798177012822,15.9022705283124,321.738260798088,16
"152",2020-07-30,2593,334,264,19,22.3,20,1,0,18,1,4,12,8,0,286,19,1891,0.00898999989032745,134,0,0.839510607042431,0.867758452230227,18.8165612422074,330.775339731436,20
"153",2020-07-31,2603,321,264,18,20,10,0,1,9,1,3,13,10,0,287,9,2129,0.00797999978065491,207,0,0.727286795077667,0.803099423544901,9.92472348167965,318.315137513241,10
"154",2020-08-01,2621,309,264,15,18.4,18,0,0,18,1,2,13,11,0,288,18,1629,0.00551999986171722,83,0.0120500004291534,0.583658283315251,0.787144986892945,17.8791789875626,306.925905953159,18
"155",2020-08-02,2629,294,264,2,15.7,8,0,0,8,0,2,13,11,0,288,8,1340,0.00149000003933907,11,0,0.147786828476266,0.641942943585003,7.98640319001577,293.50031723308,8
"156",2020-08-03,2638,280,264,10,14,9,0,1,7,0,1,12,11,0,288,7,1046,0.0114699995517731,47,0,1.09767790769942,0.675740972543185,7.91163418737879,276.465367495152,9
"157",2020-08-04,2650,268,264,20,14.9,12,0,1,11,1,1,11,10,0,289,11,1699,0.0058899998664856,12,0,0.584869069150148,0.655398001946712,11.9260117676845,266.197377612677,12
"158",2020-08-05,2659,248,264,12,13.7,9,1,0,8,1,1,12,11,0,290,9,1599,0.005,70,0,0.479029358897543,0.637116978522675,8.95041892338058,246.633765888709,9
"159",2020-08-06,2669,224,264,13,12.9,10,0,0,10,1,2,10,8,0,291,10,1639,0.00305000007152557,10,0,0.303150401287472,0.560494091986252,9.9651366224121,223.219060342031,10
"160",2020-08-07,2681,225,264,6,11.1,12,0,3,9,1,2,10,8,0,292,9,1689,0,39,0,0,0.456595978403728,12,225,12
"161",2020-08-08,2687,208,264,14,11,6,1,1,4,0,1,10,9,0,292,5,1518,0.00725000023841858,95,0,0.682300084433937,0.470687664277826,5.96076652814766,206.367887570943,6
"162",2020-08-09,2689,199,264,16,13,2,0,1,1,2,2,12,10,0,294,1,1589,0.00441000014543533,102,0,0.414399185753799,0.508775143888902,1.99523426153365,198.051618045196,2
"163",2020-08-10,2701,200,264,8,12.7,12,2,0,10,0,1,12,11,0,294,12,1384,0.00578000009059906,27,0,0.566939767922686,0.432955409635084,11.921759885068,198.695998084466,12
"164",2020-08-11,2714,204,264,8,11,13,2,1,10,0,1,12,11,0,294,12,1460,0.00342000007629395,41,0,0.332658235269098,0.396925290509219,12.9540917394878,203.219559571292,13
"165",2020-08-12,2721,187,264,12,11,7,3,0,4,0,2,10,8,0,294,7,1486,0.00268999993801117,7,0,0.267738774808078,0.366740921353581,6.97844636004772,186.424209904132,7
"166",2020-08-13,2743,190,264,11,10.7,22,0,0,22,0,2,9,7,0,294,22,1689,0.00532999992370605,56,0,0.515895121555274,0.397133024248982,21.8694744854279,188.872734192332,22
"167",2020-08-14,2754,185,264,6,10.7,11,4,1,6,1,2,10,8,0,295,10,1882,0.00477999985218048,36,0,0.469028139822923,0.464137044223685,10.9460600907386,184.002111678665,11
"168",2020-08-15,2758,177,264,2,9,4,0,0,4,1,2,11,9,0,296,4,2044,0.00734000027179718,21,0,0.726535620123653,0.470456406465073,3.96657832475516,175.521090870416,4
"169",2020-08-16,2762,158,264,26,10.4,4,0,1,3,0,2,11,9,0,296,3,1196,0.00501999974250793,22,0,0.492932651234769,0.481675472962354,3.98299329599524,157.104313589083,4
"170",2020-08-17,2785,172,265,8,10.4,23,1,4,18,1,1,9,8,1,297,19,1358,0.00662999987602234,32,0,0.647736678535132,0.493217888764132,22.8584651454187,170.718737105896,23
"171",2020-08-18,2811,191,265,15,11.4,26,1,1,24,0,1,7,6,0,297,25,1888,0.00583000004291534,77,0.0519500017166138,0.76372469278389,0.554798811266246,25.780422339665,189.322426675041,26
"172",2020-08-19,2835,200,265,23,13,24,4,3,15,2,1,7,6,0,299,19,1519,0.0118499994277954,25,0.04,1.23057960691847,0.692347501567731,21.7311100150917,197.169579106228,24
"173",2020-08-20,2852,208,266,24,14.9,17,1,0,16,3,0,6,6,1,302,17,1607,0.00995999991893768,103,0,0.936007009925898,0.752363485620677,16.8170049531693,205.761001779954,17
"174",2020-08-21,2873,215,266,16,16.3,21,3,2,16,0,0,6,6,0,302,19,1804,0.00721000015735626,116,0.00861999988555908,0.729518764093518,0.789576431945048,20.84059520541,213.196208903324,21
"175",2020-08-22,2892,225,266,16,18.3,19,1,0,18,1,0,7,7,0,303,19,1864,0.00589999973773956,73,0,0.567764559171221,0.766894851808986,18.8759395955461,223.530863631467,19
"176",2020-08-23,2909,235,266,13,16.4,17,0,1,15,0,0,7,7,0,303,15,694,0.0172899997234344,5,0,1.71663230444399,0.941709087981732,15.7038717417728,230.360657287775,17
"177",2020-08-24,2928,251,266,19,18,19,2,0,17,1,1,8,7,0,304,19,1142,0.00962999999523163,58,0,0.91645499954621,0.980097419554743,18.7997483709207,248.354570584269,19
"178",2020-08-25,2942,253,266,23,19.1,14,0,1,13,4,2,11,9,0,308,13,1647,0.0145700001716614,73,0,1.3951622257399,1.0703027814056,13.7914167771327,248.940649585737,14
"179",2020-08-26,2960,261,266,15,18,18,1,4,13,0,2,11,9,0,308,14,1832,0.0049099999666214,41,0,0.480251998870817,0.96311312311308,17.9226770296724,259.55847891032,18
"180",2020-08-27,2973,264,266,16,16.9,13,1,3,9,1,2,9,7,0,309,10,1469,0.00612999975681305,9,0,0.609267228874044,0.916436011534243,12.9299320952176,262.150207313744,13
"181",2020-08-28,3001,274,266,20,17.4,28,0,3,21,1,1,9,8,0,310,21,2137,0.00607999980449677,35,0,0.598202559033591,0.897676553668539,23.8555296006133,272.115005265145,28
"182",2020-08-29,3022,288,266,12,16.9,21,0,2,18,0,1,9,8,0,310,18,1790,0.00726000010967255,11,0.0909099960327148,0.777091068999096,0.927580340786807,19.839137158854,285.426194541664,21
"183",2020-08-30,3042,302,267,16,17.3,20,0,6,12,2,1,10,9,1,312,12,1402,0.00428000003099442,33,0,0.418157494317364,0.742083939340146,17.9422924757334,300.547693972625,20
"184",2020-08-31,3063,312,267,13,16.4,21,1,3,17,1,1,11,10,0,313,18,1353,0.00517000019550324,54,0,0.497157801315983,0.682184339592971,20.8970851427741,310.21614247475,21
"185",2020-09-01,3088,316,267,18,15.7,25,1,2,22,0,1,11,10,0,313,23,1361,0.0154299998283386,22,0.0909099960327148,1.6630693911127,0.720456791789084,24.5601045007716,309.956218358427,25
"186",2020-09-02,3124,326,267,15,15.7,36,1,9,26,0,1,9,8,0,313,27,1528,0.00261999994516373,51,0,0.253537676770752,0.688069031489075,35.9212741093355,325.04945776457,36
"187",2020-09-03,3146,327,267,24,16.9,22,1,4,17,1,1,8,7,0,314,18,1493,0.00938000023365021,133,0.00751999974250793,0.922785997207461,0.732857426965278,21.8089773731774,323.529755612724,22
"188",2020-09-04,3168,331,267,24,17.4,22,0,3,19,3,1,11,10,0,317,19,2705,0.00813000023365021,258,0.00774999976158142,0.809691210614641,0.763070091476856,21.823076982441,327.917814799367,22
"189",2020-09-05,3193,338,267,17,18.1,25,1,11,13,2,1,13,12,0,319,14,2256,0.00398999989032745,164,0,0.371960320354493,0.705194270241913,24.9401125307517,336.55414538529,25
"190",2020-09-06,3214,340,267,27,19.7,21,1,3,16,1,1,14,13,0,320,17,1310,0.00611000001430511,192,0.03125,0.932363516560566,0.778652273419513,19.8177172782181,336.354345564362,21
"191",2020-09-07,3255,365,267,29,22,41,2,6,33,0,1,12,11,0,320,35,1290,0.0147300004959106,44,0,1.4244153403092,0.91111763613283,40.4266550407289,359.02083113903,41
"192",2020-09-08,3307,402,267,24,22.9,52,0,14,36,3,1,14,13,0,323,36,1097,0.0127600002288818,4,0,1.27136423715562,0.855159756996105,49.4736388784297,396.122300809132,52
"193",2020-09-09,3352,433,267,15,22.9,45,2,10,31,0,1,13,12,0,323,33,1587,0.0144900000095367,29,0,1.42299690687715,1.02222536129702,42.4599559220157,425.913967097963,45
"194",2020-09-10,3429,495,267,33,24.1,77,1,21,52,2,2,14,12,0,325,53,1959,0.0127600002288818,61,0,1.23746734892968,1.06717984011448,73.2457402541689,487.955498600257,77
"195",2020-09-11,3459,509,267,60,29.3,30,0,1,25,0,1,12,11,0,325,25,2314,0.0155599999427795,93,0.0752699995040894,1.78670335776785,1.20675300399351,25.4863068502064,498.541207470201,30
"196",2020-09-12,3508,534,269,47,33.6,49,0,4,42,1,0,12,12,2,326,42,1900,0.0168400001525879,26,0,1.66126688940379,1.39093965671484,45.1975832019583,523.797843567756,49
"197",2020-09-13,3543,547,270,31,34.1,35,1,5,29,1,1,11,10,1,327,30,1199,0.0166799998283386,44,0,1.6089557356539,1.48759568801389,34.4448930521343,536.878549983915,35
"198",2020-09-14,3611,596,272,59,38.4,68,0,19,49,1,1,11,10,2,328,49,2394,0.0141999995708466,218,0.0412799978256226,1.6460121936674,1.51925238135077,67.0724433566502,584.71788246048,68
"199",2020-09-15,3684,645,273,41,40.9,73,0,15,55,1,1,11,10,1,329,55,2961,0.0121599996089935,28,0,1.20460886056306,1.5097158989804,69.2380612608379,636.064536604372,73
"200",2020-09-16,3761,685,274,41,44.6,77,0,7,67,1,0,11,11,1,330,67,1887,0.0190799999237061,162,0.00616999983787537,1.80592971350752,1.56442058564189,72.6084879919234,670.773347380112,77
"201",2020-09-17,3811,710,278,57,48,50,2,4,38,2,2,11,9,4,332,40,2512,0.0191100001335144,208,0.00481000006198883,1.80164707162801,1.6450176888845,43.1712166387174,695.289095337234,50
"202",2020-09-18,3899,778,278,47,46.1,88,1,6,78,0,2,11,9,0,332,79,2409,0.0128699994087219,281,0.0213499999046326,1.37558284568078,1.58628618715778,83.7502442180681,765.692278501987,88
"203",2020-09-19,3969,829,280,47,46.1,70,2,4,60,0,2,10,8,2,332,62,2101,0.0214199995994568,161,0,1.98954107685494,1.6331824996508,64.5814132085408,810.032121772263,70
"204",2020-09-20,4012,861,280,76,52.6,43,1,4,34,2,2,11,9,0,334,35,2847,0.0186199998855591,112,0,1.79152212484578,1.6592634123925,38.2788899763744,843.260693418811,43
"205",2020-09-21,4121,941,280,55,52,109,2,22,82,1,3,12,9,0,335,84,2949,0.0189900004863739,73,0,1.85312744653596,1.68885130565944,104.209823356503,920.945759267495,109
"206",2020-09-22,4230,1020,280,85,58.3,109,0,27,81,3,3,15,12,0,338,81,2507,0.0135599994659424,64,0.03125,1.4000357316654,1.71676943010263,106.695826261312,1003.57707143875,109
"207",2020-09-23,4336,1079,281,67,62,106,0,26,75,2,3,16,13,1,340,75,1896,0.0168799996376038,7,0.571430015563965,1.89198578149472,1.7290631541008,99.36811164332,1055.52256617523,106
"208",2020-09-24,4437,1132,282,38,59.3,101,2,18,75,2,3,18,15,1,342,77,2730,0.0128199994564056,55,0,1.25668217292594,1.65121102571479,93.8871734167,1115.64000399616,101
"209",2020-09-25,4556,1195,284,57,60.7,119,5,16,86,3,3,20,17,2,345,91,3291,0.0133700001239777,59,0.0339000010490417,1.37315732745982,1.65086452311179,105.562946280319,1176.12880005474,119
"210",2020-09-26,4641,1242,286,76,64.9,85,3,14,66,3,4,21,17,2,348,69,3437,0.0299699997901916,12,0,2.98657260883992,1.79329759910965,80.6300811215065,1199.34146018712,85
"211",2020-09-27,4723,1272,287,109,69.6,82,2,12,64,2,4,22,18,1,350,66,2684,0.0331599998474121,13,0,3.30001629923819,2.00879676687999,75.4952099318805,1223.7258641417,82
"212",2020-09-28,4838,1342,288,86,74,115,3,11,97,6,4,27,23,1,356,100,3135,0.0258400011062622,192,0.0104200005531311,2.49501182970644,2.10049453590435,108.130647390341,1303.49328797838,115
"213",2020-09-29,4945,1373,291,58,70.1,107,5,18,74,4,3,27,24,3,360,79,2165,0.0263299989700317,79,0.0253200006484985,2.62944419881239,2.27612431692535,94.6110758424682,1331.48110293302,107
"214",2020-09-30,5028,1402,291,107,75.9,83,1,10,67,5,5,30,25,0,365,68,3170,0.0305999994277954,281,0.0142299997806549,2.92670611777675,2.42394150782278,75.711244820166,1354.81125349813,83
"215",2020-10-01,5129,1438,293,105,85.4,101,2,11,78,3,5,29,24,2,368,80,3844,0.0226300001144409,120,0.00833000004291534,2.21971040476944,2.56151696951471,88.9578030799602,1401.29151036228,101
"216",2020-10-02,5225,1488,294,115,93.7,96,0,13,79,1,5,29,24,1,369,79,3362,0.021710000038147,197,0,2.05082945007727,2.65832727274577,90.1367636481961,1452.90511782931,96
"217",2020-10-03,5298,1501,295,65,92.1,73,2,6,64,5,6,31,25,1,374,66,3113,0.0301999998092651,485,0.0103100001811981,2.75188853513406,2.62480097650208,69.9112518101905,1453.49680253176,73
"218",2020-10-04,5355,1482,295,77,87.6,57,1,7,47,3,6,32,26,0,377,48,3118,0.0291899991035461,102,0,2.82653469580301,2.55716074743991,53.4397044485393,1433.82587484865,57
"219",2020-10-05,5433,1483,295,82,87,78,3,13,59,3,6,33,27,0,380,62,3821,0.0177999997138977,238,0.00839999973773956,1.72488294763206,2.447142335715,73.7701203082511,1453.58207124414,78
"220",2020-10-06,5509,1456,296,139,98.6,76,5,15,53,2,7,34,27,1,382,58,2158,0.0194599997997284,55,0,1.89763576899295,2.34259827431222,71.7342376789381,1424.22500104369,76
"221",2020-10-07,5610,1470,296,174,108.1,101,12,22,63,3,10,36,26,0,385,75,2268,0.0313100004196167,76,0,3.02948297575472,2.35728068259479,94.3869898794965,1418.78500163813,101
"222",2020-10-08,5690,1429,296,85,105.3,80,5,14,55,2,9,36,27,0,387,60,2434,0.0271199989318848,182,0,2.52332100153698,2.40065362499015,72.2588544997114,1387.53171800146,80
"223",2020-10-09,5773,1430,296,97,102.7,83,5,19,57,2,9,37,28,0,389,62,2508,0.0207299995422363,247,0.00810000002384186,1.95976547578285,2.38764448580523,79.6026438706668,1397.77065701699,83
"224",2020-10-10,5838,1415,297,68,103.1,65,5,7,51,6,9,43,34,1,395,56,2628,0.0300600004196167,21,0,2.98216991705371,2.42054182607947,61.0794229983381,1366.47113469015,65
"225",2020-10-11,5902,1380,297,139,112,64,6,6,48,5,10,46,36,0,400,54,2660,0.0233100008964539,238,0.0168099999427795,2.2776184393012,2.34212521800778,58.5855550740103,1343.8530741136,64
"226",2020-10-12,5964,1352,297,62,109.1,62,2,14,43,3,10,46,36,0,403,45,1994,0.0150499999523163,237,0.0126600003242493,1.47961093598233,2.30708635920068,58.2342775884061,1328.994295545,62
"227",2020-10-13,6049,1374,298,74,99.9,85,4,10,68,1,7,45,38,1,404,72,2117,0.0302300000190735,18,0,2.9975133508374,2.4642117280356,79.5179819548826,1326.63482230568,85
"228",2020-10-14,6116,1379,300,84,87,67,1,16,49,2,7,45,38,2,406,50,3004,0.0296300005912781,110,0.0363599991798401,2.98677333609447,2.45811035094128,64.2825520576009,1331.63278574863,67
"229",2020-10-15,6202,1405,300,107,90.1,86,3,25,52,5,8,49,41,0,411,55,2119,0.021710000038147,105,0.00952000021934509,2.11344829603708,2.39955710729843,78.6632024861463,1370.85089987337,86
"230",2020-10-16,6277,1426,301,78,87.4,75,2,10,59,4,8,47,39,1,415,61,3126,0.0214299988746643,280,0.0035699999332428,1.99617664308598,2.40475870262745,69.599638646555,1393.26368377029,75
"231",2020-10-17,6324,1408,302,64,86.9,47,1,10,36,6,8,49,41,1,421,37,3037,0.0214000010490417,149,0,2.03991849296735,2.2701513563294,46.1319877560537,1374.96861514929,47
"232",2020-10-18,6381,1376,305,74,77.6,57,1,11,40,2,6,48,42,3,423,41,1144,0.0271000003814697,37,0.0540500020980835,2.79443272769098,2.34398196895651,50.6823840972849,1331.77952482595,57
"233",2020-10-19,6445,1355,307,69,78.6,64,1,6,57,3,6,47,41,2,426,58,1334,0.0374799990653992,27,0,3.67364575703472,2.65741551482114,61.5496022702759,1297.75363924524,64
"234",2020-10-20,6523,1358,309,46,74.6,78,3,14,57,4,5,45,40,2,430,60,1595,0.0250799989700317,48,0.0208299994468689,2.49558358677117,2.58571126281168,72.2779939095922,1319.02526215377,78
"235",2020-10-21,6611,1382,312,69,72.4,88,1,46,40,4,4,44,40,3,434,41,2258,0.0305599999427795,446,0.00897000014781952,2.69989274913919,2.54472832181807,85.7269610799218,1339.08927347444,88
"236",2020-10-22,6676,1368,312,88,69.7,65,1,24,36,1,3,43,40,0,435,37,2238,0.0268099999427795,87,0.0114900004863739,2.62367354469915,2.61761764305551,59.8835922764717,1326.72308741117,65
"237",2020-10-23,6755,1370,313,92,71.7,79,1,13,64,2,3,36,33,1,437,65,2768,0.0245700001716614,65,0.0153799998760223,2.4359145946735,2.68043735042515,76.1790973572376,1331.62097506793,79
"238",2020-10-24,6820,1363,317,63,71.6,65,2,17,41,2,3,36,33,4,439,43,2358,0.0211999988555908,191,0,1.96114544140773,2.6691840573452,59.0301834961316,1332.25907221459,65
"239",2020-10-25,6890,1344,319,69,70.9,70,1,24,42,3,3,38,35,2,442,43,1751,0.0308400011062622,77,0,2.95409419787008,2.69199283879936,65.539155104672,1298.34010373673,70
"240",2020-10-26,6963,1303,320,77,72,73,1,16,51,4,3,39,36,1,446,52,995,0.0392000007629395,121,0.0165299999713898,3.67420526484435,2.69207276848645,65.8027570945431,1247.9421633498,73
"241",2020-10-27,7041,1273,322,61,74.1,78,0,15,60,1,3,31,28,2,447,60,1354,0.0288000011444092,116,0,2.65273479928776,2.71452294170311,73.1695562092872,1234.16408424038,78
"242",2020-10-28,7153,1279,325,94,77.7,112,2,69,38,2,2,29,27,3,449,40,1900,0.0405299997329712,166,0.01807000041008,3.87253724882471,2.88204358451532,107.218577606949,1222.03901898219,112
"243",2020-10-29,7217,1263,326,65,74.4,64,0,18,42,9,2,37,35,1,458,42,2190,0.0292199993133545,96,0,2.79929127280168,2.90713183138712,58.6479003739648,1222.34043267423,64
"244",2020-10-30,7267,1232,328,122,78.7,50,1,9,36,4,2,40,38,2,462,37,2789,0.0358599996566772,105,0.0571400022506714,3.66320799166528,3.0824594595288,44.4412566483172,1180.09805920883,50
"245",2020-10-31,7306,1162,329,83,81.6,39,0,5,32,2,2,39,37,1,464,32,2352,0.0276399993896484,322,0,2.43116224997955,3.1496047178962,36.1053045391223,1129.51137107688,39
"246",2020-11-01,7356,1122,332,50,78.9,50,1,6,40,1,2,37,35,3,465,41,1714,0.0256699991226196,104,0,2.42015283257261,3.07332737999656,45.8588625420825,1090.77179932236,50
"247",2020-11-02,7420,1075,332,56,75.9,64,3,8,47,6,2,42,40,0,471,50,1030,0.0174800002574921,14,0.0714300012588501,1.82034677038704,2.80849045221695,56.9532681380696,1052.4952649685,64
"248",2020-11-03,7491,1003,333,36,72.3,71,1,36,33,1,2,43,41,1,472,34,1456,0.0219799995422363,13,0,2.17854862719511,2.74074957048943,69.1481610632637,977.870751366279,71
"249",2020-11-04,7556,927,337,53,66.4,65,5,1,51,1,1,40,39,4,473,56,1466,0.0272900009155273,295,0.0033899998664856,2.32863096551825,2.52019153001707,55.5003151389339,902.174859531996,65
"250",2020-11-05,7603,884,337,45,63.6,47,0,6,34,5,2,43,41,0,478,34,2536,0.0240499997138977,41,0,2.36673648717286,2.45839798921296,39.0745773274916,859.939010514782,47
"251",2020-11-06,7677,878,341,79,57.4,74,2,11,58,4,3,46,43,4,482,60,2342,0.0234800004959106,116,0.0258599996566772,2.35923194148077,2.27211569632945,69.3720794633167,854.178096146535,74
"252",2020-11-07,7712,845,346,75,56.3,35,3,4,25,3,4,46,42,5,485,28,2499,0.0276099991798401,142,0,2.61254782091709,2.2980279207491,31.1587335061121,819.611779023742,35
"253",2020-11-08,7749,783,346,47,55.9,37,1,5,29,1,4,47,43,0,486,30,1176,0.0204099988937378,92,0.0108700001239777,1.97178223268467,2.23397497790797,34.3197140276848,765.244536122574,37
"254",2020-11-09,7819,751,350,31,52.3,70,3,24,41,7,4,46,42,4,493,44,711,0.0210999989509583,20,0.1,2.3258685710166,2.30619237799791,66.8230739955681,730.912012969811,70
"255",2020-11-10,7886,760,350,51,54.4,67,0,11,54,3,5,47,42,0,496,54,1374,0.0334800004959106,17,0,3.30708272332,2.46741153458718,62.9462379224225,731.09520038965,67
"256",2020-11-11,7942,759,353,78,58,56,0,6,48,2,5,46,41,3,498,48,2375,0.0261100006103516,241,0.0290499997138977,2.63808491516186,2.51161924167912,52.5437319543204,735.972761527691,56
"257",2020-11-12,7984,749,355,58,59.9,42,1,8,31,3,3,43,40,2,501,32,2318,0.0215700006484985,214,0.00467000007629395,2.01416435701211,2.4612517945133,39.2587645239657,731.650457139071,42
"258",2020-11-13,8022,725,357,81,60.1,38,1,7,26,0,3,36,33,2,501,27,2719,0.0217000007629395,200,0,2.02131901591067,2.41297851943186,33.3723609765957,708.146729927107,38
"259",2020-11-14,8043,702,357,50,56.6,21,3,2,14,3,3,37,34,0,504,17,1710,0.015789999961853,245,0.0163300001621246,1.58576726212221,2.26629558246116,18.6899728834108,689.197703773786,21
"260",2020-11-15,8073,658,360,29,54,30,1,1,25,0,2,35,33,3,504,26,984,0.0152400004863739,306,0.00653999984264374,1.31762794034426,2.17284496926967,26.6060170247353,648.029200087532,30
"261",2020-11-16,8117,620,363,11,51.1,44,0,3,39,3,2,33,31,3,507,39,735,0.0122399997711182,53,0,1.1416751055548,2.0036744742037,41.4879428314704,611.859603987478,44
"262",2020-11-17,8158,598,363,39,49.4,41,1,10,29,1,2,32,30,0,508,30,1828,0.020789999961853,38,0,2.03666237568421,1.82218585311287,39.2973296840018,583.99343836777,41
"263",2020-11-18,8199,590,363,66,47.7,41,3,6,30,1,2,32,30,0,509,33,2684,0.0204900002479553,20,0.05,2.07082694768906,1.74114900061676,38.2140967951335,575.949003306933,41
"264",2020-11-19,8219,573,364,53,47,20,2,1,17,0,2,30,28,1,509,19,2476,0.0121200001239777,187,0.0160399997234344,1.23952685900304,1.63048650090118,19.7291549798673,564.831884392839,20
"265",2020-11-20,8244,530,364,28,39.4,25,1,2,20,1,2,30,28,0,510,21,2643,0.00757000029087067,222,0.0225200009346008,0.872842966012306,1.46641849377284,22.7892018848843,524.6798570947,25
"266",2020-11-21,8273,498,365,27,36.1,29,4,4,19,2,2,31,29,1,512,23,1495,0.0187300002574921,71,0,1.7880811229215,1.49532047388702,26.5270378720023,487.759341750311,29
"267",2020-11-22,8300,485,368,26,35.7,27,3,4,19,3,4,31,27,3,515,22,1220,0.0147500002384186,36,0,1.4327229530948,1.51176261856567,25.6375098486527,477.008739845297,27
"268",2020-11-23,8340,468,370,20,37,40,2,10,25,1,3,27,24,2,516,27,922,0.0173500001430511,13,0,1.71087701945381,1.5930771776941,36.4687562066144,458.791774247983,40
"269",2020-11-24,8384,478,370,21,34.4,44,2,7,34,1,3,23,20,0,517,36,1403,0.00855000019073486,41,0.0975599956512451,1.10772923056108,1.46037244267651,42.5413858726286,471.910623531014,44
"270",2020-11-25,8439,486,371,38,30.4,55,4,10,39,2,2,23,21,1,519,43,2618,0.0122200000286102,72,0.0138900005817413,1.22646989281736,1.33975000626627,52.3934918245033,479.145047132758,55
"271",2020-11-26,8484,501,372,60,31.4,45,3,4,37,3,2,23,21,1,522,40,3059,0.0143799996376038,224,0.00446000009775162,1.37031553193196,1.35843410239897,43.3696353017986,493.104682155027,45
"272",2020-11-27,8530,512,374,56,35.4,46,2,3,40,3,1,24,23,2,525,42,3154,0.0177600002288818,336,0.00298000007867813,1.63370546556817,1.46712874519267,44.2108957826187,502.380443826209,46
"273",2020-11-28,8575,515,375,60,40.1,45,2,3,40,2,1,25,24,1,527,42,2597,0.0119400000572205,191,0,1.11220158352229,1.3705745252785,44.4627899712447,508.412781790262,45
"274",2020-11-29,8620,527,377,23,39.7,45,0,4,38,5,1,28,27,2,532,38,898,0.0245000004768372,12,0,2.41769235474723,1.51128443980027,40.9434356670206,512.347120961049,45
"275",2020-11-30,8664,534,378,45,43.3,44,1,7,35,1,1,25,24,1,533,36,1135,0.0229099988937378,61,0,2.17415123280873,1.57746647027955,42.0998734682636,520.648123112577,44
"276",2020-12-01,8717,555,378,34,45.1,53,2,11,39,3,1,27,26,0,536,41,1906,0.0141700005531311,113,0.0176999998092651,1.43675686145195,1.62447041754967,51.3225481256984,545.829614872258,53
"277",2020-12-02,8759,569,379,50,46.9,42,1,5,34,6,1,31,30,1,542,35,2859,0.0101400005817413,81,0.0123500001430511,1.0200888324757,1.59498740892943,39.589401508424,562.324841665522,42
"278",2020-12-03,8798,569,380,40,44,39,0,6,32,3,1,33,32,1,545,32,3327,0.0102199995517731,202,0,0.963500666158941,1.53687099953329,37.6454207560305,562.695137818167,39
"279",2020-12-04,8840,572,382,54,43.7,42,1,5,32,2,1,31,30,2,547,33,2994,0.0110199999809265,165,0.0121200001239777,1.10774548791865,1.46173385986907,37.5795975467177,564.713024143106,42
"280",2020-12-05,8875,561,382,45,41.6,35,4,1,29,1,1,31,30,0,548,33,2277,0.0184500002861023,209,0,1.68988940673592,1.54426069175673,33.3586670764036,550.097340298861,35
"281",2020-12-06,8914,555,383,33,43,39,0,7,30,1,2,31,29,1,549,30,1397,0.0157500004768372,20,0,1.55276998349623,1.42070035300659,36.4642777379293,545.089138151693,39
"282",2020-12-07,8967,557,384,24,40,53,1,3,44,2,1,30,29,1,551,45,1068,0.0168499994277954,25,0.04,1.73795053878184,1.3583859681456,47.1005826968267,545.867212491832,53
"283",2020-12-08,9014,562,384,58,43.4,47,1,1,44,0,1,27,26,0,551,45,2367,0.01942999958992,69,0,1.88796424586785,1.4228441659193,45.0229481952367,549.797708571623,47
"284",2020-12-09,9069,573,386,39,41.9,55,2,3,48,1,3,24,21,2,552,50,2911,0.00962000012397766,167,0.00598999977111816,0.942305078709412,1.41173220109555,52.4581577721402,566.790488068726,55
"285",2020-12-10,9113,571,386,57,44.3,44,2,0,42,1,3,23,20,0,553,44,3091,0.0139100003242493,252,0.00397000014781952,1.3160709255012,1.46209938100158,43.3340474542712,562.357752190656,44
"286",2020-12-11,9152,555,386,49,43.6,39,6,2,30,1,2,23,21,0,554,36,3047,0.0118099999427795,32,0,1.16872587936503,1.47081086549392,37.5161324766795,547.540375682142,39
"287",2020-12-12,9182,541,387,56,45.1,30,2,5,23,0,2,20,18,1,554,25,2616,0.0156700003147125,24,0,1.5527545766397,1.45122017548018,29.5535692112164,531.339237730724,30
"288",2020-12-13,9223,540,388,29,44.6,41,5,2,34,0,2,19,17,1,554,39,1502,0.0119799995422363,47,0,1.16165005244926,1.39534589961632,40.4789837898844,532.7859293984,41
"289",2020-12-14,9265,536,388,19,43.9,42,3,4,35,2,2,20,18,0,556,38,917,0.0174500000476837,20,0,1.70775347318313,1.39103203310222,41.2536885821126,525.473081052957,42
"290",2020-12-15,9313,546,389,52,43,48,3,6,38,1,1,20,19,1,557,41,2079,0.0134700000286102,49,0,1.31598355542672,1.30932050589635,46.3794945059298,537.736682932626,48
"291",2020-12-16,9367,562,389,54,45.1,54,3,4,46,0,1,18,17,0,557,49,2312,0.0168700003623962,94,0,1.62109064164007,1.4062898720293,52.0864870868452,551.522566179735,54
"292",2020-12-17,9405,558,390,60,45.6,38,1,5,30,1,0,17,17,1,558,31,3207,0.0134099996089935,83,0.0241000008583069,1.36796865706023,1.41370383368059,35.5123040457391,549.221472823305,38
"293",2020-12-18,9446,547,390,23,41.9,41,3,4,34,0,0,16,16,0,558,37,3298,0.00727999985218048,170,0.00587999999523163,0.72113724082124,1.34976259960291,40.6931465856325,542.463545468675,41
"294",2020-12-19,9485,544,390,46,40.4,39,1,7,28,3,0,19,19,0,561,29,2799,0.0117900002002716,140,0,1.12283805922287,1.28834595425765,35.625521891176,536.975307199991,39
"295",2020-12-20,9529,539,390,24,39.7,44,5,2,34,0,0,16,16,0,561,39,1360,0.0161800003051758,51,0,1.55951810170369,1.34518424700828,40.3005344344081,529.33302718323,44
"296",2020-12-21,9603,559,390,28,41,74,7,8,59,1,0,15,15,0,562,66,1365,0.00658999979496002,32,0.03125,0.715486737302823,1.20343185616824,73.4569287206609,554.400350831052,74
"297",2020-12-22,9685,601,390,67,43.1,82,5,7,68,2,0,15,15,0,564,73,3021,0.0225099992752075,48,0,2.21579367254487,1.33197615861369,78.139783509164,585.685066972707,82
"298",2020-12-23,9785,668,390,52,42.9,100,5,6,88,1,1,13,12,0,565,93,2652,0.0199800002574921,199,0.0150800001621246,1.96379799070964,1.38093435133791,96.8996528975023,652.913635865931,100
"299",2020-12-24,9858,695,390,55,42.1,73,11,5,55,2,1,13,12,0,567,66,3469,0.01557000041008,144,0,1.49494413015686,1.39907370463743,69.8653022076058,683.051288398273,73
"300",2020-12-25,9921,724,390,52,46.3,63,6,2,54,0,1,10,9,0,567,60,2537,0.0295600008964539,161,0,2.77960423551903,1.69314041816568,60.0820135827709,700.856297232102,63
"301",2020-12-26,10014,767,390,86,52,93,5,4,83,2,2,12,10,0,569,88,951,0.0199800002574921,50,0,1.89819982466283,1.80390638465711,90.0789621880679,750.256409071001,93
"302",2020-12-27,10125,832,391,35,53.6,111,8,6,95,2,4,12,8,1,571,103,1480,0.0270300006866455,32,0.0625,2.77806885028012,1.97798506302517,105.709275370654,805.418612702761,111
"303",2020-12-28,10259,928,391,65,58.9,134,15,7,110,1,2,13,11,0,572,125,1188,0.04125,39,0.0256399989128113,4.07538385962507,2.45797036621406,126.141453973411,884.5061542986,134
"304",2020-12-29,10379,1005,391,112,65.3,120,5,15,100,3,4,12,8,0,575,105,1880,0.0505299997329712,25,0.04,5.03918107600976,2.8613114238519,113.915000097884,946.757858079751,120
"305",2020-12-30,10516,1096,391,88,70.4,137,12,10,115,3,5,13,8,0,578,127,2458,0.0573600006103516,62,0,5.59487625000969,3.38003688946619,128.82842975994,1025.47999225901,137
"306",2020-12-31,10642,1184,391,147,83.6,126,0,9,117,2,5,13,8,0,580,117,2652,0.0331800007820129,144,0,3.14711595400209,3.6160614357298,121.765424130035,1141.1475399142,126
"307",2021-01-01,10759,1239,392,88,88.7,117,0,5,111,2,6,13,7,1,582,111,2759,0.0391400003433228,134,0.0149300003051758,3.80186246070242,3.76209832504171,111.146772024863,1184.82748233158,117
"308",2021-01-02,10871,1298,392,133,95.4,112,2,8,100,2,6,15,9,0,584,102,2369,0.0295499992370605,431,0,2.50014100687844,3.84808992250108,107.067243626691,1260.67923752397,112
"309",2021-01-03,10994,1324,393,107,105.7,123,0,5,118,3,5,18,13,1,587,118,1516,0.0600299978256226,126,0.0238100004196167,5.72506313986087,4.26908910672691,115.230848325056,1236.82748459639,123
"310",2021-01-04,11170,1436,393,115,112.9,176,4,30,141,5,8,21,13,0,592,145,1386,0.0533900022506714,155,0.00644999980926514,4.86685873393035,4.38215694591337,166.88426131611,1355.62620172368,176
"311",2021-01-05,11313,1511,395,106,112,143,2,19,122,6,8,23,15,2,598,124,2417,0.0575099992752075,97,0.0103100001811981,5.56888378145397,4.45782876097683,135.058525388146,1414.22928920555,143
"312",2021-01-06,11497,1606,395,132,118.3,184,11,42,130,7,7,28,21,0,605,141,2627,0.0513899993896484,211,0.0142200005054474,4.86264793880394,4.35322471651887,175.11497177866,1516.18896933708,184
"313",2021-01-07,11614,1641,395,188,124.1,117,2,7,107,6,9,32,23,0,611,109,2311,0.048899998664856,91,0.0109899997711182,4.74637747267502,4.58169064775786,110.050231279953,1551.42595899453,117
"314",2021-01-08,11746,1672,395,186,138.1,132,6,13,112,0,11,30,19,0,611,118,2661,0.0368300008773804,249,0,3.36785678126148,4.51968983640915,126.429676579297,1607.24084102191,132
"315",2021-01-09,11845,1682,397,154,141.1,99,6,2,91,4,11,30,19,2,615,97,3020,0.0324499988555908,375,0.00266999989748001,2.91606027998348,4.57910687542416,95.7470338527337,1625.59289629173,99
"316",2021-01-10,11938,1666,397,118,142.7,93,5,3,83,5,11,34,23,0,620,88,1824,0.0509899997711182,78,0,4.88989272252994,4.45979681580545,86.0512750584938,1572.31163917558,93
"317",2021-01-11,12102,1717,397,66,135.7,164,2,25,135,3,13,34,21,0,623,137,1608,0.0342000007629395,115,0,3.1917354165297,4.22049348474822,156.971264863086,1653.97563335707,164
"318",2021-01-12,12242,1745,398,159,143.3,140,1,22,115,4,13,35,22,1,627,116,2211,0.0705600023269653,74,0.0135099995136261,6.87124311198813,4.40654481768167,128.833477348895,1607.10705149846,140
"319",2021-01-13,12331,1733,402,172,149,89,0,9,76,2,11,34,23,4,629,76,2532,0.0375200009346008,173,0.0115600001811981,3.58597125315181,4.22416243401708,81.8657639027314,1661.53116899255,89
"320",2021-01-14,12423,1721,402,130,140.7,92,2,14,75,9,10,41,31,0,638,77,2581,0.0337100005149841,146,0,3.19052113418313,4.00189724280395,88.1747058968514,1657.85284218807,92
"321",2021-01-15,12518,1689,404,144,134.7,95,6,7,80,5,11,41,30,2,643,86,2923,0.0372900009155273,206,0.00485000014305115,3.51542897748658,4.02297898512182,89.5231328910554,1620.71594712782,95
"322",2021-01-16,12579,1640,405,119,129.7,61,0,0,59,2,9,39,30,1,645,59,2470,0.0323900008201599,289,0,2.89972098679938,4.02064480038124,57.0324782791819,1585.30956572641,61
"323",2021-01-17,12659,1579,407,74,123.4,80,2,3,72,2,9,39,30,2,647,74,2036,0.026029999256134,32,0,2.5627213967838,3.68819175384607,74.8190564398523,1532.46337998009,80
"324",2021-01-18,12780,1600,408,63,123,121,2,45,72,7,10,43,33,1,654,74,1021,0.0391799998283386,48,0,3.74207481990026,3.7668116686133,115.815395543856,1531.14368743473,121
"325",2021-01-19,12854,1542,415,81,111.9,74,3,24,47,8,9,45,36,7,662,50,2337,0.0410799980163574,89,0,3.95729412053699,3.35053324126313,71.7244852956698,1471.82312651845,74
"326",2021-01-20,12915,1500,415,166,111,61,1,8,50,2,7,37,30,0,664,51,3065,0.0225099992752075,163,0.00612999975681305,2.16828803404187,3.14800706710457,57.7282596194552,1462.59587116045,61
"327",2021-01-21,12986,1468,417,81,104,71,1,9,60,3,7,37,30,2,667,61,2636,0.0242799997329712,117,0,2.32481217929938,3.02433435926404,68.3690936665424,1428.75130331941,71
"328",2021-01-22,13065,1438,418,95,97,79,1,3,74,5,6,37,31,1,672,75,2311,0.0307200002670288,111,0.00901000022888184,2.97250332958338,2.94677355242072,75.4361363488116,1388.84218759455,79
"329",2021-01-23,13113,1372,418,84,92,48,1,4,40,4,9,39,30,0,676,41,2122,0.0329900002479553,276,0,2.91929860409346,2.9495703548913,43.6235080102623,1325.93787780683,48
"330",2021-01-24,13159,1288,419,44,87.7,46,2,9,35,2,8,37,29,1,678,37,1247,0.0224499988555908,36,0,2.18200690357925,2.8951825701478,45.0715272618922,1255.67911117073,46
"331",2021-01-25,13222,1229,419,29,82.9,63,1,18,43,4,7,38,31,0,682,44,825,0.0206100010871887,48,0,1.94768051511234,2.63884052660667,61.0144430880034,1201.47160352628,63
"332",2021-01-26,13284,1166,420,74,81.9,62,1,19,40,8,5,40,35,1,690,41,2354,0.024210000038147,79,0,2.3423896461076,2.40813988740247,58.8955290218717,1134.58992291469,62
"333",2021-01-27,13362,1125,422,80,69.6,78,0,27,50,1,4,30,26,2,691,50,2800,0.0196399998664856,175,0.00570999979972839,1.88205880978528,2.36724999822296,75.9177826146772,1100.65010883024,78
"334",2021-01-28,13400,1064,422,66,67.4,38,1,3,33,3,5,30,25,0,694,34,2355,0.0212299990653992,209,0.0287100005149841,2.18397183723271,2.34712994935629,36.1460405223612,1037.27609164095,38
"335",2021-01-29,13429,962,422,73,64.3,29,1,2,26,3,4,31,27,0,697,27,2847,0.0122899997234344,180,0.00555999994277954,1.18898015204223,2.09234092399327,28.630810210758,948.845904546267,29
"336",2021-01-30,13448,865,423,42,58.3,19,1,6,12,2,5,33,28,1,699,13,2155,0.0157799994945526,216,0,1.43424288953019,1.88019010762709,18.785574036658,850.73242628532,19
"337",2021-01-31,13490,806,424,25,55.6,42,3,5,34,4,6,32,26,1,703,37,922,0.0195200002193451,24,0,1.90247782264653,1.84025738177955,41.1904705753751,788.36538604736,42
"338",2021-02-01,13530,715,424,26,55.1,40,6,7,25,4,5,29,24,0,707,31,548,0.0292000007629395,29,0,2.77324097367259,1.9581945901453,37.0113089243162,692.196318738262,40
"339",2021-02-02,13572,652,425,59,53,42,4,5,31,3,5,27,22,1,710,35,2439,0.0221399998664856,107,0.0280399990081787,2.23879574109322,1.94339546085754,39.0988567613188,635.212988810853,42
"340",2021-02-03,13635,637,425,54,49.3,63,4,22,36,2,4,26,22,0,712,40,2865,0.0129100000858307,212,0,1.20205233168362,1.84625167827158,61.4470387749194,628.194092490591,63
"341",2021-02-04,13717,639,425,51,47.1,82,3,43,33,2,5,25,20,0,714,36,2814,0.0127900004386902,90,0,1.23936161275738,1.71130736048939,78.4868883759216,629.892268672609,82
"342",2021-02-05,13775,638,427,72,47,58,1,8,48,2,5,21,16,2,716,49,2435,0.0160199999809265,149,0,1.50962461120573,1.75711371179847,56.1493001434161,626.923540642846,58
"343",2021-02-06,13800,607,427,61,49.7,25,1,4,19,3,6,21,15,0,719,20,2369,0.0143499994277954,205,0.0146300005912781,1.43722994427581,1.75754043390498,23.6694268586476,596.967105159954,25
"344",2021-02-07,13825,562,429,33,50.9,25,1,2,19,3,4,23,19,2,722,20,1004,0.0249000000953674,75,0,2.31692308579693,1.81674690006933,21.4670911597728,547.025261589616,25
"345",2021-02-08,13872,559,431,24,50.6,47,1,7,38,2,5,21,16,2,724,39,852,0.0140799999237061,29,0,1.36165266004513,1.61509142669397,45.3892798378181,550.246344342059,47
"346",2021-02-09,13927,578,431,43,48.3,55,6,7,39,0,2,19,17,0,724,45,2244,0.0178299999237061,149,0,1.67198160588368,1.5341179788069,51.134722678602,566.885993516266,55
"347",2021-02-10,13984,595,432,40,46.3,57,0,6,50,3,4,20,16,1,727,50,2791,0.0125399994850159,100,0,1.21062395581734,1.53534249654028,55.303869631883,586.716048619407,57
"348",2021-02-11,14044,621,433,51,46.3,60,1,11,46,1,3,16,13,1,728,47,2563,0.0152199995517731,58,0,1.48831968146488,1.57090793492707,57.1955382582757,610.370835284877,60
"349",2021-02-12,14095,624,435,52,43.4,51,0,8,41,3,2,16,14,2,731,41,2612,0.0157000005245209,173,0,1.47247401687786,1.56560070716595,48.3057069645129,613.433198679416,51
"350",2021-02-13,14128,623,435,46,41.3,33,0,3,29,6,2,21,19,0,737,29,2099,0.0219199991226196,46,0.0217400002479553,2.19161390068926,1.67336984379644,31.2690740912625,607.297695132984,33
"351",2021-02-14,14169,598,437,48,43.4,41,0,4,35,4,2,21,19,2,741,35,1175,0.0170200002193451,10,0,1.6876371525511,1.58347185333275,38.3207049747978,586.393759283687,41
"352",2021-02-15,14231,621,438,34,44.9,62,2,8,51,4,2,23,21,1,745,53,867,0.0265300011634827,26,0,2.57575711184093,1.75691534644643,59.4300273407778,602.604659974019,62
"353",2021-02-16,14282,616,438,61,47.4,51,3,13,32,3,2,24,22,0,748,35,1561,0.0333100008964539,23,0,3.28263329541442,1.98700844495083,46.678699112681,592.745104383186,51
"354",2021-02-17,14339,631,439,49,48.7,57,5,6,44,2,2,25,23,1,750,49,2063,0.0184200000762939,222,0,1.66303983183345,2.0516392843817,54.0628479849013,618.931777111688,57
"355",2021-02-18,14411,647,439,68,51.1,72,3,12,53,3,3,26,23,0,753,56,2348,0.0212899994850159,116,0,2.02877105482213,2.12884662343274,66.6934309117509,631.904460712551,72
"356",2021-02-19,14465,651,440,58,52,54,2,16,33,1,3,26,23,1,754,35,2576,0.0151400005817413,96,0,1.45960484650321,2.12700817052207,50.4124908251208,640.072329347248,54
"357",2021-02-20,14513,629,440,66,54.9,48,0,3,44,4,3,26,23,0,758,44,2384,0.0255900001525879,68,0,2.48803264126303,2.16935370488975,45.7410164306499,611.002257610881,48
"358",2021-02-21,14555,618,440,53,55.6,42,0,7,33,2,4,24,20,0,760,33,1000,0.03,28,0,2.91828793774319,2.34516095991719,38.8924753729157,597.25908425642,42
"359",2021-02-22,14620,634,440,32,55.3,65,0,11,54,1,6,23,17,0,761,54,863,0.0150600004196167,66,0,1.39900757396439,2.17705388307769,64.1311893466132,623.799519365792,65
"360",2021-02-23,14675,640,440,47,53.3,55,0,7,47,3,6,25,19,0,764,47,2036,0.019650000333786,84,0,1.88714154149001,1.97769791823135,52.9799683560906,626.110207402085,55
"361",2021-02-24,14721,646,441,60,54.9,46,2,10,34,1,6,24,18,1,765,36,2874,0.0187899994850159,41,0,1.85257147581254,2.00477386737122,45.2330116175209,632.23681958107,46
"362",2021-02-25,14754,642,441,43,51.3,33,1,5,25,1,6,23,17,0,766,26,2376,0.0185199999809265,128,0.00781000018119812,1.79725239528254,1.97169977315127,30.4626048641546,628.730473953355,33
"363",2021-02-26,14819,645,441,56,51,65,5,12,43,1,6,21,15,0,767,48,2639,0.0181900000572205,181,0,1.70224858691506,2.00636316463868,59.0603296320446,632.3731794306,65
"364",2021-02-27,14865,650,442,71,51.7,46,0,4,34,3,6,23,17,1,770,34,2535,0.0209100008010864,47,0.0212800002098083,2.09167358794017,1.94974044273542,37.1821302573152,634.364254919261,46
"365",2021-02-28,14930,661,442,49,51.1,65,2,8,54,7,6,28,22,0,777,56,1552,0.0257699990272522,94,0,2.42983222905804,1.87996105578039,62.4351395035075,642.529057353901,65
"366",2021-03-01,15007,676,442,54,54.3,77,4,7,64,3,6,29,23,0,780,68,996,0.0291199994087219,45,0,2.78612098089213,2.07812011391293,72.8211858075094,654.340023615828,77
"367",2021-03-02,15070,685,443,61,56.3,63,1,6,54,3,4,29,25,1,783,55,2006,0.0259200000762939,41,0,2.54008403287961,2.17139761268287,59.393347011848,664.989867329379,63
"368",2021-03-03,15129,695,443,65,57,59,0,5,51,6,5,32,27,0,789,51,2676,0.0209299993515015,109,0,2.01108360016581,2.19404220187619,54.8204628800101,678.925915717785,59
"369",2021-03-04,15186,691,443,61,59.6,57,3,3,50,1,5,31,26,0,790,53,2414,0.0202999997138977,225,0.00444000005722046,1.89477829944008,2.2079744738987,54.8450968021273,675.942677174905,57
"370",2021-03-05,15259,695,444,51,58.9,73,1,10,57,1,2,28,26,1,791,58,2440,0.0188499999046326,154,0,1.77309174122218,2.218094924514,66.8173111223467,680.828124655706,73
"371",2021-03-06,15315,708,446,46,55.3,56,3,3,47,0,2,26,24,2,791,50,1957,0.0209500002861023,25,0,2.06857470029779,2.21479508342224,51.8105326508067,691.157142335424,56
"372",2021-03-07,15355,699,447,54,56,40,1,0,38,2,5,25,20,1,793,39,1752,0.0194099998474121,16,0.0625,1.97999545999242,2.15053268784143,38.1119444892753,683.083312769318,40
"373",2021-03-08,15438,741,448,38,53.7,83,1,9,65,6,4,29,25,1,799,66,1170,0.0205100011825562,142,0,1.82901687374929,2.01380352967817,73.6117331296673,725.413549228538,83
"374",2021-03-09,15495,748,448,70,55,57,0,8,47,1,3,27,24,0,800,47,2105,0.0318300008773804,57,0,3.09908195406502,2.0936603755618,53.3248942431107,721.340870081848,57
"375",2021-03-10,15575,771,448,76,56.6,80,5,8,64,0,2,24,22,0,800,69,2655,0.0180799996852875,173,0,1.69739742448509,2.04884806475027,75.6530733628619,755.949558880674,80
"376",2021-03-11,15636,768,451,73,58.3,61,1,7,52,1,2,20,18,3,801,53,2321,0.0280100011825562,86,0,2.70092283941474,2.16401157046093,58.353736463327,744.144709506323,61
"377",2021-03-12,15718,773,451,93,64.3,82,5,4,67,2,2,17,15,0,803,72,2361,0.0228699994087219,133,0,2.16503883736938,2.22000401276768,74.2072922340014,753.753290234487,82
"378",2021-03-13,15786,791,451,56,65.7,68,5,3,54,5,4,22,18,0,808,59,2353,0.0187000000476837,99,0,1.79449837325448,2.18085025176149,60.7823950844154,774.675839182586,68
"379",2021-03-14,15854,816,451,65,67.3,68,2,10,51,2,3,23,20,0,810,53,1535,0.0299699997901916,36,0,2.92832270387932,2.31632557231676,61.2151319465117,788.519767327425,68
"380",2021-03-15,15961,863,452,58,70.1,107,4,3,97,4,5,25,20,1,814,101,1000,0.0320000004768372,13,0,3.15893390689409,2.50631371990887,100.330784450406,831.648187927723,107
"381",2021-03-16,16047,881,453,85,72.3,86,7,4,72,5,6,27,21,1,819,79,1583,0.0341100001335144,9,0,3.39171672181867,2.54811868673083,79.9185297729776,846.635756075864,86
"382",2021-03-17,16135,908,454,77,72.4,88,3,5,76,3,5,27,22,1,822,79,2842,0.0267400002479553,175,0,2.51889561500461,2.66547557109076,81.7115123463342,881.696876081917,88
"383",2021-03-18,16228,945,455,63,71,93,6,3,80,2,5,24,19,1,824,86,2566,0.0284500002861023,161,0,2.67703339692477,2.66206279359219,86.352331841456,915.906437095069,93
"384",2021-03-19,16353,994,457,117,74.4,125,7,6,104,2,4,24,20,2,826,111,2615,0.0382399988174438,97,0,3.6872270246171,2.87951824891329,112.293108698296,951.850000415374,125
"385",2021-03-20,16456,1048,458,83,78.3,103,5,6,87,4,4,27,23,1,830,92,1997,0.0435699987411499,151,0.00662000000476837,4.09724895189927,3.20848261729112,93.6649761392026,998.618423846568,103
"386",2021-03-21,16541,1076,459,87,81.4,85,5,1,77,4,4,29,25,1,834,82,1306,0.0421099996566772,87,0,3.94800140356213,3.35415100296009,79.2769191888378,1027.14591520963,85
"387",2021-03-22,16689,1151,460,55,81,148,6,7,132,4,7,30,23,1,838,138,1150,0.0547800016403198,131,0,4.91779874210521,3.60541740799025,137.195211296688,1085.90353769919,148
"388",2021-03-23,16813,1190,461,108,84.3,124,2,0,120,5,9,31,22,1,843,122,1966,0.0350999999046326,153,0,3.25656440832976,3.58610993463469,117.430898404483,1145.43253361749,124
"389",2021-03-24,16967,1281,461,85,85.4,154,7,2,138,4,9,33,24,0,847,145,3106,0.0457200002670288,47,0,4.50384779033909,3.86967453111105,139.489600841796,1214.64950812649,154
"390",2021-03-25,17116,1363,462,124,94.1,149,7,4,132,8,10,40,30,1,855,139,3005,0.0379399991035461,282,0,3.46850311244771,3.98274163332861,137.45542578558,1308.63126148019,149
"391",2021-03-26,17265,1447,463,104,92.3,149,10,2,130,4,11,42,31,1,859,140,2390,0.0673600006103516,117,0,6.42163547900839,4.37337141252737,131.660846164808,1340.13746000341,149
"392",2021-03-27,17381,1500,465,137,100,116,7,3,100,5,13,44,31,2,864,107,2476,0.0626000022888184,117,0,5.97753974805686,4.64198438340702,102.644409174258,1396.88424076063,116
"393",2021-03-28,17518,1559,466,139,107.4,137,3,5,124,5,13,45,32,1,869,127,2480,0.0826599979400635,157,0,7.77386404593695,5.18853618946057,120.645919364536,1419.62195503395,137
"394",2021-03-29,17727,1707,466,111,115.4,209,7,1,189,4,12,47,35,0,873,196,1644,0.0839400005340576,40,0,8.19461762933437,5.65665317335045,178.528758897308,1546.13056855972,209
"395",2021-03-30,17936,1838,467,170,124.3,209,9,6,186,6,12,48,36,1,879,195,1968,0.0406500005722046,64,0,3.93696855935525,5.75385376635409,192.171074137971,1754.78171418251,209
"396",2021-03-31,18143,1940,468,162,135.3,207,7,5,190,8,14,54,40,1,887,197,3023,0.0793900012969971,224,0,7.3913142568778,6.16634897585962,185.254458114965,1775.09466367022,207
"397",2021-04-01,18380,2076,469,144,138.1,237,12,4,204,4,15,53,38,1,891,216,2634,0.0721299982070923,100,0.01,6.98575037591372,6.66881287064048,202.646857782776,1909.21702202334,237
"398",2021-04-02,18578,2169,470,242,157.9,198,14,7,163,6,15,57,42,1,897,177,3130,0.0939299964904785,99,0,9.10501359601108,7.05215260164086,165.466169917677,1941.88204831322,198
"399",2021-04-03,18829,2347,470,222,170,251,15,3,224,11,14,61,47,0,908,239,2885,0.101909999847412,36,0,10.0654005326869,7.63613271373086,214.334388466204,2075.32137962419,251
"400",2021-04-04,19059,2506,471,152,171.9,230,9,2,215,12,15,64,49,1,920,224,1818,0.0929599952697754,139,0,8.63573180380438,7.7592566791405,203.753664806206,2257.11912501943,230
"401",2021-04-05,19344,2651,472,184,182.3,285,8,4,269,5,17,67,50,1,925,277,2045,0.105620002746582,162,0,9.78671978326961,7.98669984398839,249.823437053205,2352.62791201461,285
"402",2021-04-06,19618,2788,473,156,180.3,274,7,6,246,10,19,70,51,1,935,253,1749,0.128640003204346,83,0,12.2811880788428,9.17873120391518,223.266774862649,2394.22833326903,274
"403",2021-04-07,19925,2928,474,219,188.4,307,3,6,289,12,23,76,53,1,947,292,3364,0.098100004196167,44,0,9.68334548462165,9.50616423645002,265.482317184764,2601.93227642804,307
"404",2021-04-08,20219,3099,475,169,192,294,22,5,256,10,29,83,54,1,957,278,3366,0.0858600044250488,194,0.0103100001811981,8.1742953631985,9.6759563774907,256.865967062744,2807.6713378685,294
"405",2021-04-09,20516,3252,477,262,194.9,297,13,2,277,14,30,88,58,2,971,290,3418,0.110299997329712,158,0,10.542656344322,9.8813339129637,256.839150424455,2857.71350751837,297
"406",2021-04-10,20802,3416,480,380,217.4,286,13,2,260,14,26,92,66,3,985,273,3187,0.0875399971008301,97,0,8.49543150914572,9.65705262388639,248.327765421254,3082.2551160403,286
"407",2021-04-11,21071,3554,480,205,225,269,8,4,249,13,28,100,72,0,998,257,2714,0.145909996032715,29,0,14.43673821483,10.4857678254615,218.330896637573,2963.93776906589,269
"408",2021-04-12,21385,3648,481,264,236.4,314,16,3,291,16,27,100,73,1,1014,307,2125,0.0804699993133545,107,0,7.66123425362358,10.182127035512,282.951173430154,3326.5859305316,314
"409",2021-04-13,21621,3674,483,245,249.1,236,10,0,219,12,28,104,76,2,1026,229,2670,0.0767799997329712,178,0,7.19812497496605,9.45597516352965,210.04314984897,3369.86258753326,236
"410",2021-04-14,21894,3747,485,389,273.4,273,10,11,248,12,28,101,73,2,1038,258,3971,0.171490001678467,97,0.0103100001811981,16.7646722390061,10.4675932712989,219.257674491511,3024.57948185927,273
"411",2021-04-15,22116,3750,485,312,293.9,222,15,3,202,19,29,107,78,0,1057,217,3902,0.130959997177124,98,0.0101999998092651,12.8001377241611,11.1284278942935,188.05626543499,3197.9769372406,222
"412",2021-04-16,22352,3789,487,348,306.1,236,2,10,218,20,24,114,90,2,1077,220,2970,0.120539999008179,244,0.00409999996423721,11.1700123536268,11.2180501813371,201.738992106801,3302.26836860305,236
"413",2021-04-17,22533,3736,490,405,309.7,181,5,7,167,16,23,123,100,3,1093,172,2935,0.101870002746582,121,0.00825999975204468,9.81635857431989,11.4067540477905,159.582640425829,3314.23688738893,181
"414",2021-04-18,22695,3678,490,294,322.4,162,5,8,146,10,22,121,99,0,1103,151,1949,0.0646500015258789,188,0.0159599995613098,6.03665572725616,10.2067422638514,148.517022154302,3422.65965220876,162
"415",2021-04-19,22922,3617,491,258,321.6,227,6,4,217,22,22,115,93,1,1125,223,2084,0.112279996871948,88,0.0340899991989136,10.9112077997534,10.6710241990128,199.017339593172,3163.12877716817,227
"416",2021-04-20,23111,3505,492,188,313.4,189,8,2,179,17,27,118,91,1,1142,187,2775,0.100539999008179,221,0,9.31236639678558,10.9730586878442,168.97313484307,3129.63014772706,189
"417",2021-04-21,23306,3407,493,207,287.4,195,4,2,184,12,25,110,85,1,1154,188,2521,0.136850004196167,236,0.0211899995803833,12.6949474239937,10.3916694285567,162.552672270645,2909.59018311748,195
"418",2021-04-22,23482,3301,496,239,277,176,8,4,160,14,22,106,84,3,1168,168,2358,0.163269996643066,213,0.00939000010490417,15.0521478843522,10.7133851657268,142.918348193055,2729.58016300759,176
"419",2021-04-23,23690,3225,499,189,254.3,208,7,8,184,21,29,112,83,3,1189,191,2507,0.0805700016021729,86,0.0116299998760223,7.82835225630487,10.2360051518237,181.80449087525,2934.65697943812,208
"420",2021-04-24,23846,3104,500,227,228.9,156,3,2,149,18,31,118,87,1,1207,152,2464,0.0852299976348877,214,0.00467000007629395,7.87924175461875,9.95927417758068,140.226658172607,2822.73386163008,156
"421",2021-04-25,23995,2974,505,139,206.7,149,2,6,137,21,30,124,94,5,1228,139,1621,0.135719995498657,93,0.0215100002288818,12.9523070434428,10.9472243656073,124.295094938046,2531.00440536511,149
"422",2021-04-26,24158,2838,510,172,194.4,163,4,7,148,11,31,122,91,5,1239,152,1304,0.115030002593994,31,0,11.2358893919527,10.9936074502072,139.359056093256,2471.28290258329,163
"423",2021-04-27,24319,2745,511,189,194.6,161,3,5,149,10,31,119,88,1,1249,152,2425,0.0610300016403198,332,0.00903999984264374,5.47693267774876,10.4456883474877,147.42602470066,2572.10156449546,161
"424",2021-04-28,24485,2642,513,187,191.7,166,2,7,155,13,27,114,87,2,1262,157,2408,0.0689400005340576,38,0,6.78689784489006,9.60168126475859,151.745875825899,2435.78728619124,166
"425",2021-04-29,24611,2546,513,159,180.3,126,2,7,113,13,29,112,83,0,1275,115,2728,0.0652500009536743,111,0.00901000022888184,6.30511139933179,8.35210462404138,113.661231511079,2361.38691675833,126
"426",2021-04-30,24764,2456,516,178,178.7,153,4,3,139,13,27,109,82,3,1288,143,2122,0.0669199991226196,179,0,6.17141408684045,8.11539917126075,135.850794712286,2281.6891735201,153
"427",2021-05-01,24888,2401,520,138,166,124,3,5,113,7,29,110,81,4,1295,116,2051,0.089709997177124,70,0.0285700011253357,8.76921755252498,8.24253857096164,109.301500904917,2158.8612385578,124
"428",2021-05-02,24984,2338,520,128,164.4,96,0,4,90,8,27,108,81,0,1303,90,1279,0.0695900011062622,21,0,6.84658549345457,7.37029263524904,86.9135641975348,2153.91014548707,96
"429",2021-05-03,25091,2221,523,102,154.4,107,4,3,100,10,22,98,76,3,1313,104,976,0.174179992675781,140,0.0071399998664856,15.3225154868164,7.95409636308671,88.6737030076696,1829.62783057725,107
"430",2021-05-04,25197,2128,524,141,147.6,106,1,2,100,9,23,95,72,1,1322,101,2386,0.0389800000190735,57,0.0175399994850159,3.84797625935961,7.72138830331683,98.530436931745,2033.82940386885,106
"431",2021-05-05,25279,2014,525,114,137.1,82,1,2,75,8,23,89,66,1,1330,76,1904,0.0777299976348877,65,0.0307699990272522,7.61797691384447,7.84011388459603,71.3416816404915,1837.55456347303,82
"432",2021-05-06,25385,1943,527,122,131.9,106,3,6,92,12,22,88,66,2,1342,95,2133,0.0534499979019165,246,0,4.79230119902429,7.62399814169496,95.7642485303794,1835.91510415292,106
"433",2021-05-07,25498,1846,530,109,122,113,5,4,103,19,23,95,72,3,1361,108,2302,0.0469199991226196,82,0.0122000002861023,4.57257709747193,7.39559285749946,106.320683076134,1748.92574961615,113
"434",2021-05-08,25587,1771,534,135,121.6,89,1,3,85,4,21,86,65,4,1365,86,1901,0.0489200019836426,86,0.0116299998760223,4.73060411475805,6.81864808067561,84.3212873998098,1674.65116261701,89
"435",2021-05-09,25670,1708,537,69,113.1,83,0,5,78,4,22,83,61,3,1369,78,1173,0.172210006713867,123,0.00813000023365021,15.6637598691439,8.0782444200598,68.9491715495997,1400.32288470149,83
"436",2021-05-10,25763,1640,538,82,110.3,93,4,2,86,9,22,85,63,1,1378,90,715,0.104899997711182,14,0,10.2885457288745,7.35910588321096,81.3510248461663,1445.95200830792,93
"437",2021-05-11,25895,1608,540,124,107.9,132,1,6,123,5,21,79,58,2,1383,124,1899,0.0458099985122681,86,0.0232599997520447,4.48330212360065,7.44986672095968,123.606612852935,1525.09220538322,132
"438",2021-05-12,25992,1548,541,116,108.1,97,3,3,90,8,22,80,58,1,1391,93,2118,0.0495800018310547,174,0.00574999988079071,4.62525933060347,7.02233563763954,91.0531316972054,1465.658579218,97
"439",2021-05-13,26085,1520,541,78,101.9,93,1,1,90,7,20,77,57,0,1398,91,1684,0.0795699977874756,54,0.0185199999809265,7.76731624125886,7.44733778653019,83.8712514049018,1384.22310038957,93
"440",2021-05-14,26169,1442,541,128,104.6,84,2,5,75,7,21,70,49,0,1405,77,1738,0.0471799993515015,105,0,4.44920449663101,7.4297131292672,78.06010720526,1368.21655311669,84
"441",2021-05-15,26244,1393,542,85,97.4,75,2,8,64,7,19,64,45,1,1412,66,1779,0.0522800016403198,61,0,5.05468059337657,7.47600976906985,70.1633784200615,1312.0240324113,75
"442",2021-05-16,26313,1365,543,47,94.3,69,2,3,63,7,19,67,48,1,1419,65,805,0.0409899997711182,20,0,3.99963028069698,5.80970554214886,65.0101836229731,1302.21385608244,69
"443",2021-05-17,26387,1331,545,88,95.1,74,7,5,59,10,19,71,52,2,1429,66,774,0.229969997406006,19,0,22.4459997468157,7.54648468756904,53.9629577139313,987.419647230949,74
"444",2021-05-18,26466,1299,546,97,91.3,79,1,6,71,5,16,64,48,1,1434,72,1920,0.0265599989891052,56,0,2.58072864671468,7.27468847658533,75.8630903949409,1260.44658920873,79
"445",2021-05-19,26537,1284,550,91,87.7,71,2,5,64,4,14,57,43,4,1438,66,2042,0.0665999984741211,122,0.0163900005817413,6.37693054321293,7.52492722124382,66.1597595765163,1189.83532267041,71
"446",2021-05-20,26597,1238,553,73,87,60,5,8,45,11,15,63,48,3,1449,50,1487,0.0511100006103516,65,0.0307699990272522,5.0258131987348,7.13328392945467,55.1100677668643,1166.44527790756,60
"447",2021-05-21,26678,1202,554,77,79.7,81,4,11,63,3,13,58,45,1,1452,67,1682,0.0416200017929077,190,0,3.73957494741831,7.03190827956714,75.1185681228267,1150.30625199459,81
"448",2021-05-22,26738,1171,558,78,78.7,60,0,14,46,8,15,57,42,4,1460,46,1380,0.0623199987411499,101,0.00990000009536743,5.87451034925179,7.14902681612074,56.8922876259809,1091.88845239182,60
"449",2021-05-23,26793,1147,559,39,77.6,55,0,4,51,5,12,58,46,1,1465,51,826,0.0375300002098084,14,0.0714300012588501,3.80950002272924,7.12186535069678,52.7656589288278,1096.74923120324,55
"450",2021-05-24,26845,1102,561,65,74.3,52,2,11,39,5,11,56,45,2,1470,41,733,0.0832199954986572,30,0,7.99479117962199,5.05740698395482,48.230339026318,1000.67886846348,52
"451",2021-05-25,26906,1035,563,56,68.4,61,2,11,47,3,11,53,42,2,1473,49,1035,0.0647300004959106,19,0.0526300001144409,6.45118790469088,5.61032973509428,56.3646428492358,958.212354060389,61
"452",2021-05-26,26962,993,566,76,66.3,56,1,11,44,1,8,46,38,3,1474,45,1371,0.0320900011062622,61,0.0491800022125244,3.28179969634424,5.16816818554161,54.3016159743476,955.522325833938,56
"453",2021-05-27,27006,944,566,62,64.7,44,0,8,35,3,9,41,32,0,1477,35,1368,0.0548199987411499,113,0.00884999990463257,5.13124971418748,5.18323054489199,40.9346079228885,888.293425120194,44
"454",2021-05-28,27042,895,569,67,63.3,36,0,2,30,1,7,33,26,3,1478,30,1589,0.0346099996566772,197,0.0152300000190735,3.24723401221823,5.11289612557769,30.8796695138443,861.576807163021,36
"455",2021-05-29,27077,856,571,46,58.7,35,0,3,31,4,9,35,26,2,1482,31,1074,0.024210000038147,104,0.00962000012397766,2.29219185516668,4.60113634070839,33.1828082548639,833.43496342463,35
"456",2021-05-30,27104,807,573,45,59.6,27,0,3,22,5,8,35,27,2,1487,22,718,0.0905300045013428,34,0,8.6436892595697,5.29173480311417,22.813078780421,726.779753445444,27
"457",2021-05-31,27153,776,576,40,56,49,1,2,40,5,6,34,28,3,1492,41,767,0.0664900016784668,27,0.037039999961853,6.54885532573729,5.0851725382735,39.9121189298044,717.556202183616,49
"458",2021-06-01,27195,740,577,38,53.4,42,1,5,36,2,5,30,25,1,1494,37,1557,0.0134899997711182,27,0.037039999961853,1.38914202289148,4.36202312658787,41.4089017337667,728.178034675335,42
"459",2021-06-02,27226,701,577,50,49.7,31,0,1,29,1,6,29,23,0,1495,29,1666,0.0306100010871887,43,0.0232599997520447,3.04250683444086,4.32783843203025,28.9852924951314,676.472070313348,31
"460",2021-06-03,27271,689,577,48,47.7,45,2,4,39,2,5,28,23,0,1497,41,1178,0.0152799999713898,186,0,1.31963636116548,3.78332223874139,44.3777721545977,678.54353693946,45
"461",2021-06-04,27301,642,579,45,44.6,30,0,0,27,3,6,28,22,2,1500,27,1201,0.0516200017929077,66,0,4.89310356379496,4.01844646039521,25.4806442139898,605.873095754868,30
"462",2021-06-05,27321,609,582,39,43.6,20,1,0,19,2,4,29,25,3,1502,20,999,0.0180200004577637,89,0.0112399995326996,1.74653864115038,3.94049600125002,19.5982836515493,596.767737189677,20
"463",2021-06-06,27338,560,582,21,40.1,17,0,1,16,2,4,27,23,0,1504,16,594,0.0841800022125244,22,0,8.11735735620771,3.86530572934117,15.5063599146906,507.722597014171,17
"464",2021-06-07,27366,528,583,17,36.9,28,1,3,24,1,4,26,22,1,1505,25,647,0.0139100003242493,15,0.0666699981689453,1.51054685533587,3.14554737642668,27.5657043075143,518.827674974701,28
"465",2021-06-08,27399,498,584,29,35.6,33,1,1,30,1,3,25,22,1,1506,31,1399,0.0300200009346008,53,0,2.89242295506244,3.36030179530824,30.9688192299474,481.434579887542,33
"466",2021-06-09,27426,472,585,33,33.1,27,1,0,24,2,4,23,19,1,1508,25,1191,0.0579300022125244,26,0,5.66923850740481,3.73554917716024,23.3700433689012,441.226418804855,27
"467",2021-06-10,27455,460,585,21,29.3,29,0,0,28,2,5,20,15,0,1510,28,1212,0.028050000667572,136,0,2.5220030273811,3.90731584376247,27.1878898340415,446.658190130682,29
"468",2021-06-11,27477,450,585,36,28,22,0,1,20,1,4,15,11,0,1511,20,1052,0.0152100002765656,96,0,1.39380838771315,3.40741653289364,20.6794141264557,442.786817845253,22
"469",2021-06-12,27496,427,585,30,26.7,19,0,0,19,2,6,16,10,0,1513,19,884,0.0180999994277954,44,0,1.72418097997534,3.4042225812972,18.6232547694775,418.533146661416,19
"470",2021-06-13,27517,418,586,18,26.3,21,0,1,18,2,5,15,10,1,1515,18,566,0.106009998321533,17,0,10.291879768437,3.7148686401871,16.8695148016353,368.525399282419,21
"471",2021-06-14,27535,378,589,22,27,18,2,1,15,2,4,14,10,3,1517,17,656,0.0579300022125244,29,0,5.54774911699504,4.29161182042413,16.9153814034472,353.883186500179,18
"472",2021-06-15,27561,363,589,22,26,26,1,0,23,0,4,14,10,0,1517,24,1514,0.0118900001049042,36,0,1.1613845263758,4.04432061632604,23.6794479273985,358.151649901902,25
"473",2021-06-16,27578,342,589,24,24.7,17,0,0,17,1,4,12,8,0,1518,17,1248,0.0216300010681152,42,0,2.09257684751999,3.5333689506282,16.590888535932,333.769639958161,17
"474",2021-06-17,27589,299,590,12,23.4,11,0,0,11,0,5,11,6,1,1518,11,1097,0.0182299995422363,123,0.0243899989128113,1.88510486591058,3.44238349898956,10.7615268371762,292.51786584688,11
"475",2021-06-18,27603,268,590,26,22,14,1,0,13,1,4,12,8,0,1519,14,859,0.0139699995517731,63,0,1.30154334218797,3.42920277820025,13.7904450216453,263.988518985782,15
"476",2021-06-19,27612,235,590,18,20.3,9,0,0,9,0,4,11,7,0,1519,9,927,0.0194200003147125,37,0,1.86746268586499,3.44967159332734,8.80671161633002,229.953025537506,10
"477",2021-06-20,27622,220,590,7,18.7,10,0,0,10,0,4,11,7,0,1519,10,555,0.0198199999332428,15,0,1.92984209876311,2.25509478337393,9.77806127424387,215.117348033365,11
"478",2021-06-21,27631,207,591,13,17.4,9,0,0,9,2,3,10,7,1,1521,9,516,0.0154999995231628,7,0,1.52925425505775,1.68102408881146,8.84171727477187,203.359497319753,10
"479",2021-06-22,27642,186,591,13,16.1,11,0,0,10,0,3,7,4,0,1521,10,1292,0.0108399999141693,62,0,1.03436335960907,1.66287820784478,9.8810445237216,183.787428141222,13
"480",2021-06-23,27651,172,591,19,15.4,9,0,0,9,0,2,5,3,0,1521,9,1102,0.00816999971866608,18,0,0.803869615175894,1.47877717465277,8.91679691392239,170.409896577183,12
"481",2021-06-24,27656,158,591,8,14.9,5,1,0,4,1,1,5,4,0,1522,5,903,0.0110699999332428,51,0,1.04782074839814,1.35916515786527,4.9397484380019,156.09605064086,13
"482",2021-06-25,27658,135,591,8,12.3,2,0,0,2,2,1,7,6,0,1524,2,1024,0.00194999992847443,64,0,0.183529405032887,1.19944888112883,1.99577869274197,134.715061760083,14
"483",2021-06-26,27660,117,591,9,11,2,0,0,2,1,1,7,6,0,1525,2,761,0.00657000005245209,19,0,0.640996158963595,1.02423937728578,1.98525663101389,116.137512914313,14
"484",2021-06-27,27660,98,591,8,11.1,0,0,0,0,0,1,6,5,0,1525,0,391,0.015349999666214,13,0,1.48560640333903,0.960777135082337,0,96.3256696467723,14
"485",2021-06-28,27660,86,591,0,9.3,0,0,0,0,0,1,6,5,0,1525,0,NA,NA,NA,NA,NA,NA,NA,NA,13
