"","date","observed_cumulative_cases","observed_active_cases","observed_cumulative_deaths","observed_new_cases","observed_daily_average_cases","observed_new_episodes","observed_new_cases_community_outbreak","observed_new_cases_institution_outbreak","observed_new_cases_sporadic","observed_new_ICU_p_acute_care","observed_census_ICU","observed_census_ICU_p_acute_care","observed_census_acute_care","observed_new_deaths","cumulative_hosp","observed_new_community_cases","num_non_ltch_tests","non_ltch_pct_positivity","num_ltch_tests","ltch_pct_positivity","observed_pct_positivity","pct_positivity_7_day","adjusted_new_episodes","adjusted_active_cases","adjusted_episode_cases"
"1",2020-03-01,7,7,0,0,0,2,0,0,2,0,0,2,2,0,0,2,NA,NA,NA,NA,NA,NA,NA,NA,2
"2",2020-03-02,10,10,0,0,0,3,2,0,1,0,0,2,2,0,0,3,NA,NA,NA,NA,NA,NA,NA,NA,3
"3",2020-03-03,11,11,0,0,0,1,0,0,1,0,0,2,2,0,0,1,NA,NA,NA,NA,NA,NA,NA,NA,1
"4",2020-03-04,12,12,0,0,0,1,0,0,1,0,0,2,2,0,0,1,NA,NA,NA,NA,NA,NA,NA,NA,1
"5",2020-03-05,18,17,0,0,0,6,2,0,4,0,0,2,2,0,0,6,NA,NA,NA,NA,NA,NA,NA,NA,6
"6",2020-03-06,23,22,0,0,0,5,0,1,4,0,0,2,2,0,0,4,NA,NA,NA,NA,NA,NA,NA,NA,5
"7",2020-03-07,27,26,0,0,0,4,0,0,4,0,0,2,2,0,0,4,NA,NA,NA,NA,NA,NA,NA,NA,4
"8",2020-03-08,36,35,0,0,0,9,1,0,8,0,0,2,2,0,0,9,NA,NA,NA,NA,NA,NA,NA,NA,9
"9",2020-03-09,45,44,0,1,0.1,9,0,0,9,0,0,2,2,0,0,9,NA,NA,NA,NA,NA,NA,NA,NA,9
"10",2020-03-10,52,51,0,0,0.1,7,1,0,6,0,0,2,2,0,0,7,NA,NA,NA,NA,NA,NA,NA,NA,7
"11",2020-03-11,61,60,0,0,0.1,9,0,0,9,0,0,2,2,0,0,9,NA,NA,NA,NA,NA,NA,NA,NA,9
"12",2020-03-12,75,74,0,3,0.6,14,1,0,13,0,0,2,2,0,0,14,NA,NA,NA,NA,NA,NA,NA,NA,14
"13",2020-03-13,97,96,0,1,0.7,22,2,2,18,0,0,2,2,0,0,20,NA,NA,NA,NA,NA,NA,NA,NA,22
"14",2020-03-14,115,114,0,4,1.3,18,1,1,16,1,0,3,3,0,1,17,NA,NA,NA,NA,NA,NA,NA,NA,18
"15",2020-03-15,142,140,0,4,1.9,27,1,0,26,0,0,3,3,0,1,27,NA,NA,NA,NA,NA,NA,NA,NA,27
"16",2020-03-16,157,155,0,0,1.7,15,0,0,15,0,0,3,3,0,1,15,NA,NA,NA,NA,NA,NA,NA,NA,15
"17",2020-03-17,180,177,0,5,2.4,23,1,0,22,2,0,5,5,0,3,23,127,0,4,0,0,0,23,177,23
"18",2020-03-18,196,192,0,4,3,16,0,0,16,0,0,4,4,0,3,16,210,0.0190499997138977,1,0,1.89597153550641,0.947985767753204,15.331274767058,183.975297204696,16
"19",2020-03-19,221,217,0,1,2.7,25,0,0,25,4,0,8,8,0,7,25,110,0.0272699999809265,9,0,2.52075630075791,1.47224261208811,23.6107935687211,204.941688176499,25
"20",2020-03-20,243,239,0,2,2.9,22,1,1,20,3,1,11,10,0,10,21,137,0.00730000019073486,4,0,0.709290798674238,1.28150465873464,21.6716480983703,235.263042643358,22
"21",2020-03-21,263,259,0,4,2.9,20,0,2,18,3,1,11,10,0,13,18,204,0.0147099995613098,3,0,1.44968111618705,1.31513995022512,19.4247708288581,250.723091370792,20
"22",2020-03-22,289,285,0,7,3.3,26,0,1,25,3,5,14,9,0,16,25,159,0.0314499998092651,2,0,3.10593165818208,1.61360523488462,24.2882993356549,265.486612426466,26
"23",2020-03-23,310,306,0,9,4.6,21,2,0,19,4,5,18,13,0,20,21,138,0.0362299990653992,3,0,3.54591480214545,1.88964945877902,19.3584900995791,282.080855736725,21
"24",2020-03-24,328,322,1,8,5,18,1,3,14,3,7,21,14,1,23,15,253,0.0197599995136261,4,0,1.94524508830638,2.16754161425136,17.3567770943324,308.192148291669,18
"25",2020-03-25,351,345,1,8,5.6,23,0,1,22,4,8,24,16,0,27,22,153,0.0588199996948242,2,0,5.80610319568265,2.7261318514194,20.1841900028321,300.842979589867,23
"26",2020-03-26,365,355,1,19,8.1,14,1,3,10,2,7,26,19,0,29,11,274,0.025550000667572,3,0,2.5273285858898,2.72707074929538,13.3871554760197,335.221835817001,14
"27",2020-03-27,382,363,1,27,11.7,17,3,2,12,5,9,27,18,0,34,15,577,0.0294600009918213,4,0,2.92571782655437,3.04370318184968,16.0325698633697,339.588190693546,17
"28",2020-03-28,407,385,2,26,14.9,25,1,1,23,3,8,26,18,1,37,24,367,0.0817399978637695,3,0,8.10772411243336,3.99485218131344,20.7105054631519,316.189358471395,25
"29",2020-03-29,426,397,2,11,15.4,19,5,4,10,7,8,32,24,0,44,15,184,0.0434800004959106,0,0,4.34800004959107,4.1722905229433,17.5622720537618,358.948133689561,19
"30",2020-03-30,451,407,3,48,21,25,8,3,14,4,12,33,21,1,48,22,549,0.0783199977874756,0,0,7.83199977874756,4.7845883767436,21.2016825172496,336.731126569118,25
"31",2020-03-31,468,404,3,51,27.1,17,2,3,12,6,13,35,22,0,54,14,943,0.064689998626709,0,0,6.4689998626709,5.43083905879567,15.0035377962323,346.38780497699,17
"32",2020-04-01,495,406,3,37,31.3,27,6,4,16,3,15,34,19,0,57,22,575,0.0573899984359741,4,0.25,5.87206374795943,5.44026199483521,23.1522008396602,353.445160950093,27
"33",2020-04-02,512,402,6,32,33.1,17,5,4,7,6,14,35,21,3,63,12,107,0.0841100025177002,9,0,7.75842264602924,6.1875611462837,13.947653922778,333.246406413064,17
"34",2020-04-03,539,407,6,26,33,27,3,4,19,5,14,38,24,0,68,22,217,0.110600004196167,2,0,10.9589958495745,7.33517229242944,20.6851702368812,308.675649382302,27
"35",2020-04-04,556,415,7,18,31.9,17,3,7,6,7,14,44,30,1,75,9,315,0.0253999996185303,3,0,2.51603769806196,6.53635994751924,15.5008218485233,391.982340793018,17
"36",2020-04-05,583,426,8,40,36,27,4,8,13,4,13,44,31,1,79,17,422,0.0663500022888184,5,0.2,6.79149905524153,6.88543123404074,22.4548670053285,362.221961427643,27
"37",2020-04-06,602,426,9,40,34.9,19,3,7,9,4,12,45,33,1,83,12,238,0.117650003433228,4,0.25,11.9837606682265,7.47853993253773,15.8299195184489,313.462142904935,19
"38",2020-04-07,625,424,9,25,31.1,23,2,11,10,4,14,46,32,0,87,12,285,0.108769998550415,6,0,10.6527318167932,8.07621592598378,20.1820183878378,324.431316370269,23
"39",2020-04-08,645,427,11,26,29.6,20,1,10,8,5,16,45,29,2,92,9,368,0.0434800004959106,6,0.333330001831055,4.81300005173301,7.92492111223715,18.0451079207867,381.695675797324,20
"40",2020-04-09,681,435,11,25,28.6,36,1,20,13,6,16,48,32,0,98,14,295,0.0949199962615967,5,0,9.33379963239034,8.14997496743159,31.1194035277172,345.495752468356,36
"41",2020-04-10,715,451,11,36,30,34,0,20,13,4,16,50,34,0,102,13,331,0.090629997253418,8,0,8.84912362562872,7.84856464972504,30.4640567542888,363.022276629558,34
"42",2020-04-11,759,481,11,31,31.9,44,0,34,8,5,19,54,35,0,107,8,225,0.102220001220703,11,0.363639984130859,11.4404830932617,9.12348542046786,39.9824223153575,359.693141710872,44
"43",2020-04-12,792,496,13,35,31.1,33,0,18,14,1,18,50,32,2,108,14,227,0.101319999694824,12,0.5,12.1337405567887,9.88666277783175,28.2552859906926,363.33013224168,33
"44",2020-04-13,816,503,16,16,27.7,24,0,19,5,3,20,52,32,3,111,5,165,0.0606099987030029,26,0.0384599995613098,5.75948155737672,8.99748004771035,23.3651818846642,439.137297597217,24
"45",2020-04-14,849,503,18,32,28.7,33,0,26,7,5,20,51,31,2,116,7,208,0.0673099994659424,18,0.166669998168945,7.52236276812258,8.55028446932883,31.83922451164,419.589989907842,33
"46",2020-04-15,878,501,24,60,33.6,29,2,18,9,4,16,51,35,6,120,11,390,0.1,24,0.208330001831055,10.6280000106148,9.38099874916909,26.4228473322656,383.622410315005,29
"47",2020-04-16,948,550,24,21,33,70,1,55,13,7,13,53,40,0,127,14,310,0.0354800009727478,11,0,3.42641753942424,8.5370870216025,67.9425393017457,508.456901140009,70
"48",2020-04-17,980,554,26,73,38.3,32,0,26,6,0,13,50,37,2,127,6,378,0.0846599960327148,66,0.5,14.6399726352176,9.36435116582949,30.0636340800598,375.208880058859,32
"49",2020-04-18,1020,576,31,31,38.3,40,0,31,9,1,11,47,36,5,128,9,421,0.0617600011825562,8,0,6.06082995288022,8.59582928863213,38.7975403172123,499.042580301586,40
"50",2020-04-19,1037,579,35,38,38.7,17,0,13,4,5,15,48,33,4,133,4,452,0.0442500019073486,47,0.127659997940063,5.21062540386865,7.60681283821498,16.5405420622461,512.493463510125,17
"51",2020-04-20,1098,615,39,16,38.7,61,1,47,13,3,13,46,33,4,136,14,325,0.0523099994659424,43,0.0232599997520447,4.89155701515467,7.48282361789754,59.4903680776554,548.684026268434,61
"52",2020-04-21,1134,628,47,51,41.4,36,0,26,10,2,11,44,33,8,138,10,543,0.069980001449585,25,0.36,8.27449661745152,7.59027131065882,34.1759468119781,513.449459792225,36
"53",2020-04-22,1175,645,54,35,37.9,41,1,31,9,4,9,46,37,7,142,10,656,0.0243899989128113,122,0.106560001373291,3.7275269221524,6.60448944087848,40.1782935349264,591.999933002753,41
"54",2020-04-23,1220,660,57,50,42,45,0,35,10,5,11,49,38,3,147,10,775,0.0361299991607666,105,0.0285700011253357,3.522795394063,6.61825770582687,44.2234251258576,608.746058306599,45
"55",2020-04-24,1261,667,65,38,37,41,0,36,5,7,10,49,39,8,154,5,517,0.0406199979782104,94,0.106379995346069,5.07369206501887,5.25164619579848,40.4407705619989,592.398792970651,41
"56",2020-04-25,1362,739,78,53,40.1,101,0,95,6,4,9,49,40,13,158,6,557,0.0502699995040894,28,0.0357100009918213,4.95731106864081,5.09400064090713,100.344317885898,658.241819613076,101
"57",2020-04-26,1416,758,87,88,47.3,54,0,41,13,5,9,51,42,9,163,13,358,0.0502799987792969,81,0.0123500001430511,4.32815252268233,4.96793308645194,52.7596569309399,685.678457973268,54
"58",2020-04-27,1477,782,95,87,57.4,61,0,54,7,8,11,57,46,8,171,7,269,0.0632000017166138,80,0.1,7.16355314090805,5.29250396155957,59.8945924104102,658.510180705821,61
"59",2020-04-28,1498,778,103,65,59.4,21,0,14,7,7,13,62,49,8,178,7,503,0.0616300010681152,11,0.272730007171631,6.61477054788909,5.05540023733637,19.979275029695,664.553710443241,21
"60",2020-04-29,1523,767,111,29,58.6,25,0,17,8,7,13,63,50,8,185,8,668,0.0314400005340576,74,0.148649997711182,4.31294072606172,5.13903078075198,24.2393946223116,694.076959414127,25
"61",2020-04-30,1543,757,122,30,55.7,20,0,10,10,2,11,57,46,11,187,10,603,0.0414599990844727,6,0.333330001831055,4.43355656139956,5.26913951894292,19.0226543856408,683.014936993009,20
"62",2020-05-01,1566,741,135,42,56.3,23,0,16,7,6,11,58,47,13,193,7,516,0.031010000705719,55,0.0909099960327148,3.67797025323123,5.06975068868754,22.4324525619849,680.921049775829,23
"63",2020-05-02,1587,742,139,22,51.9,21,0,15,6,4,12,58,46,4,197,6,508,0.0511800003051758,28,0.0357100009918213,5.03718660126871,5.08116147906296,20.3337530943458,659.607466000764,21
"64",2020-05-03,1606,723,148,23,42.6,19,0,13,6,3,12,53,41,9,200,6,826,0.0205800008773804,231,0.0043299999833107,1.70286761786764,4.70612077837514,18.774769058415,695.859671539009,19
"65",2020-05-04,1624,720,152,14,32.1,18,0,11,7,6,10,53,43,4,206,7,637,0.0109899997711182,24,0.125,1.51295459216373,3.89889241426881,17.766536039311,695.986564043416,18
"66",2020-05-05,1649,720,156,29,27,25,0,24,1,3,9,51,42,4,209,1,923,0.0292499995231628,29,0.172409992218018,3.36109656871868,3.4340818458159,24.9259070467382,666.653073651476,25
"67",2020-05-06,1665,694,161,23,26.1,16,0,11,5,4,10,53,43,5,213,5,598,0.0167200005054474,149,0.0134200000762939,1.60617674881196,3.04740127763736,15.8229649515465,669.427535274659,16
"68",2020-05-07,1688,672,167,32,26.4,23,0,16,7,6,10,55,45,6,219,7,813,0.0356699991226196,234,0.0128199994564056,3.05631224063884,2.85065208895726,22.5283805842571,626.724536088679,23
"69",2020-05-08,1701,639,173,16,22.7,13,0,8,5,4,8,55,47,6,223,5,715,0.00978999972343445,127,0.0472399997711182,1.54386339349022,2.54577968042283,12.8298332167526,617.252685100985,13
"70",2020-05-09,1718,623,179,12,21.3,17,0,12,5,5,7,53,46,6,228,5,1100,0.0154499995708466,164,0.0304900002479553,1.74013920637626,2.0747729097239,16.8081994220471,599.101647987073,17
"71",2020-05-10,1730,554,185,25,21.6,12,0,8,4,3,6,54,48,6,231,4,907,0.0176400005817413,316,0.0126600003242493,1.6353262984548,2.06512414980778,11.8558016379215,534.028526852121,12
"72",2020-05-11,1750,535,188,14,21.6,20,0,14,6,1,6,53,47,3,232,6,517,0.00967000007629394,197,0.0152300000190735,1.12040616851561,2.00904580357234,19.8518087174572,521.786277306601,20
"73",2020-05-12,1773,518,193,13,19.3,23,0,17,6,4,7,53,46,5,236,6,835,0.0131700003147125,322,0.00310999989509583,1.03702422031165,1.67703546808562,22.8628372874459,506.158285816164,23
"74",2020-05-13,1794,500,195,21,19,21,0,15,6,2,8,49,41,2,238,6,1249,0.0144099998474121,224,0.0133899998664856,1.42548878340193,1.65122290159847,20.8114567582731,484.288063189428,21
"75",2020-05-14,1808,472,198,25,18,14,0,10,4,2,7,47,40,3,240,4,1046,0.0267700004577637,127,0.0236199998855591,2.6428951802461,1.59216332154237,13.7669571164502,444.50093974112,14
"76",2020-05-15,1828,458,201,17,18.1,20,0,12,8,1,6,46,40,3,241,8,1163,0.012039999961853,137,0.0146000003814697,1.23097846214588,1.54746547420746,19.7829117306275,445.571696578427,20
"77",2020-05-16,1844,438,207,19,19.1,16,0,6,10,1,5,44,39,6,242,10,967,0.0134399998188019,25,0.04,1.4109354662078,1.50043636846911,15.6889694377539,424.37686137362,16
"78",2020-05-17,1856,398,212,15,17.7,12,0,9,3,1,3,44,41,5,243,3,353,0.0254999995231628,10,0.1,2.7552341134095,1.66042319917693,11.8177885447057,373.826613597626,12
"79",2020-05-18,1871,390,213,26,19.4,15,0,8,7,2,2,45,43,1,245,7,376,0.0398900008201599,17,0.0588199996948242,4.07088557333133,2.08192025700774,14.3718218151528,355.001501129941,15
"80",2020-05-19,1883,353,219,23,20.9,12,0,8,4,0,2,42,40,6,245,4,359,0.0390000009536743,31,0.225809993743896,5.38490003805894,2.70304537382879,11.5251750270399,311.096696136267,12
"81",2020-05-20,1898,339,223,17,20.3,15,0,9,6,3,2,43,41,4,248,6,675,0.0296300005912781,36,0.0555600023269653,3.0942912071566,2.94144572007945,14.590731472715,315.876328208396,15
"82",2020-05-21,1906,325,229,11,18.3,8,0,1,7,0,2,40,38,6,248,7,478,0.0209200000762939,36,0,1.94547860631683,2.8418147809467,7.6997932765339,311.061830696217,8
"83",2020-05-22,1913,309,233,7,16.9,7,0,3,4,1,2,38,36,4,249,4,514,0.00583999991416931,14,0,0.568515143159664,2.74717716394867,6.94986997240983,305.127455368659,7
"84",2020-05-23,1922,305,236,6,15,9,1,3,5,1,1,37,36,3,250,6,582,0.00859000027179718,43,0,0.799900825309753,2.65988650096323,8.89420057427322,299.621862525555,9
"85",2020-05-24,1931,301,237,8,14,9,0,3,6,1,2,38,36,1,251,6,332,0.0150600004196167,25,0.04,1.68064989896716,2.50637447032861,8.77770770008939,289.848336287818,9
"86",2020-05-25,1946,297,240,6,11.1,15,1,7,7,0,2,37,35,3,251,8,401,0.0174600005149841,8,0,1.71184846124906,2.16936916860257,14.6981082680905,285.792269452861,15
"87",2020-05-26,1952,287,243,16,10.1,6,0,2,4,1,2,37,35,3,252,4,1123,0.00800999999046326,41,0.0731699991226196,1.03051545990701,1.54731422886658,5.90913211537317,280.480229278025,6
"88",2020-05-27,1957,259,243,8,8.9,5,0,1,4,1,2,35,33,0,253,4,1150,0.00957000017166138,13,0.0769199991226196,1.03228376491871,1.25274173711831,4.90897619133123,253.106208388697,5
"89",2020-05-28,1961,234,244,4,7.9,4,0,2,2,1,1,32,31,1,254,2,1403,0.00284999996423721,88,0,0.268179071081476,1.01312751779898,3.98817637103059,232.616635410579,4
"90",2020-05-29,1968,224,247,7,7.9,7,0,3,4,2,1,33,32,3,256,4,1380,0.0065200001001358,37,0,0.634975309681539,1.0226218273021,6.94400970637914,220.864543557232,7
"91",2020-05-30,1971,206,248,15,9.1,3,1,1,1,0,1,32,31,1,256,2,1020,0.0127499997615814,119,0,1.1417910234252,1.07146328417574,2.94966007836801,200.814988071905,3
"92",2020-05-31,1975,191,249,10,9.4,4,0,1,3,3,1,35,34,1,259,3,1309,0.00535000026226044,11,0.0909099960327148,0.606300022701422,0.917984730423489,3.95990365793465,188.447199555173,4
"93",2020-06-01,1986,181,250,5,9.3,11,0,5,6,0,1,32,31,1,259,6,763,0.00130999997258186,20,0,0.127653892602805,0.691671220616882,10.9831157712283,180.490659098722,11
"94",2020-06-02,1989,162,251,8,8.1,3,0,1,2,0,1,27,26,1,259,2,858,0.0104900002479553,9,0,1.03811075118174,0.692756262227556,2.95423119223424,158.292726570973,3
"95",2020-06-03,1999,153,251,8,8.1,10,0,7,3,0,0,23,23,0,259,3,1110,0.00449999988079071,141,0,0.399280564962245,0.602327233662347,9.97359444249822,151.653316567409,10
"96",2020-06-04,2006,143,254,8,8.7,7,0,2,5,0,0,21,21,3,259,5,1430,0.00559000015258789,21,0,0.550909732474203,0.642717328147022,6.93927795850974,141.263349613378,7
"97",2020-06-05,2010,134,256,15,9.9,4,0,1,3,1,0,22,22,2,260,3,1366,0.00952000021934509,29,0,0.932209340474939,0.685179332546079,3.93835034934412,131.246315604037,4
"98",2020-06-06,2013,125,257,2,8,3,0,0,3,0,0,22,22,1,260,3,1404,0.000710000023245811,68,0,0.0677201109128478,0.5317406307586,2.99552147677685,124.813394865702,3
"99",2020-06-07,2014,117,258,4,7.1,1,0,0,1,0,0,21,21,1,260,1,870,0.00230000004172325,22,0,0.22432735832951,0.477173107276898,0.995054864941772,116.421419198187,1
"100",2020-06-08,2017,109,258,0,6.4,3,0,0,3,0,0,20,20,0,260,3,701,0.0014300000667572,12,0,0.140593274445554,0.479021590397291,2.99070216755207,108.662178754392,3
"101",2020-06-09,2027,106,259,3,5.7,10,0,3,7,0,0,19,19,1,260,7,1338,0.00224000006914139,10,0,0.222338285794598,0.362482666770557,9.96569098829319,105.480463537011,10
"102",2020-06-10,2037,104,259,7,5.6,10,0,4,6,0,0,18,18,0,260,6,1281,0.00233999997377396,12,0,0.231828303666236,0.338560915156841,9.96933707202314,103.468509248401,10
"103",2020-06-11,2044,103,260,5,5.1,7,0,2,5,0,0,17,17,1,260,5,1529,0.00326999992132187,6,0,0.325721816267175,0.306391212841551,6.96409848569414,102.260428805299,7
"104",2020-06-12,2048,106,260,10,4.4,4,0,2,2,0,0,17,17,0,260,2,1596,0.00814999997615814,13,0,0.808415162333648,0.288706330249938,3.96435813990207,104.11098141481,4
"105",2020-06-13,2051,104,260,6,5,3,0,3,0,0,0,17,17,0,260,0,1479,0.00270000010728836,23,0.0434800004959106,0.332446083228058,0.326524326294968,3,103.237832413701,3
"106",2020-06-14,2054,101,260,1,4.6,3,0,1,2,0,0,17,17,0,260,2,768,0,13,0,0,0.294477560819324,3,101,3
"107",2020-06-15,2059,99,260,2,4.9,5,0,2,3,0,0,15,15,0,260,3,720,0.00555999994277954,17,0,0.543175028331244,0.351989239945851,4.96407829305319,97.8145836707553,5
"108",2020-06-16,2063,98,260,3,4.9,4,0,1,3,1,0,15,15,0,261,3,1250,0.000799999982118607,14,0,0.0791139222822989,0.331528616586951,3.99476797167873,97.8290870748384,4
"109",2020-06-17,2066,88,260,8,5,3,0,0,3,1,1,7,6,0,262,3,1098,0.0091100001335144,26,0,0.889927059305944,0.425542724535481,2.94114659665663,86.2736335019279,3
"110",2020-06-18,2068,74,260,2,4.6,2,0,0,2,0,1,7,6,0,262,2,1304,0.00230000004172325,122,0,0.210322584460527,0.409057119991674,1.9907271801915,73.6569056670856,2
"111",2020-06-19,2071,72,260,5,3.9,3,0,0,3,0,1,6,5,0,262,3,1875,0.0010700000077486,19,0,0.105926611115556,0.308701612674804,2.99299477243265,71.8318745383836,3
"112",2020-06-20,2077,72,261,1,3.1,6,0,0,6,1,1,6,5,1,263,6,1792,0.000560000017285347,158,0,0.0514625656910432,0.268561110169516,5.99319326881001,71.9183192257201,6
"113",2020-06-21,2083,76,261,1,3.1,6,0,0,6,0,1,5,4,0,263,6,1102,0.00363000005483627,86,0,0.336722227308887,0.316664285499357,5.95546320599816,75.4358672759767,6
"114",2020-06-22,2085,75,262,6,3.7,2,0,1,1,0,1,2,1,1,263,1,509,0.0039300000667572,10,0,0.385427752211834,0.294128960339441,1.99150352277997,74.3627642084976,2
"115",2020-06-23,2094,80,262,4,3.9,9,0,0,9,0,1,2,1,0,263,9,1255,0.00158999994397163,20,0,0.156505876837992,0.305184953847398,8.96894946591802,79.7239952526046,9
"116",2020-06-24,2096,74,263,3,3.1,2,0,0,2,1,1,3,2,1,264,2,1733,0.00289000004529953,24,0,0.285052366448724,0.218774283439223,1.98743245174148,73.5350007144347,2
"117",2020-06-25,2102,72,263,6,3.7,6,0,0,6,0,1,3,2,0,264,6,1796,0.00277999997138977,21,0.0476200008392334,0.32982388366758,0.235845897611659,5.95637562010329,71.4765074412394,6
"118",2020-06-26,2106,66,263,6,3.9,4,0,0,4,0,1,3,2,0,264,4,2028,0.00196999996900558,23,0,0.194790830674955,0.248540786120145,3.98282390568916,65.7165944438712,4
"119",2020-06-27,2109,68,263,3,4.1,3,0,0,3,0,1,2,1,0,264,3,1574,0.000640000030398369,80,0,0.0609044768952257,0.249889630577885,2.99597221400715,67.9087035174954,3
"120",2020-06-28,2111,67,263,2,4.3,2,0,0,2,0,1,2,1,0,264,2,880,0.00114000000059605,12,0,0.112466367771807,0.217853079215445,1.99504151983707,66.8338909145418,2
"121",2020-06-29,2115,68,263,1,3.6,4,0,0,4,2,1,4,3,0,266,4,854,0.00351000010967255,8,0,0.347742470262222,0.212469467508358,3.9693370707214,67.4787302022637,4
"122",2020-06-30,2118,67,263,10,4.4,3,0,0,3,0,1,4,3,0,266,3,1605,0.00435999989509583,11,0,0.433032167798812,0.251973223359904,2.97136235316635,66.3604258873817,3
"123",2020-07-01,2120,66,263,4,4.6,2,0,0,2,0,2,4,2,0,266,2,1601,0.00312000006437302,15,0,0.309103966773589,0.255409166263456,1.98637205132613,65.5502776937624,2
"124",2020-07-02,2126,65,263,4,4.3,6,0,1,5,0,1,4,3,0,266,5,1012,0.00197999998927116,12,0,0.195679686439689,0.236245709516614,5.97843191118547,64.7196148454111,6
"125",2020-07-03,2134,73,263,4,4,8,0,0,8,0,1,4,3,0,266,8,1334,0.00300000011920929,14,0,0.296884284794154,0.2508304886765,7.94764319801543,72.5222441818908,8
"126",2020-07-04,2137,73,263,4,4.1,3,0,0,3,0,1,4,3,0,266,3,1257,0.00317999988794327,40,0,0.308192741645697,0.286157383640853,2.97961833889429,72.5040462464278,3
"127",2020-07-05,2139,70,263,5,4.6,2,0,0,2,0,1,3,2,0,266,2,734,0.00272000014781952,47,0,0.255631255889824,0.306609510514855,1.98872958612901,69.6055355145154,2
"128",2020-07-06,2145,70,263,0,4.4,6,0,1,5,0,1,3,2,0,266,5,602,0,10,0,0,0.256932014763109,6,70,6
"129",2020-07-07,2152,71,263,6,3.9,7,0,1,6,0,1,2,1,0,266,6,1272,0.0039300000667572,21,0,0.386617175940848,0.250301301640543,6.94886381674277,70.3948884981227,7
"130",2020-07-08,2165,77,263,5,4,13,0,1,12,0,1,2,1,0,266,12,1684,0.00296999990940094,39,0,0.29027741424441,0.247611794136374,12.9232125214607,76.5072803460396,13
"131",2020-07-09,2173,81,263,5,4.1,8,0,0,8,1,0,3,3,0,267,8,1504,0.00266000002622604,41,0,0.258941102876632,0.256649139341652,7.95433463897094,80.5376382195808,8
"132",2020-07-10,2189,94,263,12,5.3,16,0,0,16,0,0,3,3,0,267,16,1900,0.00684000015258789,14,0.0714300012588501,0.73124453017455,0.318700602967423,15.7420838553634,92.4847426502601,16
"133",2020-07-11,2196,99,263,7,5.7,7,0,0,7,1,1,3,2,0,268,7,1571,0.00381999999284744,25,0,0.376016290022765,0.328389681307004,6.94197694180183,98.1793881769116,7
"134",2020-07-12,2219,119,263,9,6.3,23,0,2,21,1,1,4,3,0,269,21,1068,0.00842999994754791,13,0,0.832862159480219,0.410851238962775,22.6144432236089,116.815178267117,23
"135",2020-07-13,2242,137,263,6,7.1,23,0,2,21,0,0,4,4,0,269,21,808,0.00619000017642975,65,0,0.572911814725686,0.492695783923587,22.7347820045278,135.269768315253,23
"136",2020-07-14,2261,147,263,4,6.9,19,0,2,17,1,0,5,5,0,270,17,1406,0.00356000006198883,66,0,0.340038049399205,0.486041622989067,18.8725698035249,145.898103595186,19
"137",2020-07-15,2282,167,263,15,8.3,21,0,0,21,1,0,6,6,0,271,21,1404,0.00782999992370606,46,0,0.758159992612641,0.552881991327386,20.6490250884698,164.208913798784,21
"138",2020-07-16,2304,185,263,7,8.6,22,0,1,21,0,0,6,6,0,271,21,1695,0.00708000004291534,25,0.04,0.75584884143846,0.623868811121932,21.6500949893968,181.917503478019,22
"139",2020-07-17,2334,212,263,17,9.3,30,0,0,29,0,1,6,5,0,271,29,1787,0.00726999998092651,21,0,0.718555860946664,0.622056144089377,28.5406386525212,208.641910149465,30
"140",2020-07-18,2360,231,263,16,10.6,26,0,0,24,2,1,7,6,0,273,24,1551,0.00708999991416931,81,0,0.673810653607635,0.664598196030073,23.6435119057532,227.568802092875,26
"141",2020-07-19,2378,249,263,28,13.3,18,0,0,18,0,1,7,6,0,273,18,2025,0.0212299990653992,22,0,2.10018310246377,0.845644045027723,17.1666535683006,237.472041028159,18
"142",2020-07-20,2408,274,263,47,19.1,30,0,0,27,2,3,9,6,0,275,27,1548,0.0148599994182587,35,0.0285700011253357,1.51631264301018,0.980415591925508,26.0974974546904,264.841270466117,30
"143",2020-07-21,2432,293,263,23,21.9,24,0,0,23,0,3,9,6,0,275,23,1428,0.0161099994182587,15,0,1.59425358068423,1.15958923925194,22.1916840431686,282.702757593409,24
"144",2020-07-22,2459,313,263,13,21.6,27,0,1,23,2,3,10,7,0,277,23,1771,0.00902999997138977,16,0,0.894914938406899,1.17912566007969,23.5462616277075,306.825212585759,27
"145",2020-07-23,2478,321,263,29,24.7,19,0,1,17,1,3,11,8,0,278,17,1667,0.0101999998092651,32,0,1.0007886805206,1.21411706566285,17.6249516828658,313.918205305878,19
"146",2020-07-24,2501,336,263,34,27.1,23,0,1,18,0,3,8,5,0,278,18,2036,0.0122800004482269,83,0,1.17989999587494,1.28002337065261,18.5318191779702,327.260624655445,23
"147",2020-07-25,2513,335,263,26,28.6,12,0,1,10,1,3,9,6,0,279,10,2126,0.00800000011920929,320,0,0.695339339878943,1.28309889726279,10.8467174502207,329.865034582393,12
"148",2020-07-26,2520,337,263,21,27.6,7,0,0,6,2,4,11,7,0,281,6,1816,0.0121099996566772,73,0,1.16420113163186,1.14938718714395,5.84601614692744,328.351240252424,7
"149",2020-07-27,2535,339,264,22,24,15,0,1,13,1,4,11,7,1,282,13,1601,0.00874000012874603,24,0,0.861091704992148,1.05578419599852,13.7532320955616,332.565052338106,15
"150",2020-07-28,2555,328,264,14,22.7,20,0,2,17,1,4,12,8,0,283,17,1488,0.00739000022411346,24,0,0.727269863325452,0.931929379232978,18.7274536136832,322.741457958123,20
"151",2020-07-29,2571,323,264,20,23.7,16,2,2,12,2,4,13,9,0,285,14,2254,0.00620999991893768,52,0,0.606996522865808,0.890798177012822,15.8126687832051,318.678001212518,16
"152",2020-07-30,2591,333,264,19,22.3,20,1,0,18,1,4,14,10,0,286,19,1891,0.00898999989032745,134,0,0.839510607042431,0.867758452230227,18.6483782720684,326.83736655783,20
"153",2020-07-31,2601,320,264,18,20,10,0,1,9,1,3,15,12,0,287,9,2129,0.00797999978065491,207,0,0.727286795077667,0.803099423544901,9.85570737742127,314.869595641645,10
"154",2020-08-01,2618,307,264,15,18.4,17,0,0,17,1,2,15,13,0,288,17,1629,0.00551999986171722,83,0.0120500004291534,0.583658283315251,0.787144986892945,16.7812724492198,303.05003775944,17
"155",2020-08-02,2626,292,264,2,15.7,8,0,0,8,0,2,15,13,0,288,8,1340,0.00149000003933907,11,0,0.147786828476266,0.641942943585003,7.97393716639524,291.048706573426,8
"156",2020-08-03,2635,278,264,10,14,9,0,1,7,0,1,14,13,0,288,7,1046,0.0114699995517731,47,0,1.09767790769942,0.675740972543185,7.83061736735547,271.273089732117,9
"157",2020-08-04,2647,266,264,20,14.9,12,0,1,11,1,1,13,12,0,289,11,1699,0.0058899998664856,12,0,0.584869069150148,0.655398001946712,11.8581768083995,262.570457366751,12
"158",2020-08-05,2656,246,264,12,13.7,9,1,0,8,1,1,14,13,0,290,9,1599,0.005,70,0,0.479029358897543,0.637116978522675,8.90496128493554,243.402275121571,9
"159",2020-08-06,2666,222,264,12,12.7,10,0,0,10,1,2,12,10,0,291,10,1639,0.00305000007152557,10,0,0.303150401287472,0.560494091986252,9.93317267726567,220.516433435298,10
"160",2020-08-07,2678,223,264,6,11,12,0,3,9,1,2,12,10,0,292,9,1689,0,39,0,0,0.456595978403728,12,223,12
"161",2020-08-08,2684,206,264,14,10.9,6,1,1,4,0,1,12,11,0,292,5,1518,0.00725000023841858,95,0,0.682300084433937,0.470687664277826,5.9247959300887,202.901592319654,6
"162",2020-08-09,2686,197,264,16,12.9,2,0,1,1,2,2,14,12,0,294,1,1589,0.00441000014543533,102,0,0.414399185753799,0.508775143888902,1.99086486839219,195.200379073262,2
"163",2020-08-10,2698,198,264,8,12.6,12,2,0,10,0,1,14,13,0,294,12,1384,0.00578000009059906,27,0,0.566939767922686,0.432955409635084,11.85002665338,195.52543978077,12
"164",2020-08-11,2711,202,264,8,10.9,13,2,1,10,0,1,14,13,0,294,12,1460,0.00342000007629395,41,0,0.332658235269098,0.396925290509219,12.9120014653288,200.518691333035,13
"165",2020-08-12,2718,185,264,12,10.9,7,3,0,4,0,2,12,10,0,294,7,1486,0.00268999993801117,7,0,0.267738774808078,0.366740921353581,6.95868524070685,183.908109932967,7
"166",2020-08-13,2740,188,264,11,10.7,22,0,0,22,0,2,11,9,0,294,22,1689,0.00532999992370605,56,0,0.515895121555274,0.397133024248982,21.7498041988221,185.861963153571,22
"167",2020-08-14,2751,182,264,6,10.7,11,4,1,6,1,2,12,10,0,295,10,1882,0.00477999985218048,36,0,0.469028139822923,0.464137044223685,10.8966061244243,180.118231464523,11
"168",2020-08-15,2755,174,264,2,9,4,0,0,4,1,2,13,11,0,296,4,2044,0.00734000027179718,21,0,0.726535620123653,0.470456406465073,3.93593618196409,171.213223915438,4
"169",2020-08-16,2759,156,264,26,10.4,4,0,1,3,0,2,13,11,0,296,3,1196,0.00501999974250793,22,0,0.492932651234769,0.481675472962354,3.96740096411176,154.304850133811,4
"170",2020-08-17,2782,170,265,8,10.4,23,1,4,18,1,1,11,10,1,297,19,1358,0.00662999987602234,32,0,0.647736678535132,0.493217888764132,22.728701116769,167.572588939512,23
"171",2020-08-18,2808,189,265,15,11.4,26,1,1,24,0,1,9,8,0,297,25,1888,0.00583000004291534,77,0.0519500017166138,0.76372469278389,0.554798811266246,25.5791059791766,185.818041202575,26
"172",2020-08-19,2832,198,265,23,13,24,4,3,15,2,1,9,8,0,299,19,1519,0.0118499994277954,25,0.04,1.23057960691847,0.692347501567731,21.484582417289,192.628806243327,24
"173",2020-08-20,2849,206,266,24,14.9,17,1,0,16,3,0,8,8,1,302,17,1607,0.00995999991893768,103,0,0.936007009925898,0.752363485620677,16.64922879252,201.74947830936,17
"174",2020-08-21,2870,213,266,16,16.3,21,3,2,16,0,0,8,8,0,302,19,1804,0.00721000015735626,116,0.00861999988555908,0.729518764093518,0.789576431945048,20.6944474003815,209.574594541119,21
"175",2020-08-22,2889,223,266,16,18.3,19,1,0,18,1,0,9,9,0,303,19,1864,0.00589999973773956,73,0,0.567764559171221,0.766894851808986,18.7621967445326,220.208940738461,19
"176",2020-08-23,2906,233,266,13,16.4,17,0,1,15,0,0,9,9,0,303,15,694,0.0172899997234344,5,0,1.71663230444399,0.941709087981732,15.4323711569997,224.182831972062,17
"177",2020-08-24,2925,249,266,19,18,19,2,0,17,1,1,10,9,0,304,19,1142,0.00962999999523163,58,0,0.91645499954621,0.980097419554743,18.6161507814091,243.969554977414,19
"178",2020-08-25,2939,251,266,23,19.1,14,0,1,13,4,2,13,11,0,308,13,1647,0.0145700001716614,73,0,1.3951622257399,1.0703027814056,13.600180495525,243.280408028984,14
"179",2020-08-26,2957,259,266,15,18,18,1,4,13,0,2,13,11,0,308,14,1832,0.0049099999666214,41,0,0.480251998870817,0.96311312311308,17.851784667741,256.258016353208,18
"180",2020-08-27,2970,262,266,16,16.9,13,1,3,9,1,2,11,9,0,309,10,1469,0.00612999975681305,9,0,0.609267228874044,0.916436011534243,12.8656914272173,258.481115393094,13
"181",2020-08-28,2998,272,266,20,17.4,28,0,3,21,1,1,11,10,0,310,21,2137,0.00607999980449677,35,0,0.598202559033591,0.897676553668539,23.723074163396,268.413151068748,28
"182",2020-08-29,3019,286,266,12,16.9,21,0,2,18,0,1,11,10,0,310,18,1790,0.00726000010967255,11,0.0909099960327148,0.777091068999096,0.927580340786807,19.6916525665328,281.100701890466,21
"183",2020-08-30,3039,300,267,16,17.3,20,0,6,12,2,1,12,11,1,312,12,1402,0.00428000003099442,33,0,0.418157494317364,0.742083939340146,17.8893842302388,297.23460575597,20
"184",2020-08-31,3059,308,267,13,16.4,20,1,3,16,1,1,13,12,0,313,17,1353,0.00517000019550324,54,0,0.497157801315983,0.682184339592971,19.8136887433252,304.62447840848,20
"185",2020-09-01,3084,312,267,18,15.7,25,1,2,22,0,1,13,12,0,313,23,1361,0.0154299998283386,22,0.0909099960327148,1.6630693911127,0.720456791789084,24.1567931586032,300.561715890617,25
"186",2020-09-02,3120,322,267,15,15.7,36,1,9,26,0,1,11,10,0,313,27,1528,0.00261999994516373,51,0,0.253537676770752,0.688069031489075,35.8490955017276,320.200324131715,36
"187",2020-09-03,3142,323,267,24,16.9,22,1,4,17,1,1,10,9,0,314,18,1493,0.00938000023365021,133,0.00751999974250793,0.922785997207461,0.732857426965278,21.6338412507496,316.429484666229,22
"188",2020-09-04,3164,327,267,24,17.4,22,0,3,19,3,1,13,12,0,317,19,2705,0.00813000023365021,258,0.00774999976158142,0.809691210614641,0.763070091476856,21.6608678673277,321.163357506113,22
"189",2020-09-05,3189,334,267,17,18.1,25,1,11,13,2,1,15,14,0,319,14,2256,0.00398999989032745,164,0,0.371960320354493,0.705194270241913,24.885205636628,331.261334473839,25
"190",2020-09-06,3210,336,267,26,19.6,21,1,3,16,1,1,16,15,0,320,17,1310,0.00611000001430511,192,0.03125,0.932363516560566,0.778652273419513,19.6505942017035,329.094097163082,21
"191",2020-09-07,3251,361,267,29,21.9,41,2,6,33,0,1,14,13,0,320,35,1290,0.0147300004959106,44,0,1.4244153403092,0.91111763613283,39.9009926380567,349.664524066814,41
"192",2020-09-08,3303,398,267,24,22.7,52,0,14,36,3,1,16,15,0,323,36,1097,0.0127600002288818,4,0,1.27136423715562,0.855159756996105,48.9910528761222,386.845529019351,52
"193",2020-09-09,3348,429,267,15,22.7,45,2,10,31,0,1,15,14,0,323,33,1587,0.0144900000095367,29,0,1.42299690687715,1.02222536129702,41.9648249140741,415.542723882963,45
"194",2020-09-10,3425,491,267,33,24,77,1,21,52,2,2,16,14,0,325,53,1959,0.0127600002288818,61,0,1.23746734892968,1.06717984011448,72.5542089451005,477.605973434799,77
"195",2020-09-11,3455,505,267,60,29.1,30,0,1,25,0,1,14,13,0,325,25,2314,0.0155599999427795,93,0.0752699995040894,1.78670335776785,1.20675300399351,25.0153352806646,485.109772669425,30
"196",2020-09-12,3504,530,269,47,33.4,49,0,4,42,1,0,14,14,2,326,42,1900,0.0168400001525879,26,0,1.66126688940379,1.39093965671484,44.4618998490614,510.590640952441,49
"197",2020-09-13,3539,543,270,31,34.1,35,1,5,29,1,1,13,12,1,327,30,1199,0.0166799998283386,44,0,1.6089557356539,1.48759568801389,33.9359518863725,523.740729143341,35
"198",2020-09-14,3607,593,272,59,38.4,68,0,19,49,1,1,13,12,2,328,49,2394,0.0141999995708466,218,0.0412799978256226,1.6460121936674,1.51925238135077,66.2220274841924,571.48290404339,68
"199",2020-09-15,3680,642,273,41,40.9,73,0,15,55,1,1,13,12,1,329,55,2961,0.0121599996089935,28,0,1.20460886056306,1.5097158989804,68.5394895862458,624.951860261269,73
"200",2020-09-16,3757,682,274,41,44.6,77,0,7,67,1,0,13,13,1,330,67,1887,0.0190799999237061,162,0.00616999983787537,1.80592971350752,1.56442058564189,71.3327018640699,654.849293601428,77
"201",2020-09-17,3807,707,278,57,48,50,2,4,38,2,2,13,11,4,332,40,2512,0.0191100001335144,208,0.00481000006198883,1.80164707162801,1.6450176888845,42.4113595126682,678.92077938641,50
"202",2020-09-18,3895,775,278,47,46.1,88,1,6,78,0,2,13,11,0,332,79,2409,0.0128699994087219,281,0.0213499999046326,1.37558284568078,1.58628618715778,82.604425079937,751.499106796851,88
"203",2020-09-19,3965,825,280,47,46.1,70,2,4,60,0,2,12,10,2,332,62,2101,0.0214199995994568,161,0,1.98954107685494,1.6331824996508,63.2808039869205,788.817149825958,70
"204",2020-09-20,4008,857,280,76,52.6,43,1,4,34,2,2,13,11,0,334,35,2847,0.0186199998855591,112,0,1.79152212484578,1.6592634123925,37.6177514741856,823.154657525059,43
"205",2020-09-21,4117,937,280,55,52,109,2,22,82,1,3,14,11,0,335,84,2949,0.0189900004863739,73,0,1.85312744653596,1.68885130565944,102.568527762269,898.72274420531,109
"206",2020-09-22,4226,1016,280,85,58.3,109,0,27,81,3,3,17,14,0,338,81,2507,0.0135599994659424,64,0.03125,1.4000357316654,1.71676943010263,105.500114866462,984.643416102779,109
"207",2020-09-23,4331,1074,281,67,62,105,0,25,75,2,3,18,15,1,340,75,1896,0.0168799996376038,7,0.571430015563965,1.89198578149472,1.7290631541008,96.871940201339,1029.20618368317,105
"208",2020-09-24,4433,1129,282,38,59.3,102,2,19,75,2,3,20,17,1,342,77,2730,0.0128199994564056,55,0,1.25668217292594,1.65121102571479,93.8668956832414,1097.7237042387,102
"209",2020-09-25,4552,1192,284,57,60.7,119,5,16,86,3,3,22,19,2,345,91,3291,0.0133700001239777,59,0.0339000010490417,1.37315732745982,1.65086452311179,104.245405942968,1155.91784487932,119
"210",2020-09-26,4637,1239,286,76,64.9,85,3,14,66,3,4,23,19,2,348,69,3437,0.0299699997901916,12,0,2.98657260883992,1.79329759910965,78.4572578819146,1157.42815240134,85
"211",2020-09-27,4719,1269,287,109,69.6,82,2,12,64,2,4,24,20,1,350,66,2684,0.0331599998474121,13,0,3.30001629923819,2.00879676687999,73.1987321411434,1176.68471344108,82
"212",2020-09-28,4834,1339,288,86,74,115,3,11,97,6,4,29,25,1,356,100,3135,0.0258400011062622,192,0.0104200005531311,2.49501182970644,2.10049453590435,105.499926107251,1265.35401057609,115
"213",2020-09-29,4941,1370,291,58,70.1,107,5,18,74,4,3,29,26,3,360,79,2165,0.0263299989700317,79,0.0253200006484985,2.62944419881239,2.27612431692535,92.4208279085782,1290.58904094623,107
"214",2020-09-30,5024,1399,291,107,75.9,83,1,10,67,5,5,32,27,0,365,68,3170,0.0305999994277954,281,0.0142299997806549,2.92670611777675,2.42394150782278,73.6128352545014,1308.74053707423,83
"215",2020-10-01,5124,1434,293,105,85.4,100,2,11,78,3,5,31,26,2,368,80,3844,0.0226300001144409,120,0.00833000004291534,2.21971040476944,2.56151696951471,87.0854466174866,1363.83163061845,100
"216",2020-10-02,5220,1484,294,115,93.7,96,0,13,79,1,5,31,26,1,369,79,3362,0.021710000038147,197,0,2.05082945007727,2.65832727274577,88.4284843974626,1416.90975754221,96
"217",2020-10-03,5293,1496,295,65,92.1,73,2,6,64,5,6,33,27,1,374,66,3113,0.0301999998092651,485,0.0103100001811981,2.75188853513406,2.62480097650208,67.9962155405277,1405.24755225196,73
"218",2020-10-04,5351,1478,295,77,87.6,58,1,7,47,3,6,34,28,0,377,48,3118,0.0291899991035461,102,0,2.82653469580301,2.55716074743991,52.0091717557913,1385.90741364707,58
"219",2020-10-05,5429,1479,295,82,87,78,3,13,59,3,6,35,29,0,380,62,3821,0.0177999997138977,238,0.00839999973773956,1.72488294763206,2.447142335715,72.6425242540635,1422.76279631871,78
"220",2020-10-06,5505,1452,296,139,98.6,76,5,15,53,2,7,36,29,1,382,58,2158,0.0194599997997284,55,0,1.89763576899295,2.34259827431222,70.5737431945229,1391.2599158353,76
"221",2020-10-07,5606,1466,296,174,108.1,101,12,22,63,3,10,38,28,0,385,75,2268,0.0313100004196167,76,0,3.02948297575472,2.35728068259479,91.9912922180104,1368.09645855471,101
"222",2020-10-08,5686,1425,296,85,105.3,80,5,14,55,2,9,38,29,0,387,60,2434,0.0271199989318848,182,0,2.52332100153698,2.40065362499015,70.6625123460329,1345.73466821828,80
"223",2020-10-09,5770,1427,296,97,102.7,84,5,19,58,2,9,39,30,0,389,63,2508,0.0207299995422363,247,0.00810000002384186,1.95976547578285,2.38764448580523,79.278298032665,1365.35129035894,84
"224",2020-10-10,5835,1412,297,67,103,65,5,7,51,6,9,45,36,1,395,56,2628,0.0300600004196167,21,0,2.98216991705371,2.42054182607947,59.3185718652018,1319.17541917259,65
"225",2020-10-11,5899,1377,297,140,112,64,6,6,48,5,10,48,38,0,400,54,2660,0.0233100008964539,238,0.0168099999427795,2.2776184393012,2.34212521800778,57.288743257284,1307.86295306074,64
"226",2020-10-12,5961,1349,297,63,109.3,62,2,14,43,3,10,48,38,0,403,45,1994,0.0150499999523163,237,0.0126600003242493,1.47961093598233,2.30708635920068,57.5322369126319,1304.99972433645,62
"227",2020-10-13,6046,1371,298,74,100,85,4,10,68,1,7,47,40,1,404,72,2117,0.0302300000190735,18,0,2.9975133508374,2.4642117280356,77.2423823390234,1280.40703037224,85
"228",2020-10-14,6113,1376,300,84,87.1,67,1,16,49,2,7,47,40,2,406,50,3004,0.0296300005912781,110,0.0363599991798401,2.98677333609447,2.45811035094128,62.707936641057,1285.40241636189,67
"229",2020-10-15,6199,1403,300,107,90.3,86,3,25,52,5,8,51,43,0,411,55,2119,0.021710000038147,105,0.00952000021934509,2.11344829603708,2.39955710729843,77.437580490774,1337.63500779193,86
"230",2020-10-16,6274,1424,301,78,87.6,75,2,10,59,4,8,49,41,1,415,61,3126,0.0214299988746643,280,0.0035699999332428,1.99617664308598,2.40475870262745,68.3157391341271,1361.33791027864,75
"231",2020-10-17,6321,1406,302,64,87.1,47,1,10,36,6,8,51,43,1,421,37,3037,0.0214000010490417,149,0,2.03991849296735,2.2701513563294,45.3361642394716,1342.77424109992,47
"232",2020-10-18,6378,1373,305,74,77.7,57,1,11,40,2,6,49,43,3,423,41,1144,0.0271000003814697,37,0.0540500020980835,2.79443272769098,2.34398196895651,49.4743484635526,1288.4214741575,57
"233",2020-10-19,6442,1351,307,69,78.6,64,1,6,57,3,6,48,42,2,426,58,1334,0.0374799990653992,27,0,3.67364575703472,2.65741551482114,59.3029932484633,1241.59213583921,64
"234",2020-10-20,6520,1355,309,46,74.6,78,3,14,57,4,5,47,42,2,430,60,1595,0.0250799989700317,48,0.0208299994468689,2.49558358677117,2.58571126281168,70.6991994259873,1280.45692037021,78
"235",2020-10-21,6608,1377,312,69,72.4,88,1,46,40,4,4,46,42,3,434,41,2258,0.0305599999427795,446,0.00897000014781952,2.69989274913919,2.54472832181807,84.5597951589476,1295.04482765539,88
"236",2020-10-22,6675,1365,312,88,69.7,67,2,24,37,2,3,46,43,0,436,39,2238,0.0268099999427795,87,0.0114900004863739,2.62367354469915,2.61761764305551,60.7443572427801,1286.0525034973,67
"237",2020-10-23,6754,1367,313,92,71.7,79,1,13,64,2,3,39,36,1,438,65,2768,0.0245700001716614,65,0.0153799998760223,2.4359145946735,2.68043735042515,74.5096311087796,1293.59485731849,79
"238",2020-10-24,6819,1360,317,63,71.6,65,2,17,41,2,3,39,36,4,440,43,2358,0.0211999988555908,191,0,1.96114544140773,2.6691840573452,58.1410223282673,1301.20442712659,65
"239",2020-10-25,6889,1341,319,69,70.9,70,1,24,42,3,3,41,38,2,443,43,1751,0.0308400011062622,77,0,2.95409419787008,2.69199283879936,64.1998021982023,1253.67290111138,70
"240",2020-10-26,6962,1300,320,78,72.1,73,1,16,51,4,3,42,39,1,447,52,995,0.0392000007629395,121,0.0165299999713898,3.67420526484435,2.69207276848645,63.788249133393,1194.70622833483,73
"241",2020-10-27,7040,1270,322,61,74.3,78,0,15,60,1,3,34,31,2,448,60,1354,0.0288000011444092,116,0,2.65273479928776,2.71452294170311,71.4913423078241,1195.73341218228,78
"242",2020-10-28,7152,1277,325,94,77.9,112,2,69,38,2,2,32,30,3,450,40,1900,0.0405299997329712,166,0.01807000041008,3.87253724882471,2.88204358451532,105.585308210989,1167.98596463583,112
"243",2020-10-29,7216,1262,326,65,74.6,64,0,18,42,9,2,40,38,1,459,42,2190,0.0292199993133545,96,0,2.79929127280168,2.90713183138712,57.4082488751927,1184.12404953555,64
"244",2020-10-30,7266,1231,328,122,78.9,50,1,9,36,4,2,43,41,2,463,37,2789,0.0358599996566772,105,0.0571400022506714,3.66320799166528,3.0824594595288,43.0121470657781,1131.59332535062,50
"245",2020-10-31,7305,1161,329,83,81.7,39,0,5,32,2,2,42,40,1,465,32,2352,0.0276399993896484,322,0,2.43116224997955,3.1496047178962,35.2850169303802,1098.77827050536,39
"246",2020-11-01,7355,1120,332,50,79,50,1,6,40,1,2,40,38,3,466,41,1714,0.0256699991226196,104,0,2.42015283257261,3.07332737999656,44.8126284238464,1060.24741060263,50
"247",2020-11-02,7419,1072,332,56,75.9,64,3,8,47,6,2,45,43,0,472,50,1030,0.0174800002574921,14,0.0714300012588501,1.82034677038704,2.80849045221695,55.9935883212358,1028.9825336073,64
"248",2020-11-03,7490,1000,333,36,72.3,71,1,36,33,1,2,46,44,1,473,34,1456,0.0219799995422363,13,0,2.17854862719511,2.74074957048943,68.3671657916844,951.975464461307,71
"249",2020-11-04,7555,924,337,53,66.4,65,5,1,51,1,1,43,42,4,474,56,1466,0.0272900009155273,295,0.0033899998664856,2.32863096551825,2.52019153001707,54.1253524143618,876.56831483697,65
"250",2020-11-05,7602,881,337,45,63.6,47,0,6,34,5,2,46,44,0,479,34,2536,0.0240499997138977,41,0,2.36673648717286,2.45839798921296,38.2261179529878,835.035585781831,47
"251",2020-11-06,7675,874,341,79,57.4,73,1,12,57,4,3,48,45,4,483,58,2342,0.0234800004959106,116,0.0258599996566772,2.35923194148077,2.27211569632945,66.9835609935018,828.545384626217,73
"252",2020-11-07,7710,839,346,75,56.3,35,3,4,25,3,4,48,44,5,486,28,2499,0.0276099991798401,142,0,2.61254782091709,2.2980279207491,30.3874314142146,790.680534161645,35
"253",2020-11-08,7747,777,346,47,55.9,37,1,5,29,1,4,49,45,0,487,30,1176,0.0204099988937378,92,0.0108700001239777,1.97178223268467,2.23397497790797,33.6960044215761,743.226514518821,37
"254",2020-11-09,7817,745,350,31,52.3,70,3,24,41,7,4,48,44,4,494,44,711,0.0210999989509583,20,0.1,2.3258685710166,2.30619237799791,65.7440277054541,706.80228728553,70
"255",2020-11-10,7884,754,350,51,54.4,67,0,11,54,3,5,49,44,0,497,54,1374,0.0334800004959106,17,0,3.30708272332,2.46741153458718,61.0632781252544,699.031698267442,67
"256",2020-11-11,7941,754,353,78,58,57,0,6,49,2,5,48,43,3,499,49,2375,0.0261100006103516,241,0.0290499997138977,2.63808491516186,2.51161924167912,52.1504205791612,710.151369728317,57
"257",2020-11-12,7983,744,355,58,59.9,42,1,8,31,3,3,45,42,2,502,32,2318,0.0215700006484985,214,0.00467000007629395,2.01416435701211,2.4612517945133,38.5791743139577,710.965802799515,42
"258",2020-11-13,8021,720,357,81,60.1,38,1,7,26,0,3,38,35,2,502,27,2719,0.0217000007629395,200,0,2.02131901591067,2.41297851943186,32.7969199062269,687.91786416605,38
"259",2020-11-14,8042,697,357,51,56.7,21,3,2,14,3,3,39,36,0,505,17,1710,0.015789999961853,245,0.0163300001621246,1.58576726212221,2.26629558246116,18.4057293466628,672.634903213176,21
"260",2020-11-15,8072,653,360,29,54.1,30,1,1,25,0,2,37,35,3,505,26,984,0.0152400004863739,306,0.00653999984264374,1.31762794034426,2.17284496926967,26.244799865605,634.032858163079,30
"261",2020-11-16,8116,614,363,11,51.3,44,0,3,39,3,2,35,33,3,508,39,735,0.0122399997711182,53,0,1.1416751055548,2.0036744742037,41.018471185889,598.547213029124,44
"262",2020-11-17,8157,591,363,38,49.4,41,1,10,29,1,2,34,32,0,509,30,1828,0.020789999961853,38,0,2.03666237568421,1.82218585311287,38.6530973407654,564.466017613079,41
"263",2020-11-18,8198,584,363,66,47.7,41,3,6,30,1,2,34,32,0,510,33,2684,0.0204900002479553,20,0.05,2.07082694768906,1.74114900061676,37.4935536731305,557.34046500328,41
"264",2020-11-19,8218,568,364,53,47,20,2,1,17,0,2,32,30,1,510,19,2476,0.0121200001239777,187,0.0160399997234344,1.23952685900304,1.63048650090118,19.4808349384462,552.479697107233,20
"265",2020-11-20,8243,525,364,29,39.6,25,1,2,20,1,2,32,30,0,511,21,2643,0.00757000029087067,222,0.0225200009346008,0.872842966012306,1.46641849377284,22.5959349137901,514.898372844752,25
"266",2020-11-21,8272,495,365,27,36.1,29,4,4,19,2,2,33,31,1,513,23,1495,0.0187300002574921,71,0,1.7880811229215,1.49532047388702,26.0934099058783,475.488604496075,29
"267",2020-11-22,8299,481,368,26,35.7,27,3,4,19,3,4,33,29,3,516,22,1220,0.0147500002384186,36,0,1.4327229530948,1.51176261856567,25.3051663949934,465.808410726902,27
"268",2020-11-23,8339,463,370,20,37,40,2,10,25,1,3,28,25,2,517,27,922,0.0173500001430511,13,0,1.71087701945381,1.5930771776941,35.9816936026442,445.537931037935,40
"269",2020-11-24,8383,473,370,21,34.6,44,2,7,34,1,3,24,21,0,518,36,1403,0.00855000019073486,41,0.0975599956512451,1.10772923056108,1.46037244267651,42.1209126475742,461.449768952849,44
"270",2020-11-25,8438,481,371,38,30.6,55,4,10,39,2,2,24,22,1,520,43,2618,0.0122200000286102,72,0.0138900005817413,1.22646989281736,1.33975000626627,51.8374242431692,467.9953735108,55
"271",2020-11-26,8483,496,372,60,31.6,45,3,4,37,3,2,24,22,1,523,40,3059,0.0143799996376038,224,0.00446000009775162,1.37031553193196,1.35843410239897,42.7916952389129,481.01702096252,45
"272",2020-11-27,8529,507,374,56,35.4,46,2,3,40,3,1,25,24,2,526,42,3154,0.0177600002288818,336,0.00298000007867813,1.63370546556817,1.46712874519267,43.4874178621104,488.740972764047,46
"273",2020-11-28,8574,510,375,60,40.1,45,2,3,40,2,1,26,25,1,528,42,2597,0.0119400000572205,191,0,1.11220158352229,1.3705745252785,43.9702573172311,497.495981709235,45
"274",2020-11-29,8619,524,377,23,39.7,45,0,4,38,5,1,29,28,2,533,38,898,0.0245000004768372,12,0,2.41769235474723,1.51128443980027,39.9747411021329,496.072745724149,45
"275",2020-11-30,8663,531,378,45,43.3,44,1,7,35,1,1,26,25,1,534,36,1135,0.0229099988937378,61,0,2.17415123280873,1.57746647027955,41.274606466731,505.550445384282,44
"276",2020-12-01,8716,551,378,34,45.1,53,2,11,39,3,1,28,27,0,537,41,1906,0.0141700005531311,113,0.0176999998092651,1.43675686145195,1.62447041754967,50.701436918245,533.548579072024,53
"277",2020-12-02,8758,565,379,50,46.9,42,1,5,34,6,1,32,31,1,543,35,2859,0.0101400005817413,81,0.0123500001430511,1.0200888324757,1.59498740892943,39.2129506717587,552.294775129819,42
"278",2020-12-03,8796,564,380,40,44,38,0,6,31,3,1,34,33,1,546,31,3327,0.0102199995517731,202,0,0.963500666158941,1.53687099953329,36.3415699729707,552.020821443726,38
"279",2020-12-04,8838,567,382,54,43.7,42,1,5,32,2,1,32,31,2,548,33,2994,0.0110199999809265,165,0.0121200001239777,1.10774548791865,1.46173385986907,37.1941581003456,553.154170996847,42
"280",2020-12-05,8873,556,382,45,41.6,35,3,2,29,1,1,32,31,0,549,32,2277,0.0184500002861023,209,0,1.68988940673592,1.54426069175673,32.8079233617146,535.287668409791,35
"281",2020-12-06,8912,549,383,33,43,39,0,7,30,1,2,32,30,1,550,30,1397,0.0157500004768372,20,0,1.55276998349623,1.42070035300659,35.9731091196458,530.207896889517,39
"282",2020-12-07,8965,551,384,24,40,53,0,4,44,2,1,32,31,1,552,44,1068,0.0168499994277954,25,0.04,1.73795053878184,1.3583859681456,46.3142778084536,529.890160737681,53
"283",2020-12-08,9012,556,384,58,43.4,47,1,1,44,0,1,29,28,0,552,45,2367,0.01942999958992,69,0,1.88796424586785,1.4228441659193,44.1271534543533,532.859940458231,47
"284",2020-12-09,9067,567,386,39,41.9,55,2,3,48,1,3,26,23,2,553,50,2911,0.00962000012397766,167,0.00598999977111816,0.942305078709412,1.41173220109555,51.9613781584707,555.222028317057,55
"285",2020-12-10,9111,565,386,57,44.3,44,2,0,42,1,3,25,22,0,554,44,3091,0.0139100003242493,252,0.00397000014781952,1.3160709255012,1.46209938100158,42.7234792272504,548.608312804466,44
"286",2020-12-11,9150,549,386,49,43.6,39,6,2,30,1,2,25,23,0,555,36,3047,0.0118099999427795,32,0,1.16872587936503,1.47081086549392,37.0725060685795,534.855717545837,39
"287",2020-12-12,9179,534,387,56,45.1,29,2,5,22,0,2,22,20,1,555,24,2616,0.0156700003147125,24,0,1.5527545766397,1.45122017548018,28.17849544691,515.721523693747,29
"288",2020-12-13,9219,532,388,28,44.4,40,5,2,33,0,2,21,19,1,555,38,1502,0.0119799995422363,47,0,1.16165005244926,1.39534589961632,39.0269059252675,518.376682953745,40
"289",2020-12-14,9261,529,388,19,43.7,42,3,4,35,2,2,22,20,0,557,38,917,0.0174500000476837,20,0,1.70775347318313,1.39103203310222,40.5694445738159,509.0851626197,42
"290",2020-12-15,9309,539,389,51,42.7,48,2,7,38,1,1,22,21,1,558,40,2079,0.0134700000286102,49,0,1.31598355542672,1.30932050589635,45.8396036106424,523.363658653407,48
"291",2020-12-16,9363,555,389,54,44.9,54,3,4,46,0,1,20,19,0,558,49,2312,0.0168700003623962,94,0,1.62109064164007,1.4062898720293,51.2489469898476,535.166644476845,54
"292",2020-12-17,9400,550,390,60,45.3,37,1,5,29,2,0,20,20,1,560,30,3207,0.0134099996089935,83,0.0241000008583069,1.36796865706023,1.41370383368059,34.0953234841759,533.414263876558,37
"293",2020-12-18,9441,539,390,23,41.6,41,3,4,34,0,0,19,19,0,560,37,3298,0.00727999985218048,170,0.00587999999523163,0.72113724082124,1.34976259960291,40.4118128083727,530.431543343591,41
"294",2020-12-19,9480,536,390,46,40.1,39,1,7,28,3,0,22,22,0,563,29,2799,0.0117900002002716,140,0,1.12283805922287,1.28834595425765,35.2821874652785,522.732844185836,39
"295",2020-12-20,9524,531,390,24,39.6,44,5,2,34,0,0,19,19,0,563,39,1360,0.0161800003051758,51,0,1.55951810170369,1.34518424700828,39.6592403167046,512.745041235132,44
"296",2020-12-21,9598,551,390,28,40.9,74,7,8,59,1,0,18,18,0,564,66,1365,0.00658999979496002,32,0.03125,0.715486737302823,1.20343185616824,72.9590222702708,542.309413195746,74
"297",2020-12-22,9680,593,390,66,43,82,5,7,68,2,0,18,18,0,566,73,3021,0.0225099992752075,48,0,2.21579367254487,1.33197615861369,76.4342729709595,564.034573586014,82
"298",2020-12-23,9781,661,390,53,42.9,101,5,6,89,1,1,16,15,0,567,94,2652,0.0199800002574921,199,0.0150800001621246,1.96379799070964,1.38093435133791,95.9306918328442,632.38497129266,101
"299",2020-12-24,9854,689,390,56,42.3,73,11,5,55,2,1,16,15,0,569,66,3469,0.01557000041008,144,0,1.49494413015686,1.39907370463743,68.8249721964811,666.294027929932,73
"300",2020-12-25,9918,719,390,52,46.4,64,6,2,55,0,1,13,12,0,569,61,2537,0.0295600008964539,161,0,2.77960423551903,1.69314041816568,59.2622632130974,674.943725413394,64
"301",2020-12-26,10011,761,390,86,52.1,93,5,4,83,2,2,15,13,0,571,88,951,0.0199800002574921,50,0,1.89819982466283,1.80390638465711,88.317688568207,729.156375004609,93
"302",2020-12-27,10122,826,391,35,53.7,111,8,6,95,2,4,15,11,1,573,103,1480,0.0270300006866455,32,0.0625,2.77806885028012,1.97798506302517,102.692225709324,775.415324620403,111
"303",2020-12-28,10256,922,391,65,59,134,15,7,110,1,2,15,13,0,574,125,1188,0.04125,39,0.0256399989128113,4.07538385962507,2.45797036621406,120.770137228221,839.168532195362,134
"304",2020-12-29,10376,998,391,112,65.6,120,5,15,100,3,4,14,10,0,577,105,1880,0.0505299997329712,25,0.04,5.03918107600976,2.8613114238519,108.336062641327,887.137052533752,120
"305",2020-12-30,10513,1089,391,88,70.6,137,12,10,115,3,5,15,10,0,580,127,2458,0.0573600006103516,62,0,5.59487625000969,3.38003688946619,121.336452763307,954.688165820795,137
"306",2020-12-31,10638,1176,391,147,83.6,125,0,9,116,2,5,15,10,0,582,116,2652,0.0331800007820129,144,0,3.14711595400209,3.6160614357298,116.952395053056,1094.41393605512,125
"307",2021-01-01,10755,1232,392,88,88.7,117,0,5,111,2,6,15,9,1,584,111,2759,0.0391400003433228,134,0.0149300003051758,3.80186246070242,3.76209832504171,106.697165488913,1128.74691785892,117
"308",2021-01-02,10867,1290,392,133,95.4,112,4,8,100,2,6,17,11,0,586,104,2369,0.0295499992370605,431,0,2.50014100687844,3.84808992250108,106.268163973791,1218.90318775184,112
"309",2021-01-03,10990,1317,393,107,105.7,123,0,5,118,3,5,20,15,1,589,118,1516,0.0600299978256226,126,0.0238100004196167,5.72506313986087,4.26908910672691,108.107822526822,1150.78815481207,123
"310",2021-01-04,11166,1429,393,115,112.9,176,5,30,141,5,8,23,15,0,594,146,1386,0.0533900022506714,155,0.00644999980926514,4.86685873393035,4.38215694591337,160.336186217044,1275.68774043943,176
"311",2021-01-05,11309,1505,395,105,111.9,143,2,19,122,6,8,25,17,2,600,124,2417,0.0575099992752075,97,0.0103100001811981,5.56888378145397,4.45782876097683,127.777507987148,1320.24314129562,143
"312",2021-01-06,11493,1601,395,132,118.1,184,11,42,130,7,7,30,23,0,607,141,2627,0.0513899993896484,211,0.0142200005054474,4.86264793880394,4.35322471651887,167.885706372303,1429.38309150395,184
"313",2021-01-07,11609,1635,395,188,124,116,2,7,106,6,9,34,25,0,613,108,2311,0.048899998664856,91,0.0109899997711182,4.74637747267502,4.58169064775786,103.699908901147,1463.92917642014,116
"314",2021-01-08,11742,1667,395,186,138,133,6,13,113,0,11,32,21,0,613,119,2661,0.0368300008773804,249,0,3.36785678126148,4.51968983640915,123.165204703826,1543.23862387629,133
"315",2021-01-09,11842,1678,397,153,140.9,100,6,2,92,4,11,32,21,2,617,98,3020,0.0324499988555908,375,0.00266999989748001,2.91606027998348,4.57910687542416,93.7003200192618,1570.13405094205,100
"316",2021-01-10,11935,1663,397,120,142.7,93,5,3,83,5,11,36,25,0,622,88,1824,0.0509899997711182,78,0,4.88989272252994,4.45979681580545,81.5141136151925,1483.73830615983,93
"317",2021-01-11,12098,1713,397,66,135.7,163,2,25,134,3,13,36,23,0,625,136,1608,0.0342000007629395,115,0,3.1917354165297,4.22049348474822,151.431106825994,1592.4741617127,163
"318",2021-01-12,12238,1740,398,160,143.6,140,1,22,115,4,13,37,24,1,629,116,2211,0.0705600023269653,74,0.0135099995136261,6.87124311198813,4.40654481768167,120.429293719104,1476.43940578656,140
"319",2021-01-13,12327,1728,402,172,149.3,89,1,9,76,2,11,36,25,4,631,77,2532,0.0375200009346008,173,0.0115600001811981,3.58597125315181,4.22416243401708,79.9131381628018,1591.40133435482,89
"320",2021-01-14,12419,1715,402,130,141,92,2,14,75,9,10,43,33,0,640,77,2581,0.0337100005149841,146,0,3.19052113418313,4.00189724280395,85.584378969752,1594.37934978084,92
"321",2021-01-15,12514,1683,404,144,135,95,6,7,80,5,11,43,32,2,645,86,2923,0.0372900009155273,206,0.00485000014305115,3.51542897748658,4.02297898512182,86.335421394327,1552.57574658898,95
"322",2021-01-16,12575,1634,405,119,130.1,61,0,1,58,2,9,41,32,1,647,58,2470,0.0323900008201599,289,0,2.89972098679938,4.02064480038124,55.2925088717419,1529.55102580045,61
"323",2021-01-17,12655,1574,407,74,123.6,80,2,3,72,2,9,41,32,2,649,74,2036,0.026029999256134,32,0,2.5627213967838,3.68819175384607,72.8194922797747,1485.07947092386,80
"324",2021-01-18,12777,1596,408,64,123.3,122,2,45,73,7,10,45,35,1,656,75,1021,0.0391799998283386,48,0,3.74207481990026,3.7668116686133,113.813149167292,1464.34381427998,122
"325",2021-01-19,12851,1537,415,81,112,74,3,24,47,8,9,47,38,7,664,50,2337,0.0410799980163574,89,0,3.95729412053699,3.35053324126313,69.6382150539032,1402.91873075698,74
"326",2021-01-20,12912,1495,415,166,111.1,61,1,8,50,2,7,39,32,0,666,51,3065,0.0225099992752075,163,0.00612999975681305,2.16828803404187,3.14800706710457,56.5622842442425,1423.5414695126,61
"327",2021-01-21,12983,1464,417,81,104.1,71,1,9,60,3,7,39,32,2,669,61,2636,0.0242799997329712,117,0,2.32481217929938,3.02433435926404,66.8738225772692,1388.97174185446,71
"328",2021-01-22,13061,1432,418,95,97.1,78,1,3,73,5,6,39,33,1,674,74,2311,0.0307200002670288,111,0.00901000022888184,2.97250332958338,2.94677355242072,72.1510245579898,1338.16577252759,78
"329",2021-01-23,13110,1367,418,84,92.1,49,1,4,41,4,9,41,32,0,678,42,2122,0.0329900002479553,276,0,2.91929860409346,2.9495703548913,43.2971389171535,1279.02830713688,49
"330",2021-01-24,13156,1283,419,44,87.9,46,2,9,35,2,8,39,31,1,680,37,1247,0.0224499988555908,36,0,2.18200690357925,2.8951825701478,44.220271482213,1221.28671112647,46
"331",2021-01-25,13219,1224,419,29,82.9,63,1,18,43,4,7,40,33,0,684,44,825,0.0206100010871887,48,0,1.94768051511234,2.63884052660667,60.1108505719221,1171.44729772802,63
"332",2021-01-26,13281,1162,420,74,81.9,62,1,19,40,8,5,42,37,1,692,41,2354,0.024210000038147,79,0,2.3423896461076,2.40813988740247,57.8829119949727,1101.99862775996,62
"333",2021-01-27,13359,1121,422,80,69.6,78,0,27,50,1,4,32,28,2,693,50,2800,0.0196399998664856,175,0.00570999979972839,1.88205880978528,2.36724999822296,74.9255684479989,1074.49124460414,78
"334",2021-01-28,13397,1060,422,66,67.4,38,1,3,33,3,5,32,27,0,696,34,2355,0.0212299990653992,209,0.0287100005149841,2.18397183723271,2.34712994935629,35.3631010658584,1008.96726852382,38
"335",2021-01-29,13424,954,422,73,64.3,27,1,2,24,3,4,33,29,0,699,25,2847,0.0122899997234344,180,0.00555999994277954,1.18898015204223,2.09234092399327,26.3447447207081,928.995458542219,27
"336",2021-01-30,13443,857,423,42,58.3,19,1,6,12,2,5,35,30,1,701,13,2155,0.0157799994945526,216,0,1.43424288953019,1.88019010762709,18.5889809293793,829.904358190621,19
"337",2021-01-31,13485,798,424,25,55.6,42,3,5,34,4,6,34,28,1,705,37,922,0.0195200002193451,24,0,1.90247782264653,1.84025738177955,40.4482661214925,764.532874728405,42
"338",2021-02-01,13529,711,424,27,55.3,44,6,7,29,4,5,31,26,0,709,35,548,0.0292000007629395,29,0,2.77324097367259,1.9581945901453,39.8603064989125,667.533654877908,44
"339",2021-02-02,13572,649,425,59,53.1,43,4,5,32,3,5,29,24,1,712,36,2439,0.0221399998664856,107,0.0280399990081787,2.23879574109322,1.94339546085754,39.2233049680715,616.970136785511,43
"340",2021-02-03,13635,634,425,54,49.4,63,4,22,36,2,4,28,24,0,714,40,2865,0.0129100000858307,212,0,1.20205233168362,1.84625167827158,60.9400648816982,617.200028374916,63
"341",2021-02-04,13717,636,425,51,47.3,82,3,43,33,2,5,27,22,0,716,36,2814,0.0127900004386902,90,0,1.23936161275738,1.71130736048939,78.0164499691813,618.623949455537,82
"342",2021-02-05,13773,633,427,72,47.1,56,1,8,46,2,5,23,18,2,718,47,2435,0.0160199999809265,149,0,1.50962461120573,1.75711371179847,53.4359063944508,611.934654206113,56
"343",2021-02-06,13798,602,427,61,49.9,25,1,4,19,3,6,23,17,0,721,20,2369,0.0143499994277954,205,0.0146300005912781,1.43722994427581,1.75754043390498,23.3663460188629,582.927015167773,25
"344",2021-02-07,13823,557,429,33,51,25,1,2,19,3,4,25,21,2,724,20,1004,0.0249000000953674,75,0,2.31692308579693,1.81674690006933,20.9785019835198,528.551280241026,25
"345",2021-02-08,13871,555,431,24,50.6,48,1,7,39,2,5,23,18,2,726,40,852,0.0140799999237061,29,0,1.36165266004513,1.61509142669397,45.7993339097895,538.34075799833,48
"346",2021-02-09,13926,574,431,42,48.1,55,5,8,39,0,2,20,18,0,726,44,2244,0.0178299999237061,149,0,1.67198160588368,1.5341179788069,50.378264263567,552.843720165625,55
"347",2021-02-10,13981,589,432,41,46.3,55,0,5,49,3,4,21,17,1,729,49,2791,0.0125399994850159,100,0,1.21062395581734,1.53534249654028,52.6923206713155,573.281160722548,55
"348",2021-02-11,14039,613,433,51,46.3,58,1,11,44,1,3,18,15,1,730,45,2563,0.0152199995517731,58,0,1.48831968146488,1.57090793492707,54.5235979016286,592.888122526629,58
"349",2021-02-12,14090,616,435,52,43.4,51,0,8,42,3,2,18,16,2,733,42,2612,0.0157000005245209,173,0,1.47247401687786,1.56560070716595,48.6366955712782,596.004868378747,51
"350",2021-02-13,14125,617,435,45,41.1,35,0,4,30,6,2,22,20,0,739,30,2099,0.0219199991226196,46,0.0217400002479553,2.19161390068926,1.67336984379644,32.5506234974944,587.191156598469,35
"351",2021-02-14,14165,590,437,49,43.4,40,0,4,34,4,2,22,20,2,743,34,1175,0.0170200002193451,10,0,1.6876371525511,1.58347185333275,36.7351066487519,568.050380081283,40
"352",2021-02-15,14227,612,438,34,44.9,62,2,8,51,4,2,24,22,1,747,53,867,0.0265300011634827,26,0,2.57575711184093,1.75691534644643,57.990622342388,577.25020516116,62
"353",2021-02-16,14280,609,438,61,47.6,53,3,13,34,3,2,25,23,0,750,37,1561,0.0333100008964539,23,0,3.28263329541442,1.98700844495083,47.3225583843466,564.930758272084,53
"354",2021-02-17,14338,626,439,50,48.9,58,5,6,44,2,2,26,24,1,752,49,2063,0.0184200000762939,222,0,1.66303983183345,2.0516392843817,53.2036347451928,603.050517356953,58
"355",2021-02-18,14410,643,439,68,51.3,72,3,12,53,3,3,27,24,0,755,56,2348,0.0212899994850159,116,0,2.02877105482213,2.12884662343274,65.495523377935,614.243241643075,72
"356",2021-02-19,14464,648,440,58,52.1,54,2,16,33,1,3,27,24,1,756,35,2576,0.0151400005817413,96,0,1.45960484650321,2.12700817052207,49.8738421818127,627.149992394704,54
"357",2021-02-20,14512,627,440,66,55.1,48,0,3,44,4,3,27,24,0,760,44,2384,0.0255900001525879,68,0,2.48803264126303,2.16935370488975,44.5867369392408,592.611001384181,48
"358",2021-02-21,14552,613,440,53,55.7,40,0,7,31,2,4,25,21,0,762,31,1000,0.03,28,0,2.91828793774319,2.34516095991719,36.0057217672847,573.564756236953,40
"359",2021-02-22,14617,629,440,32,55.4,65,0,11,54,1,6,24,18,0,763,54,863,0.0150600004196167,66,0,1.39900757396439,2.17705388307769,63.3346338207617,609.601568023317,65
"360",2021-02-23,14672,635,440,47,53.4,55,0,7,47,3,6,26,20,0,766,47,2036,0.019650000333786,84,0,1.88714154149001,1.97769791823135,52.0447682186014,608.583570613019,55
"361",2021-02-24,14720,642,441,60,54.9,48,2,10,36,1,6,25,19,1,767,38,2874,0.0187899994850159,41,0,1.85257147581254,2.00477386737122,46.448133048046,615.781616232777,48
"362",2021-02-25,14753,637,441,44,51.4,33,1,5,25,1,6,24,18,0,768,26,2376,0.0185199999809265,128,0.00781000018119812,1.79725239528254,1.97169977315127,29.9699024975863,611.762611190865,33
"363",2021-02-26,14818,639,441,56,51.1,65,5,12,43,1,6,22,16,0,769,48,2639,0.0181900000572205,181,0,1.70224858691506,2.00636316463868,58.1988074797138,615.02162457369,65
"364",2021-02-27,14865,644,442,71,51.9,47,0,5,34,3,6,24,18,1,772,34,2535,0.0209100008010864,47,0.0212800002098083,2.09167358794017,1.94974044273542,37.4322791126236,614.305522015577,47
"365",2021-02-28,14931,657,442,50,51.4,66,2,9,54,7,6,29,23,0,779,56,1552,0.0257699990272522,94,0,2.42983222905804,1.87996105578039,62.0004215119535,621.808516667026,66
"366",2021-03-01,15008,672,442,55,54.7,77,4,6,65,3,6,30,24,0,782,69,996,0.0291199994087219,45,0,2.78612098089213,2.07812011391293,70.7621558945134,630.727083494391,77
"367",2021-03-02,15074,682,443,62,56.9,66,1,7,57,3,4,30,26,1,785,58,2006,0.0259200000762939,41,0,2.54008403287961,2.17139761268287,61.752329255193,643.811871586924,66
"368",2021-03-03,15134,693,443,65,57.6,60,0,5,51,6,5,33,28,0,791,51,2676,0.0209299993515015,109,0,2.01108360016581,2.19404220187619,53.7390226292348,662.277307491367,60
"369",2021-03-04,15190,688,443,61,60,56,2,3,50,1,5,32,27,0,792,52,2414,0.0202999997138977,225,0.00444000005722046,1.89477829944008,2.2079744738987,52.8280108024849,659.262912155955,56
"370",2021-03-05,15262,691,444,52,59.4,72,2,9,57,1,2,29,27,1,793,59,2440,0.0188499999046326,154,0,1.77309174122218,2.218094924514,65.6938947011204,663.991207431766,72
"371",2021-03-06,15319,706,445,46,55.9,57,3,3,49,0,2,27,25,1,793,52,1957,0.0209500002861023,25,0,2.06857470029779,2.21479508342224,52.6287875448925,673.806230897963,57
"372",2021-03-07,15358,696,446,55,56.6,39,1,0,36,2,5,26,21,1,795,37,1752,0.0194099998474121,16,0.0625,1.97999545999242,2.15053268784143,35.3850397634137,665.621288522593,39
"373",2021-03-08,15442,739,447,39,54.3,84,1,10,66,6,4,30,26,1,801,67,1170,0.0205100011825562,142,0,1.82901687374929,2.01380352967817,74.298602896089,709.203993137459,84
"374",2021-03-09,15498,744,447,70,55.4,56,0,8,45,1,3,28,25,0,802,45,2105,0.0318300008773804,57,0,3.09908195406502,2.0936603755618,49.9257336599196,693.172129844004,56
"375",2021-03-10,15579,768,447,76,57,81,4,8,66,0,2,25,23,0,802,70,2655,0.0180799996852875,173,0,1.69739742448509,2.04884806475027,75.3807467346599,739.26304988884,81
"376",2021-03-11,15640,765,450,73,58.7,61,1,6,51,1,2,21,19,3,803,52,2321,0.0280100011825562,86,0,2.70092283941474,2.16401157046093,54.9039252601404,719.451977384758,61
"377",2021-03-12,15717,765,450,96,65,77,3,3,66,2,2,18,16,0,805,69,2361,0.0228699994087219,133,0,2.16503883736938,2.22000401276768,68.7068561853486,728.489057707126,77
"378",2021-03-13,15779,777,450,56,66.4,62,4,3,50,4,4,22,18,0,809,54,2352,0.0187100005149841,97,0,1.79689347534678,2.18119240920325,54.860993980857,746.222080057887,62
"379",2021-03-14,15843,797,450,65,67.9,64,1,6,53,2,3,23,20,0,811,54,1534,0.0293400001525879,36,0,2.86672358178789,2.30786785517403,56.5874777326575,746.633699128296,64
"380",2021-03-15,15944,837,451,59,70.7,101,2,3,91,4,5,25,20,1,815,93,996,0.0281100010871887,13,0,2.77478306073736,2.44297731045804,90.3113672366255,785.802305129629,101
"381",2021-03-16,16027,849,452,85,72.9,83,3,6,71,5,6,27,21,1,820,74,1583,0.0328500008583069,9,0,3.26642910544597,2.4668840463696,74.671550286339,787.866840447322,83
"382",2021-03-17,16105,866,453,78,73.1,78,3,5,67,3,5,27,22,1,823,70,2837,0.0257299995422363,176,0,2.42270191507881,2.57049897359728,71.2615296745011,819.749781401685,78
"383",2021-03-18,16201,905,454,62,71.6,96,0,3,89,2,5,24,19,1,825,89,2563,0.0276999998092651,160,0,2.60723832211335,2.55711547112565,86.8847524894933,852.985404527994,96
"384",2021-03-19,16316,943,456,118,74.7,115,7,6,96,2,4,24,20,2,827,103,2612,0.0382800006866455,96,0,3.69229548720525,2.77529499253077,100.616418525616,866.24546281219,115
"385",2021-03-20,16388,965,457,85,78.9,72,5,3,60,5,5,28,23,1,832,65,1998,0.0450500011444092,150,0.00666999995708466,4.23698334637301,3.12387925982023,61.9289189788768,874.86779714794,72
"386",2021-03-21,16445,966,458,87,82,57,4,2,50,3,5,28,23,1,835,54,1303,0.039909999370575,87,0,3.74120353811936,3.24880496786759,51.546504566537,886.331915023606,57
"387",2021-03-22,16578,1025,459,56,81.6,133,3,4,122,5,8,31,23,1,840,125,1143,0.0489900016784668,130,0,4.39870949870287,3.48079445900552,116.879202120633,925.609457389187,133
"388",2021-03-23,16708,1069,460,109,85,130,4,1,123,4,9,31,22,1,844,127,1957,0.0316799998283386,153,0,2.93828244853359,3.43391636516089,119.773915298435,999.75838940179,130
"389",2021-03-24,16840,1137,460,93,87.1,132,4,3,122,4,9,32,23,0,848,126,3100,0.0441900014877319,47,0,4.35300300641783,3.70967366392361,116.909189142492,1027.89482583344,132
"390",2021-03-25,17013,1241,461,125,96.1,173,4,5,158,7,10,38,28,1,855,162,2992,0.035090000629425,280,0,3.2087188839621,3.79559945847343,155.541108695592,1153.21923389648,173
"391",2021-03-26,17171,1335,462,109,94.9,158,5,3,143,4,11,40,29,1,859,148,2387,0.0661899995803833,117,0,6.30972559897663,4.16951804586934,130.414183209982,1149.31036881977,158
"392",2021-03-27,17333,1437,464,142,103,162,5,4,148,5,13,42,29,2,864,153,2456,0.0569999980926514,117,0,5.44080821280807,4.34149302678864,138.649379100672,1264.64808998475,162
"393",2021-03-28,17469,1496,465,141,110.7,136,4,4,123,5,13,43,30,1,869,127,2463,0.0759200000762939,156,0,7.13978465780496,4.82700461531515,111.011290822178,1260.54244936991,138
"394",2021-03-29,17657,1628,465,119,119.7,188,2,0,176,4,12,45,33,0,873,178,1632,0.0784299993515015,40,0,7.65536835775421,5.29224159517963,147.961239368196,1353.26347017654,188
"395",2021-03-30,17825,1721,466,169,128.3,168,4,4,158,6,12,47,35,1,879,162,1970,0.0426399993896484,64,0,4.12983278257657,5.46246307147148,151.25165130624,1564.32155492617,175
"396",2021-03-31,17976,1774,467,168,139,151,2,5,140,8,14,53,39,1,887,142,2987,0.0696400022506714,209,0,6.50859470346544,5.77040474247828,126.626225831586,1519.47130017771,165
"397",2021-04-01,18132,1825,468,153,143,156,1,5,145,3,14,50,36,1,890,146,2621,0.0679099988937378,99,0.0100999999046326,6.58058849599431,6.25210040134003,129.820607209145,1560.25759011431,178
"398",2021-04-02,18234,1827,468,251,163.3,102,2,5,90,5,14,52,38,0,895,92,3072,0.0787799978256226,98,0,7.63445278612973,6.4413471423619,81.5167667591348,1519.52318335804,140
"399",2021-04-03,18410,1933,468,228,175.6,176,6,3,162,12,14,57,43,0,907,168,2827,0.085600004196167,36,0,8.4523650668028,6.87156955007543,139.697181487308,1572.83126080337,215
"400",2021-04-04,18546,2015,469,179,181,136,5,3,125,12,17,64,47,1,919,130,1812,0.0888500022888184,139,0,8.25198381072982,7.03045514335041,109.351824775132,1648.45328401455,163
"401",2021-04-05,18775,2141,469,209,193.9,229,2,3,221,4,19,68,49,0,923,223,2039,0.110839996337891,162,0,10.2681850310295,7.40371466810402,175.522892073644,1656.37449295817,210
"402",2021-04-06,19030,2284,470,232,202.9,255,4,2,247,6,21,69,48,1,929,251,1725,0.11826000213623,83,0,11.2831030799224,8.42561042486772,190.569301736414,1715.90551858952,227
"403",2021-04-07,19300,2433,470,256,215.4,270,3,2,264,8,23,73,50,0,937,267,3375,0.103699998855591,44,0,10.2365456606499,8.95817484732264,208.74950705958,1883.97584522831,245
"404",2021-04-08,19589,2571,471,256,230.1,289,1,1,282,5,26,77,51,1,942,283,3231,0.0752099990844727,193,0.0103600001335144,7.15546107090244,9.04029950088094,239.360432937696,2165.4582087732,280
"405",2021-04-09,19725,2563,471,360,245.7,136,0,0,136,4,26,81,55,0,946,136,NA,NA,NA,NA,NA,NA,NA,NA,215
"406",2021-04-10,19725,2411,475,164,236.6,0,0,0,0,0,26,81,55,4,946,0,NA,NA,NA,NA,NA,NA,NA,NA,234
