"","date","observed_cumulative_cases","observed_active_cases","observed_cumulative_deaths","observed_new_cases","observed_daily_average_cases","observed_new_episodes","observed_new_cases_community_outbreak","observed_new_cases_institution_outbreak","observed_new_cases_sporadic","observed_new_ICU_p_acute_care","observed_census_ICU","observed_census_ICU_p_acute_care","observed_census_acute_care","observed_new_deaths","cumulative_hosp","observed_new_community_cases","num_non_ltch_tests","non_ltch_pct_positivity","num_ltch_tests","ltch_pct_positivity","observed_pct_positivity","pct_positivity_7_day","adjusted_new_episodes","adjusted_active_cases","adjusted_episode_cases"
"1",2020-03-01,7,7,0,0,0,2,0,0,2,0,0,1,1,0,0,2,NA,NA,NA,NA,NA,NA,NA,NA,2
"2",2020-03-02,10,10,0,0,0,3,2,0,1,0,0,1,1,0,0,3,NA,NA,NA,NA,NA,NA,NA,NA,3
"3",2020-03-03,11,11,0,0,0,1,0,0,1,0,0,1,1,0,0,1,NA,NA,NA,NA,NA,NA,NA,NA,1
"4",2020-03-04,12,12,0,0,0,1,0,0,1,0,0,1,1,0,0,1,NA,NA,NA,NA,NA,NA,NA,NA,1
"5",2020-03-05,18,17,0,0,0,6,2,0,4,0,0,1,1,0,0,6,NA,NA,NA,NA,NA,NA,NA,NA,6
"6",2020-03-06,23,22,0,0,0,5,0,1,4,0,0,1,1,0,0,4,NA,NA,NA,NA,NA,NA,NA,NA,5
"7",2020-03-07,27,26,0,0,0,4,0,0,4,0,0,1,1,0,0,4,NA,NA,NA,NA,NA,NA,NA,NA,4
"8",2020-03-08,36,35,0,0,0,9,1,0,8,0,0,1,1,0,0,9,NA,NA,NA,NA,NA,NA,NA,NA,9
"9",2020-03-09,45,44,0,1,0.1,9,0,0,9,0,0,1,1,0,0,9,NA,NA,NA,NA,NA,NA,NA,NA,9
"10",2020-03-10,52,51,0,0,0.1,7,1,0,6,0,0,1,1,0,0,7,NA,NA,NA,NA,NA,NA,NA,NA,7
"11",2020-03-11,61,60,0,0,0.1,9,0,0,9,0,0,1,1,0,0,9,NA,NA,NA,NA,NA,NA,NA,NA,9
"12",2020-03-12,75,74,0,3,0.6,14,1,0,13,0,0,1,1,0,0,14,NA,NA,NA,NA,NA,NA,NA,NA,14
"13",2020-03-13,97,96,0,1,0.7,22,2,2,18,0,0,1,1,0,0,20,NA,NA,NA,NA,NA,NA,NA,NA,22
"14",2020-03-14,115,114,0,4,1.3,18,1,1,16,1,0,2,2,0,1,17,NA,NA,NA,NA,NA,NA,NA,NA,18
"15",2020-03-15,142,140,0,4,1.9,27,1,0,26,0,0,2,2,0,1,27,NA,NA,NA,NA,NA,NA,NA,NA,27
"16",2020-03-16,157,155,0,0,1.7,15,0,0,15,0,0,2,2,0,1,15,NA,NA,NA,NA,NA,NA,NA,NA,15
"17",2020-03-17,180,177,0,5,2.4,23,1,0,22,2,0,4,4,0,3,23,127,0,4,0,0,0,23,177,23
"18",2020-03-18,196,192,0,4,3,16,0,0,16,0,0,3,3,0,3,16,210,0.0190499997138977,1,0,1.89597153550641,0.947985767753204,14.9776144604616,179.73137352554,16
"19",2020-03-19,221,217,0,1,2.7,25,0,0,25,4,0,7,7,0,7,25,110,0.0272699999809265,9,0,2.52075630075791,1.47224261208811,22.8761014287963,198.564560401952,25
"20",2020-03-20,243,239,0,2,2.9,22,1,1,20,3,1,10,9,0,10,21,137,0.00730000019073486,4,0,0.709290798674238,1.28150465873464,21.4979967562624,233.286724987938,22
"21",2020-03-21,263,259,0,4,2.9,20,0,2,18,3,1,10,9,0,13,18,204,0.0147099995613098,3,0,1.44968111618705,1.31513995022512,19.1205566090144,246.345786763041,20
"22",2020-03-22,289,284,0,7,3.3,26,0,1,25,3,5,13,8,0,16,25,159,0.0314499998092651,2,0,3.10593165818208,1.61360523488462,23.3830537251516,254.271490317722,26
"23",2020-03-23,310,305,0,9,4.6,21,2,0,19,4,5,17,12,0,20,21,138,0.0362299990653992,3,0,3.54591480214545,1.88964945877902,18.4903653959398,268.550545036269,21
"24",2020-03-24,328,321,1,8,5,18,1,3,14,3,7,20,13,1,23,15,253,0.0197599995136261,4,0,1.94524508830638,2.16754161425136,17.0166038829412,299.955323094941,18
"25",2020-03-25,351,344,1,8,5.6,23,0,1,22,4,8,23,15,0,27,22,153,0.0588199996948242,2,0,5.80610319568265,2.7261318514194,18.6950279705658,276.685891903392,23
"26",2020-03-26,365,354,1,19,8.1,14,1,3,10,2,7,25,18,0,29,11,274,0.025550000667572,3,0,2.5273285858898,2.72707074929538,13.0630480974283,323.847184226329,14
"27",2020-03-27,382,362,1,27,11.7,17,3,2,12,5,9,26,17,0,34,15,577,0.0294600009918213,4,0,2.92571782655437,3.04370318184968,15.5209372497384,326.305285627019,17
"28",2020-03-28,407,384,2,26,14.9,25,1,1,23,3,8,25,17,1,37,24,367,0.0817399978637695,3,0,8.10772411243336,3.99485218131344,18.4419744158466,279.071590653546,25
"29",2020-03-29,426,396,2,11,15.4,19,5,4,10,7,8,31,23,0,44,15,184,0.0434800004959106,0,0,4.34800004959107,4.1722905229433,16.8019189502428,337.970660286411,19
"30",2020-03-30,451,406,3,48,21,25,8,3,14,4,12,32,20,1,48,22,549,0.0783199977874756,0,0,7.83199977874756,4.7845883767436,19.1929141033672,298.832869362141,25
"31",2020-03-31,468,403,3,51,27.1,17,2,3,12,6,13,34,21,0,54,14,943,0.064689998626709,0,0,6.4689998626709,5.43083905879567,13.9476939304545,315.137189569513,17
"32",2020-04-01,495,405,3,37,31.3,27,6,4,16,3,15,33,18,0,57,22,575,0.0573899984359741,4,0.25,5.87206374795943,5.44026199483521,21.6461211008414,324.849047538217,27
"33",2020-04-02,512,401,6,32,33.1,17,5,4,7,6,14,34,20,3,63,12,107,0.0841100025177002,9,0,7.75842264602924,6.1875611462837,12.8622554554299,296.147036468948,17
"34",2020-04-03,539,406,6,26,33,27,3,4,19,5,14,37,23,0,68,22,217,0.110600004196167,2,0,10.9589958495745,7.33517229242944,17.8743830391811,256.045432450342,27
"35",2020-04-04,556,414,7,18,31.9,17,3,7,6,7,14,43,29,1,75,9,315,0.0253999996185303,3,0,2.51603769806196,6.53635994751924,15.236827775321,378.894077664766,17
"36",2020-04-05,583,425,8,40,36,27,4,8,13,4,13,43,30,1,79,17,422,0.0663500022888184,5,0.2,6.79149905524153,6.88543123404074,21.1088545163661,327.721362909153,27
"37",2020-04-06,602,425,9,40,34.9,19,3,7,9,4,12,44,32,1,83,12,238,0.117650003433228,4,0.25,11.9837606682265,7.47853993253773,14.1533989090674,253.349544696136,19
"38",2020-04-07,625,423,9,25,31.1,23,2,11,10,4,14,45,31,0,87,12,285,0.108769998550415,6,0,10.6527318167932,8.07621592598378,18.6917078808514,271.132702800013,23
"39",2020-04-08,645,426,11,26,29.6,20,1,10,8,5,16,44,28,2,92,9,368,0.0434800004959106,6,0.333330001831055,4.81300005173301,7.92492111223715,17.5401061519505,356.898357858992,20
"40",2020-04-09,681,434,11,25,28.6,36,1,20,13,6,16,47,31,0,98,14,295,0.0949199962615967,5,0,9.33379963239034,8.14997496743159,29.5959786868656,297.475339292833,36
"41",2020-04-10,715,450,11,36,30,34,0,20,13,4,16,49,33,0,102,13,331,0.090629997253418,8,0,8.84912362562872,7.84856464972504,29.1229043323237,315.792842272743,34
"42",2020-04-11,759,480,11,31,31.9,44,0,34,8,5,19,53,34,0,107,8,225,0.102220001220703,11,0.363639984130859,11.4404830932617,9.12348542046786,38.9154113706776,294.924682240656,44
"43",2020-04-12,792,495,13,35,31.1,33,0,18,14,1,18,49,31,2,108,14,227,0.101319999694824,12,0.5,12.1337405567887,9.88666277783175,26.2748661718962,292.575625363472,33
"44",2020-04-13,816,502,16,16,27.7,24,0,19,5,3,20,51,31,3,111,5,165,0.0606099987030029,26,0.0384599995613098,5.75948155737672,8.99748004771035,23.029453609069,404.557142350524,24
"45",2020-04-14,849,502,18,32,28.7,33,0,26,7,5,20,50,30,2,116,7,208,0.0673099994659424,18,0.166669998168945,7.52236276812258,8.55028446932883,31.2253397726165,374.731509407637,33
"46",2020-04-15,878,500,24,60,33.6,29,2,18,9,4,16,50,34,6,120,11,390,0.1,24,0.208330001831055,10.6280000106148,9.38099874916909,25.0599010013683,320.904590971286,29
"47",2020-04-16,948,549,24,21,33,70,1,55,13,7,13,52,39,0,127,14,310,0.0354800009727478,11,0,3.42641753942424,8.5370870216025,67.3832933568709,485.60200378015,70
"48",2020-04-17,980,553,26,73,38.3,32,0,26,6,0,13,49,36,2,127,6,378,0.0846599960327148,66,0.5,14.6399726352176,9.36435116582949,29.0395725803672,280.147272823844,32
"49",2020-04-18,1020,575,31,31,38.3,40,0,31,9,1,11,46,35,5,128,9,421,0.0617600011825562,8,0,6.06082995288022,8.59582928863213,38.161610582344,457.547342760866,40
"50",2020-04-19,1037,578,35,38,38.7,17,0,13,4,5,15,47,32,4,133,4,452,0.0442500019073486,47,0.127659997940063,5.21062540386865,7.60681283821498,16.2975543191048,476.496599110649,17
"51",2020-04-20,1098,614,39,16,38.7,61,1,47,13,3,13,45,32,4,136,14,325,0.0523099994659424,43,0.0232599997520447,4.89155701515467,7.48282361789754,58.6919880222845,512.777188977335,61
"52",2020-04-21,1134,627,47,51,41.4,36,0,26,10,2,11,43,32,8,138,10,543,0.069980001449585,25,0.36,8.27449661745152,7.59027131065882,33.2112827347966,452.147427471744,36
"53",2020-04-22,1175,644,54,35,37.9,41,1,31,9,4,9,45,36,7,142,10,656,0.0243899989128113,122,0.106560001373291,3.7275269221524,6.60448944087848,39.7437279674037,563.096081100798,41
"54",2020-04-23,1220,659,57,50,42,45,0,35,10,5,11,48,37,3,147,10,775,0.0361299991607666,105,0.0285700011253357,3.522795394063,6.61825770582687,43.8127277354271,580.758757764645,45
"55",2020-04-24,1261,666,65,38,37,41,0,36,5,7,10,48,38,8,154,5,517,0.0406199979782104,94,0.106379995346069,5.07369206501887,5.25164619579848,40.1450179198694,552.116386926611,41
"56",2020-04-25,1362,738,78,53,40.1,101,0,95,6,4,9,48,39,13,158,6,557,0.0502699995040894,28,0.0357100009918213,4.95731106864081,5.09400064090713,99.9975555295814,614.699330138513,101
"57",2020-04-26,1416,757,87,88,47.3,54,0,41,13,5,9,50,41,9,163,13,358,0.0502799987792969,81,0.0123500001430511,4.32815252268233,4.96793308645194,52.1036922858514,646.576543106888,54
"58",2020-04-27,1477,781,95,87,57.4,61,0,54,7,8,11,56,45,8,171,7,269,0.0632000017166138,80,0.1,7.16355314090805,5.29250396155957,59.3099893959128,592.443102601127,61
"59",2020-04-28,1498,777,103,65,59.4,21,0,14,7,7,13,61,48,8,178,7,503,0.0616300010681152,11,0.272730007171631,6.61477054788909,5.05540023733637,19.4394570474116,603.779732262691,21
"60",2020-04-29,1523,766,111,29,58.6,25,0,17,8,7,13,62,49,8,185,8,668,0.0314400005340576,74,0.148649997711182,4.31294072606172,5.13903078075198,23.8371428186991,654.656424890434,25
"61",2020-04-30,1543,756,122,30,55.7,20,0,10,10,2,11,56,45,11,187,10,603,0.0414599990844727,6,0.333330001831055,4.43355656139956,5.26913951894292,18.5057778979625,643.036809085962,20
"62",2020-05-01,1566,740,135,42,56.3,23,0,16,7,6,11,57,46,13,193,7,516,0.031010000705719,55,0.0909099960327148,3.67797025323123,5.06975068868754,22.1323008837636,648.271807712156,23
"63",2020-05-02,1587,741,139,22,51.9,21,0,15,6,4,12,57,45,4,197,6,508,0.0511800003051758,28,0.0357100009918213,5.03718660126871,5.08116147906296,19.981403469544,615.203328488689,21
"64",2020-05-03,1606,722,148,23,42.6,19,0,13,6,3,12,52,40,9,200,6,826,0.0205800008773804,231,0.0043299999833107,1.70286761786764,4.70612077837514,18.6556540019882,680.563698239241,19
"65",2020-05-04,1624,719,152,14,32.1,18,0,11,7,6,10,52,42,4,206,7,637,0.0109899997711182,24,0.125,1.51295459216373,3.89889241426881,17.6430668895778,682.337870515204,18
"66",2020-05-05,1649,719,156,29,27,25,0,24,1,3,9,50,41,4,209,1,923,0.0292499995231628,29,0.172409992218018,3.36109656871868,3.4340818458159,24.8867224380582,637.55343296388,25
"67",2020-05-06,1665,693,161,23,26.1,16,0,11,5,4,10,52,42,5,213,5,598,0.0167200005054474,149,0.0134200000762939,1.60617674881196,3.04740127763736,15.7293386511916,655.486337055153,16
"68",2020-05-07,1688,671,167,32,26.4,23,0,16,7,6,10,54,44,6,219,7,813,0.0356699991226196,234,0.0128199994564056,3.05631224063884,2.85065208895726,22.2789611531483,601.883276251787,23
"69",2020-05-08,1701,638,173,16,22.7,13,0,8,5,4,8,54,46,6,223,5,715,0.00978999972343445,127,0.0472399997711182,1.54386339349022,2.54577968042283,12.739839249468,604.803488232114,13
"70",2020-05-09,1718,622,179,12,21.3,17,0,12,5,5,7,52,45,6,228,5,1100,0.0154499995708466,164,0.0304900002479553,1.74013920637626,2.0747729097239,16.7067642617411,585.521474160589,17
"71",2020-05-10,1730,553,185,25,21.6,12,0,8,4,3,6,53,47,6,231,4,907,0.0176400005817413,316,0.0126600003242493,1.6353262984548,2.06512414980778,11.7795412630601,522.521579618059,12
"72",2020-05-11,1750,534,188,14,21.6,20,0,14,6,1,6,52,46,3,232,6,517,0.00967000007629394,197,0.0152300000190735,1.12040616851561,2.00904580357234,19.7734366569497,513.835862468526,20
"73",2020-05-12,1773,517,193,13,19.3,23,0,17,6,4,7,52,45,5,236,6,835,0.0131700003147125,322,0.00310999989509583,1.03702422031165,1.67703546808562,22.790297768095,498.930657684182,23
"74",2020-05-13,1794,499,195,21,19,21,0,15,6,2,8,48,40,2,238,6,1249,0.0144099998474121,224,0.0133899998664856,1.42548878340193,1.65122290159847,20.711744264425,475.026731324682,21
"75",2020-05-14,1808,471,198,25,18,14,0,10,4,2,7,46,39,3,240,4,1046,0.0267700004577637,127,0.0236199998855591,2.6428951802461,1.59216332154237,13.6437106564897,429.046929801661,14
"76",2020-05-15,1828,457,201,17,18.1,20,0,12,8,1,6,45,39,3,241,8,1163,0.012039999961853,137,0.0146000003814697,1.23097846214588,1.54746547420746,19.6681029868824,438.040383125657,20
"77",2020-05-16,1844,437,207,19,19.1,16,0,6,10,1,5,43,38,6,242,10,967,0.0134399998188019,25,0.04,1.4109354662078,1.50043636846911,15.5244786146383,416.219715459692,16
"78",2020-05-17,1856,397,212,15,17.7,12,0,9,3,1,3,43,40,5,243,3,353,0.0254999995231628,10,0.1,2.7552341134095,1.66042319917693,11.7214246631437,360.135197089351,12
"79",2020-05-18,1871,389,213,26,19.4,15,0,8,7,2,2,44,42,1,245,7,376,0.0398900008201599,17,0.0588199996948242,4.07088557333133,2.08192025700774,14.0396051161165,335.629484309903,15
"80",2020-05-19,1883,352,219,23,20.9,12,0,8,4,0,2,41,39,6,245,4,359,0.0390000009536743,31,0.225809993743896,5.38490003805894,2.70304537382879,11.2740603131865,288.117307560415,12
"81",2020-05-20,1898,338,223,17,20.3,15,0,9,6,3,2,42,40,4,248,6,675,0.0296300005912781,36,0.0555600023269653,3.0942912071566,2.94144572007945,14.3742867720969,302.751488161459,15
"82",2020-05-21,1906,324,229,11,18.3,8,0,1,7,0,2,39,37,6,248,7,478,0.0209200000762939,36,0,1.94547860631683,2.8418147809467,7.54102672095436,302.756093941316,8
"83",2020-05-22,1913,308,233,7,16.9,7,0,3,4,1,2,37,35,4,249,4,514,0.00583999991416931,14,0,0.568515143159664,2.74717716394867,6.92335833496311,302.09859179216,7
"84",2020-05-23,1922,304,236,6,15,9,1,3,5,1,1,36,35,3,250,6,582,0.00859000027179718,43,0,0.799900825309753,2.65988650096323,8.83824776212099,295.804553280797,9
"85",2020-05-24,1931,300,237,8,14,9,0,3,6,1,2,37,35,1,251,6,332,0.0150600004196167,25,0.04,1.68064989896716,2.50637447032861,8.66014676613967,283.007338306983,9
"86",2020-05-25,1946,296,240,6,11.1,15,1,7,7,0,2,36,34,3,251,8,401,0.0174600005149841,8,0,1.71184846124906,2.16936916860257,14.5384505832798,278.922671581354,15
"87",2020-05-26,1952,286,243,16,10.1,6,0,2,4,1,2,36,34,3,252,4,1123,0.00800999999046326,41,0.0731699991226196,1.03051545990701,1.54731422886658,5.8610759596401,276.066931114267,6
"88",2020-05-27,1957,258,243,8,8.9,5,0,1,4,1,2,34,32,0,253,4,1150,0.00957000017166138,13,0.0769199991226196,1.03228376491871,1.25274173711831,4.86083757401041,249.024023523671,5
"89",2020-05-28,1961,233,244,4,7.9,4,0,2,2,1,1,31,30,1,254,2,1403,0.00284999996423721,88,0,0.268179071081476,1.01312751779898,3.98192335702661,230.8940710936,4
"90",2020-05-29,1968,223,247,7,7.9,7,0,3,4,2,1,32,31,3,256,4,1380,0.0065200001001358,37,0,0.634975309681539,1.0226218273021,6.91439882371323,218.227734422013,7
"91",2020-05-30,1971,205,248,15,9.1,3,1,1,1,0,1,31,30,1,256,2,1020,0.0127499997615814,119,0,1.1417910234252,1.07146328417574,2.92303743689823,197.111337282068,3
"92",2020-05-31,1975,190,249,10,9.4,4,0,1,3,3,1,34,33,1,259,3,1309,0.00535000026226044,11,0.0909099960327148,0.606300022701422,0.917984730423489,3.93869840960592,186.117565941708,4
"93",2020-06-01,1986,180,250,5,9.3,11,0,5,6,0,1,31,30,1,259,6,763,0.00130999997258186,20,0,0.127653892602805,0.691671220616882,10.9741864214298,179.225592642895,11
"94",2020-06-02,1989,161,251,8,8.1,3,0,1,2,0,1,26,25,1,259,2,858,0.0104900002479553,9,0,1.03811075118174,0.692756262227556,2.93002601828592,155.367094472017,3
"95",2020-06-03,1999,152,251,8,8.1,10,0,7,3,0,0,22,22,0,259,3,1110,0.00449999988079071,141,0,0.399280564962245,0.602327233662347,9.9596296672783,149.954569808767,10
"96",2020-06-04,2006,142,254,8,8.7,7,0,2,5,0,0,20,20,3,259,5,1430,0.00559000015258789,21,0,0.550909732474203,0.642717328147022,6.90716465583664,139.36347622576,7
"97",2020-06-05,2010,133,256,15,9.9,4,0,1,3,1,0,21,21,2,260,3,1366,0.00952000021934509,29,0,0.932209340474939,0.685179332546079,3.90574647367369,128.821426999534,4
"98",2020-06-06,2013,124,257,2,8,3,0,0,3,0,0,21,21,1,260,3,1404,0.000710000023245811,68,0,0.0677201109128478,0.5317406307586,2.99315297650473,123.716989695529,3
"99",2020-06-07,2014,116,258,4,7.1,1,0,0,1,0,0,20,20,1,260,1,870,0.00230000004172325,22,0,0.22432735832951,0.477173107276898,0.992439593534771,115.122992850033,1
"100",2020-06-08,2017,108,258,0,6.4,3,0,0,3,0,0,19,19,0,260,3,701,0.0014300000667572,12,0,0.140593274445554,0.479021590397291,2.98578493979957,107.488257832784,3
"101",2020-06-09,2027,105,259,3,5.7,10,0,3,7,0,0,18,18,1,260,7,1338,0.00224000006914139,10,0,0.222338285794598,0.362482666770557,9.94754641261169,104.213196189175,10
"102",2020-06-10,2037,103,259,7,5.6,10,0,4,6,0,0,17,17,0,260,6,1281,0.00233999997377396,12,0,0.231828303666236,0.338560915156841,9.95312075480459,102.195239624145,10
"103",2020-06-11,2044,102,260,5,5.1,7,0,2,5,0,0,16,16,1,260,5,1529,0.00326999992132187,6,0,0.325721816267175,0.306391212841551,6.94511170318434,100.880278744961,7
"104",2020-06-12,2048,105,260,10,4.4,4,0,2,2,0,0,16,16,0,260,2,1596,0.00814999997615814,13,0,0.808415162333648,0.288706330249938,3.94550867744879,102.139205566062,4
"105",2020-06-13,2051,103,260,6,5,3,0,3,0,0,0,16,16,0,260,0,1479,0.00270000010728836,23,0.0434800004959106,0.332446083228058,0.326524326294968,3,101.845958708842,3
"106",2020-06-14,2054,100,260,1,4.6,3,0,1,2,0,0,16,16,0,260,2,768,0,13,0,0,0.294477560819324,3,100,3
"107",2020-06-15,2059,98,260,2,4.9,5,0,2,3,0,0,14,14,0,260,3,720,0.00555999994277954,17,0,0.543175028331244,0.351989239945851,4.94508083151524,96.2059738294978,5
"108",2020-06-16,2063,97,260,3,4.9,4,0,1,3,1,0,14,14,0,261,3,1250,0.000799999982118607,14,0,0.0791139222822989,0.331528616586951,3.99200097463858,96.7413648466474,4
"109",2020-06-17,2066,87,260,8,5,3,0,0,3,1,1,6,5,0,262,3,1098,0.0091100001335144,26,0,0.889927059305944,0.425542724535481,2.91002153714738,84.3906245772741,3
"110",2020-06-18,2068,73,260,2,4.6,2,0,0,2,0,1,6,5,0,262,2,1304,0.00230000004172325,122,0,0.210322584460527,0.409057119991674,1.98582318055916,72.4825460904093,2
"111",2020-06-19,2071,71,260,5,3.9,3,0,0,3,0,1,5,4,0,262,3,1875,0.0010700000077486,19,0,0.105926611115556,0.308701612674804,2.98929000580025,70.7465301372727,3
"112",2020-06-20,2077,71,261,1,3.1,6,0,0,6,1,1,5,4,1,263,6,1792,0.000560000017285347,158,0,0.0514625656910432,0.268561110169516,5.98959347846116,70.8768561617904,6
"113",2020-06-21,2083,75,261,1,3.1,6,0,0,6,0,1,4,3,0,263,6,1102,0.00363000005483627,86,0,0.336722227308887,0.316664285499357,5.93190959168004,74.1488698960004,6
"114",2020-06-22,2085,74,262,6,3.7,2,0,1,1,0,1,1,0,1,263,1,509,0.0039300000667572,10,0,0.385427752211834,0.294128960339441,1.98701009769205,73.0387472292116,2
"115",2020-06-23,2094,79,262,4,3.9,9,0,0,9,0,1,1,0,0,263,9,1255,0.00158999994397163,20,0,0.156505876837992,0.305184953847398,8.9525281603317,78.5833027406894,9
"116",2020-06-24,2096,73,263,3,3.1,2,0,0,2,1,1,2,1,1,264,2,1733,0.00289000004529953,24,0,0.285052366448724,0.218774283439223,1.98078601049577,72.2986893830955,2
"117",2020-06-25,2102,71,263,6,3.7,6,0,0,6,0,1,2,1,0,264,6,1796,0.00277999997138977,21,0.0476200008392334,0.32982388366758,0.235845897611659,5.93330454276189,70.2107704226823,6
"118",2020-06-26,2106,65,263,6,3.9,4,0,0,4,0,1,2,1,0,264,4,2028,0.00196999996900558,23,0,0.194790830674955,0.248540786120145,3.97374020063234,64.5732782602756,4
"119",2020-06-27,2109,67,263,3,4.1,3,0,0,3,0,1,1,0,0,264,3,1574,0.000640000030398369,80,0,0.0609044768952257,0.249889630577885,2.99384208946725,66.8624733314354,3
"120",2020-06-28,2111,66,263,2,4.3,2,0,0,2,0,1,1,0,0,264,2,880,0.00114000000059605,12,0,0.112466367771807,0.217853079215445,1.99241919077232,65.7498332954865,2
"121",2020-06-29,2115,67,263,1,3.6,4,0,0,4,2,1,3,2,0,266,4,854,0.00351000010967255,8,0,0.347742470262222,0.212469467508358,3.9531207528144,66.2147726096412,4
"122",2020-06-30,2118,66,263,10,4.4,3,0,0,3,0,1,3,2,0,266,3,1605,0.00435999989509583,11,0,0.433032167798812,0.251973223359904,2.95621712092375,65.0367766603225,3
"123",2020-07-01,2120,65,263,4,4.6,2,0,0,2,0,2,3,1,0,266,2,1601,0.00312000006437302,15,0,0.309103966773589,0.255409166263456,1.97916480944433,64.3228563069406,2
"124",2020-07-02,2126,64,263,4,4.3,6,0,1,5,0,1,3,2,0,266,5,1012,0.00197999998927116,12,0,0.195679686439689,0.236245709516614,5.96702546721253,63.5779259803204,6
"125",2020-07-03,2134,72,263,4,4,8,0,0,8,0,1,3,2,0,266,8,1334,0.00300000011920929,14,0,0.296884284794154,0.2508304886765,7.91995391439021,71.2795852295119,8
"126",2020-07-04,2137,72,263,4,4.1,3,0,0,3,0,1,3,2,0,266,3,1257,0.00317999988794327,40,0,0.308192741645697,0.286157383640853,2.96883934602771,71.252144304665,3
"127",2020-07-05,2139,69,263,5,4.6,2,0,0,2,0,1,2,1,0,266,2,734,0.00272000014781952,47,0,0.255631255889824,0.306609510514855,1.982769144039,68.4055354693454,2
"128",2020-07-06,2145,69,263,0,4.4,6,0,1,5,0,1,2,1,0,266,5,602,0,10,0,0,0.256932014763109,6,69,6
"129",2020-07-07,2152,70,263,6,3.9,7,0,1,6,0,1,1,0,0,266,6,1272,0.0039300000667572,21,0,0.386617175940848,0.250301301640543,6.92182006639801,69.0879007746434,7
"130",2020-07-08,2165,76,263,5,4,13,0,1,12,0,1,1,0,0,266,12,1684,0.00296999990940094,39,0,0.29027741424441,0.247611794136374,12.8826028930734,75.2564849894651,13
"131",2020-07-09,2173,80,263,5,4.1,8,0,0,8,1,0,2,2,0,267,8,1504,0.00266000002622604,41,0,0.258941102876632,0.256649139341652,7.93018417359771,79.3018417359771,8
"132",2020-07-10,2189,93,263,12,5.3,16,0,0,16,0,0,2,2,0,267,16,1900,0.00684000015258789,14,0.0714300012588501,0.73124453017455,0.318700602967423,15.6056829865237,90.7080323591689,16
"133",2020-07-11,2196,98,263,7,5.7,7,0,0,7,1,1,2,1,0,268,7,1571,0.00381999999284744,25,0,0.376016290022765,0.328389681307004,6.91129101649025,96.7580742308636,7
"134",2020-07-12,2219,118,263,9,6.3,23,0,2,21,1,1,3,2,0,269,21,1068,0.00842999994754791,13,0,0.832862159480219,0.410851238962775,22.4105386585771,114.687788652957,23
"135",2020-07-13,2242,136,263,6,7.1,23,0,2,21,0,0,3,3,0,269,21,808,0.00619000017642975,65,0,0.572911814725686,0.492695783923587,22.594519497637,133.374031032316,23
"136",2020-07-14,2261,146,263,4,6.9,19,0,2,17,1,0,4,4,0,270,17,1406,0.00356000006198883,66,0,0.340038049399205,0.486041622989067,18.8051773975935,144.326817649921,19
"137",2020-07-15,2282,166,263,15,8.3,21,0,0,21,1,0,5,5,0,271,21,1404,0.00782999992370606,46,0,0.758159992612641,0.552881991327386,20.4634093995368,161.758379063005,21
"138",2020-07-16,2304,184,263,7,8.6,22,0,1,21,0,0,5,5,0,271,21,1695,0.00708000004291534,25,0.04,0.75584884143846,0.623868811121932,21.465045125516,179.312776337854,22
"139",2020-07-17,2334,211,263,17,9.3,30,0,0,29,0,1,5,4,0,271,29,1787,0.00726999998092651,21,0,0.718555860946664,0.622056144089377,28.2977019918643,205.890176561495,30
"140",2020-07-18,2360,230,263,16,10.6,26,0,0,24,2,1,6,5,0,273,24,1551,0.00708999991416931,81,0,0.673810653607635,0.664598196030073,23.4549805291897,224.776896738068,26
"141",2020-07-19,2378,248,263,28,13.3,18,0,0,18,0,1,6,5,0,273,18,2025,0.0212299990653992,22,0,2.10018310246377,0.845644045027723,16.7259321179686,230.446175847567,18
"142",2020-07-20,2408,273,263,47,19.1,30,0,0,27,2,3,8,5,0,275,27,1548,0.0148599994182587,35,0.0285700011253357,1.51631264301018,0.980415591925508,25.620202279998,259.048711942202,30
"143",2020-07-21,2432,292,263,23,21.9,24,0,0,23,0,3,8,5,0,275,23,1428,0.0161099994182587,15,0,1.59425358068423,1.15958923925194,21.7642001453918,276.310714889322,24
"144",2020-07-22,2459,312,263,13,21.6,27,0,1,23,2,3,9,6,0,277,23,1771,0.00902999997138977,16,0,0.894914938406899,1.17912566007969,23.3062987192443,302.589791321923,27
"145",2020-07-23,2478,320,263,29,24.7,19,0,1,17,1,3,10,7,0,278,17,1667,0.0101999998092651,32,0,1.0007886805206,1.21411706566285,17.4266045945668,309.206674721257,19
"146",2020-07-24,2501,335,263,34,27.1,23,0,1,18,0,3,7,4,0,278,18,2036,0.0122800004482269,83,0,1.17989999587494,1.28002337065261,18.2842182726879,321.678506741691,23
"147",2020-07-25,2513,334,263,26,28.6,12,0,1,10,1,3,8,5,0,279,10,2126,0.00800000011920929,320,0,0.695339339878943,1.28309889726279,10.7656528352183,326.172804696291,12
"148",2020-07-26,2520,336,263,21,27.6,7,0,0,6,2,4,10,6,0,281,6,1816,0.0121099996566772,73,0,1.16420113163186,1.14938718714395,5.76458064246926,322.816515978279,7
"149",2020-07-27,2535,338,264,22,24,15,0,1,13,1,4,10,6,1,282,13,1601,0.00874000012874603,24,0,0.861091704992148,1.05578419599852,13.6227270563575,328.190903465296,15
"150",2020-07-28,2555,327,264,14,22.7,20,0,2,17,1,4,11,7,0,283,17,1488,0.00739000022411346,24,0,0.727269863325452,0.931929379232978,18.5833154328605,318.984949796787,20
"151",2020-07-29,2571,322,264,20,23.7,16,2,2,12,2,4,12,8,0,285,14,2254,0.00620999991893768,52,0,0.606996522865808,0.890798177012822,15.713597277745,315.412737388135,16
"152",2020-07-30,2591,332,264,19,22.3,20,1,0,18,1,4,13,9,0,286,19,1891,0.00898999989032745,134,0,0.839510607042431,0.867758452230227,18.4624205094771,322.606505744547,20
"153",2020-07-31,2601,319,264,18,20,10,0,1,9,1,3,14,11,0,287,9,2129,0.00797999978065491,207,0,0.727286795077667,0.803099423544901,9.77939715219425,311.180854616663,10
"154",2020-08-01,2618,306,264,15,18.4,17,0,0,17,1,2,14,12,0,288,17,1629,0.00551999986171722,83,0.0120500004291534,0.583658283315251,0.787144986892945,16.6655967593259,299.980741667867,17
"155",2020-08-02,2626,291,264,2,15.7,8,0,0,8,0,2,14,12,0,288,8,1340,0.00149000003933907,11,0,0.147786828476266,0.641942943585003,7.96015364325393,289.550588773362,8
"156",2020-08-03,2635,277,264,10,14,9,0,1,7,0,1,13,12,0,288,7,1046,0.0114699995517731,47,0,1.09767790769942,0.675740972543185,7.74103810394165,266.752507827405,9
"157",2020-08-04,2647,265,264,20,14.9,12,0,1,11,1,1,12,11,0,289,11,1699,0.0058899998664856,12,0,0.584869069150148,0.655398001946712,11.7831725600877,259.776429856659,12
"158",2020-08-05,2656,245,264,12,13.7,9,1,0,8,1,1,13,12,0,290,9,1599,0.005,70,0,0.479029358897543,0.637116978522675,8.85469935454545,241.044593540404,9
"159",2020-08-06,2666,221,264,12,12.7,10,0,0,10,1,2,11,9,0,291,10,1639,0.00305000007152557,10,0,0.303150401287472,0.560494091986252,9.89783055125786,218.742055182799,10
"160",2020-08-07,2678,222,264,6,11,12,0,3,9,1,2,11,9,0,292,9,1689,0,39,0,0,0.456595978403728,12,222,12
"161",2020-08-08,2684,205,264,14,10.9,6,1,1,4,0,1,11,10,0,292,5,1518,0.00725000023841858,95,0,0.682300084433937,0.470687664277826,5.88502369911557,200.285971663738,6
"162",2020-08-09,2686,196,264,16,12.9,2,0,1,1,2,2,13,11,0,294,1,1589,0.00441000014543533,102,0,0.414399185753799,0.508775143888902,1.9860336861875,193.26260249275,2
"163",2020-08-10,2698,197,264,8,12.6,12,2,0,10,0,1,13,12,0,294,12,1384,0.00578000009059906,27,0,0.566939767922686,0.432955409635084,11.7707121350485,193.23585755038,12
"164",2020-08-11,2711,201,264,8,10.9,13,2,1,10,0,1,13,12,0,294,12,1460,0.00342000007629395,41,0,0.332658235269098,0.396925290509219,12.8654627866328,198.746501676099,13
"165",2020-08-12,2718,184,264,12,10.9,7,3,0,4,0,2,11,9,0,294,7,1486,0.00268999993801117,7,0,0.267738774808078,0.366740921353581,6.93683562337703,182.339679243053,7
"166",2020-08-13,2740,187,264,11,10.7,22,0,0,22,0,2,10,8,0,294,22,1689,0.00532999992370605,56,0,0.515895121555274,0.397133024248982,21.6174862909656,183.748633473208,22
"167",2020-08-14,2751,181,264,6,10.7,11,4,1,6,1,2,11,9,0,295,10,1882,0.00477999985218048,36,0,0.469028139822923,0.464137044223685,10.8419255053375,178.138851646608,11
"168",2020-08-15,2755,173,264,2,9,4,0,0,4,1,2,12,10,0,296,4,2044,0.00734000027179718,21,0,0.726535620123653,0.470456406465073,3.90205555594278,168.763902794525,4
"169",2020-08-16,2759,155,264,26,10.4,4,0,1,3,0,2,12,10,0,296,3,1196,0.00501999974250793,22,0,0.492932651234769,0.481675472962354,3.95016072184325,152.424970628568,4
"170",2020-08-17,2782,169,265,8,10.4,23,1,4,18,1,1,10,9,1,297,19,1358,0.00662999987602234,32,0,0.647736678535132,0.493217888764132,22.5852226872193,165.31066495474,23
"171",2020-08-18,2808,188,265,15,11.4,26,1,1,24,0,1,8,7,0,297,25,1888,0.00583000004291534,77,0.0519500017166138,0.76372469278389,0.554798811266246,25.356513049949,183.160978135616,26
"172",2020-08-19,2832,197,265,23,13,24,4,3,15,2,1,8,7,0,299,19,1519,0.0118499994277954,25,0.04,1.23057960691847,0.692347501567731,21.2120000002553,188.829684213173,24
"173",2020-08-20,2849,205,266,24,14.9,17,1,0,16,3,0,7,7,1,302,17,1607,0.00995999991893768,103,0,0.936007009925898,0.752363485620677,16.463720833987,198.533104174549,17
"174",2020-08-21,2870,212,266,16,16.3,21,3,2,16,0,0,7,7,0,302,19,1804,0.00721000015735626,116,0.00861999988555908,0.729518764093518,0.789576431945048,20.5328536384907,206.787630071581,21
"175",2020-08-22,2889,222,266,16,18.3,19,1,0,18,1,0,8,8,0,303,19,1864,0.00589999973773956,73,0,0.567764559171221,0.766894851808986,18.6364327265244,217.752003436233,19
"176",2020-08-23,2906,232,266,13,16.4,17,0,1,15,0,0,8,8,0,303,15,694,0.0172899997234344,5,0,1.71663230444399,0.941709087981732,15.1321764271474,218.577662073213,17
"177",2020-08-24,2925,248,266,19,18,19,2,0,17,1,1,9,8,0,304,19,1142,0.00962999999523163,58,0,0.91645499954621,0.980097419554743,18.4131492710034,240.340053642571,19
"178",2020-08-25,2939,250,266,23,19.1,14,0,1,13,4,2,12,10,0,308,13,1647,0.0145700001716614,73,0,1.3951622257399,1.0703027814056,13.3887329808055,238.24486501549,14
"179",2020-08-26,2957,258,266,15,18,18,1,4,13,0,2,12,10,0,308,14,1832,0.0049099999666214,41,0,0.480251998870817,0.96311312311308,17.7733998883624,253.824083656965,18
"180",2020-08-27,2970,261,266,16,16.9,13,1,3,9,1,2,10,8,0,309,10,1469,0.00612999975681305,9,0,0.609267228874044,0.916436011534243,12.7946613408844,255.640660997084,13
"181",2020-08-28,2998,271,266,20,17.4,28,0,3,21,1,1,10,9,0,310,21,2137,0.00607999980449677,35,0,0.598202559033591,0.897676553668539,23.5766198777591,265.536380327273,28
"182",2020-08-29,3019,285,266,12,16.9,21,0,2,18,0,1,10,9,0,310,18,1790,0.00726000010967255,11,0.0909099960327148,0.777091068999096,0.927580340786807,19.5285807360017,277.53586165336,21
"183",2020-08-30,3039,299,267,16,17.3,20,0,6,12,2,1,11,10,1,312,12,1402,0.00428000003099442,33,0,0.418157494317364,0.742083939340146,17.8308842587692,294.786199447665,20
"184",2020-08-31,3059,307,267,13,16.4,20,1,3,16,1,1,12,11,0,313,17,1353,0.00517000019550324,54,0,0.497157801315983,0.682184339592971,19.7151566513506,301.856064233214,20
"185",2020-09-01,3084,311,267,18,15.7,25,1,2,22,0,1,12,11,0,313,23,1361,0.0154299998283386,22,0.0909099960327148,1.6630693911127,0.720456791789084,23.7108569573616,293.568544075628,25
"186",2020-09-02,3120,321,267,15,15.7,36,1,9,26,0,1,10,9,0,313,27,1528,0.00261999994516373,51,0,0.253537676770752,0.688069031489075,35.7692885369284,318.257097050149,36
"187",2020-09-03,3142,322,267,24,16.9,22,1,4,17,1,1,9,8,0,314,18,1493,0.00938000023365021,133,0.00751999974250793,0.922785997207461,0.732857426965278,21.4401954764558,311.98571907882,22
"188",2020-09-04,3164,326,267,24,17.4,22,0,3,19,3,1,12,11,0,317,19,2705,0.00813000023365021,258,0.00774999976158142,0.809691210614641,0.763070091476856,21.4815153199594,317.103894437198,22
"189",2020-09-05,3189,333,267,17,18.1,25,1,11,13,2,1,14,13,0,319,14,2256,0.00398999989032745,164,0,0.371960320354493,0.705194270241913,24.8244957848895,328.825506883443,25
"190",2020-09-06,3210,335,267,26,19.6,21,1,3,16,1,1,15,14,0,320,17,1310,0.00611000001430511,192,0.03125,0.932363516560566,0.778652273419513,19.4658083499593,324.473282190374,21
"191",2020-09-07,3251,360,267,29,21.9,41,2,6,33,0,1,13,12,0,320,35,1290,0.0147300004959106,44,0,1.4244153403092,0.91111763613283,39.3197744314898,342.717679866752,41
"192",2020-09-08,3303,397,267,24,22.7,52,0,14,36,3,1,15,14,0,323,36,1097,0.0127600002288818,4,0,1.27136423715562,0.855159756996105,48.4574636954053,379.989252418775,52
"193",2020-09-09,3348,428,267,15,22.7,45,2,10,31,0,1,14,13,0,323,33,1587,0.0144900000095367,29,0,1.42299690687715,1.02222536129702,41.4173648808121,407.473702090533,45
"194",2020-09-10,3425,490,267,33,24,77,1,21,52,2,2,15,13,0,325,53,1959,0.0127600002288818,61,0,1.23746734892968,1.06717984011448,71.789591606675,469.564148816429,77
"195",2020-09-11,3455,504,267,60,29.1,30,0,1,25,0,1,13,12,0,325,25,2314,0.0155599999427795,93,0.0752699995040894,1.78670335776785,1.20675300399351,24.4945880299548,473.650894683888,30
"196",2020-09-12,3504,529,269,47,33.4,49,0,4,42,1,0,13,13,2,326,42,1900,0.0168400001525879,26,0,1.66126688940379,1.39093965671484,43.6484641595423,499.38184619995,49
"197",2020-09-13,3539,542,270,31,34.1,35,1,5,29,1,1,12,11,1,327,30,1199,0.0166799998283386,44,0,1.6089557356539,1.48759568801389,33.3732221379475,512.609546625585,35
"198",2020-09-14,3607,592,272,59,38.4,68,0,19,49,1,1,12,11,2,328,49,2394,0.0141999995708466,218,0.0412799978256226,1.6460121936674,1.51925238135077,65.2817335127893,559.158902848393,68
"199",2020-09-15,3680,641,273,41,40.9,73,0,15,55,1,1,12,11,1,329,55,2961,0.0121599996089935,28,0,1.20460886056306,1.5097158989804,67.7670878055575,614.976423333861,73
"200",2020-09-16,3757,681,274,41,44.6,77,0,7,67,1,0,12,12,1,330,67,1887,0.0190799999237061,162,0.00616999983787537,1.80592971350752,1.56442058564189,69.9220814327352,639.551305308845,77
"201",2020-09-17,3807,706,278,57,48,50,2,4,38,2,2,12,10,4,332,40,2512,0.0191100001335144,208,0.00481000006198883,1.80164707162801,1.6450176888845,41.5711951908443,663.131595118402,50
"202",2020-09-18,3895,774,278,47,46.1,88,1,6,78,0,2,12,10,0,332,79,2409,0.0128699994087219,281,0.0213499999046326,1.37558284568078,1.58628618715778,81.3375074896183,738.116845531198,88
"203",2020-09-19,3965,824,280,47,46.1,70,2,4,60,0,2,11,9,2,332,62,2101,0.0214199995994568,161,0,1.98954107685494,1.6331824996508,61.8427369777683,768.748633381953,70
"204",2020-09-20,4008,856,280,76,52.6,43,1,4,34,2,2,12,10,0,334,35,2847,0.0186199998855591,112,0,1.79152212484578,1.6592634123925,36.8867390742477,804.315675644458,43
"205",2020-09-21,4117,936,280,55,52,109,2,22,82,1,3,13,10,0,335,84,2949,0.0189900004863739,73,0,1.85312744653596,1.68885130565944,100.753768181067,877.541988303317,109
"206",2020-09-22,4226,1015,280,85,58.3,109,0,27,81,3,3,16,13,0,338,81,2507,0.0135599994659424,64,0.03125,1.4000357316654,1.71676943010263,104.178032044952,967.107438587974,109
"207",2020-09-23,4331,1073,281,67,62,105,0,25,75,2,3,17,14,1,340,75,1896,0.0168799996376038,7,0.571430015563965,1.89198578149472,1.7290631541008,95.217642542225,1004.58040597077,105
"208",2020-09-24,4433,1128,282,38,59.3,102,2,19,75,2,3,19,16,1,342,77,2730,0.0128199994564056,55,0,1.25668217292594,1.65121102571479,92.7387876210586,1080.22535631888,102
"209",2020-09-25,4552,1191,284,57,60.7,119,5,16,86,3,3,21,18,2,345,91,3291,0.0133700001239777,59,0.0339000010490417,1.37315732745982,1.65086452311179,102.788618415343,1135.88180805136,119
"210",2020-09-26,4636,1237,286,76,64.9,84,3,14,65,3,4,22,18,2,348,68,3437,0.0299699997901916,12,0,2.98657260883992,1.79329759910965,75.1554501155599,1112.48958519041,84
"211",2020-09-27,4718,1267,287,109,69.6,82,2,12,64,2,4,23,19,1,350,66,2684,0.0331599998474121,13,0,3.30001629923819,2.00879676687999,70.6595459711458,1126.08552644609,82
"212",2020-09-28,4833,1337,288,86,74,115,3,11,97,6,4,28,24,1,356,100,3135,0.0258400011062622,192,0.0104200005531311,2.49501182970644,2.10049453590435,102.59117117564,1224.57395861831,115
"213",2020-09-29,4940,1368,291,58,70.1,107,5,18,74,4,3,28,25,3,360,79,2165,0.0263299989700317,79,0.0253200006484985,2.62944419881239,2.27612431692535,89.9990987348706,1246.7692034089,107
"214",2020-09-30,5023,1397,291,107,75.9,83,1,10,67,5,5,31,26,0,365,68,3170,0.0305999994277954,281,0.0142299997806549,2.92670611777675,2.42394150782278,71.2926505918769,1259.20342465959,83
"215",2020-10-01,5123,1432,293,105,85.4,100,2,11,78,3,5,30,25,2,368,80,3844,0.0226300001144409,120,0.00833000004291534,2.21971040476944,2.56151696951471,85.0152059846379,1324.87218712502,100
"216",2020-10-02,5219,1482,294,115,93.7,96,0,13,79,1,5,30,25,1,369,79,3362,0.021710000038147,197,0,2.05082945007727,2.65832727274577,86.5396618425691,1379.56682089478,96
"217",2020-10-03,5292,1494,295,65,92.1,73,2,6,64,5,6,32,26,1,374,66,3113,0.0301999998092651,485,0.0103100001811981,2.75188853513406,2.62480097650208,65.878784389839,1355.43793755181,73
"218",2020-10-04,5350,1476,295,77,87.6,58,1,7,47,3,6,33,27,0,377,48,3118,0.0291899991035461,102,0,2.82653469580301,2.55716074743991,50.4274500235776,1335.39408822501,58
"219",2020-10-05,5428,1477,295,82,87,78,3,13,59,3,6,34,28,0,380,62,3821,0.0177999997138977,238,0.00839999973773956,1.72488294763206,2.447142335715,71.3957556949745,1391.13759937867,78
"220",2020-10-06,5504,1450,296,139,98.6,76,5,15,53,2,7,35,28,1,382,58,2158,0.0194599997997284,55,0,1.89763576899295,2.34259827431222,69.2905992612042,1357.26498153011,76
"221",2020-10-07,5605,1464,296,174,108.1,101,12,22,63,3,10,37,27,0,385,75,2268,0.0313100004196167,76,0,3.02948297575472,2.35728068259479,89.3423999038423,1314.523646123,101
"222",2020-10-08,5685,1423,296,85,105.3,80,5,14,55,2,9,37,28,0,387,60,2434,0.0271199989318848,182,0,2.52332100153698,2.40065362499015,68.8974572100528,1301.98469349842,80
"223",2020-10-09,5770,1426,296,97,102.7,85,5,19,59,2,9,38,29,0,389,64,2508,0.0207299995422363,247,0.00810000002384186,1.95976547578285,2.38764448580523,78.77285661561,1331.81396146656,85
"224",2020-10-10,5835,1411,297,67,103,65,5,7,51,6,9,44,35,1,395,56,2628,0.0300600004196167,21,0,2.98216991705371,2.42054182607947,57.3716212512141,1269.18495688327,65
"225",2020-10-11,5899,1376,297,140,112,64,6,6,48,5,10,47,37,0,400,54,2660,0.0233100008964539,238,0.0168099999427795,2.2776184393012,2.34212521800778,55.8548749902349,1270.37607382525,64
"226",2020-10-12,5961,1348,297,63,109.3,62,2,14,43,3,10,47,37,0,403,45,1994,0.0150499999523163,237,0.0126600003242493,1.47961093598233,2.30708635920068,56.7559995016315,1280.77971840443,62
"227",2020-10-13,6046,1370,298,74,100,85,4,10,68,1,7,46,39,1,404,72,2117,0.0302300000190735,18,0,2.9975133508374,2.4642117280356,74.7262809003993,1231.59728935482,85
"228",2020-10-14,6113,1375,300,84,87.1,67,1,16,49,2,7,46,39,2,406,50,3004,0.0296300005912781,110,0.0363599991798401,2.98677333609447,2.45811035094128,60.9669044809029,1236.58987322483,67
"229",2020-10-15,6199,1402,300,107,90.3,86,3,25,52,5,8,50,42,0,411,55,2119,0.021710000038147,105,0.00952000021934509,2.11344829603708,2.39955710729843,76.0824259001888,1302.13747476481,86
"230",2020-10-16,6274,1423,301,78,87.6,75,2,10,59,4,8,48,40,1,415,61,3126,0.0214299988746643,280,0.0035699999332428,1.99617664308598,2.40475870262745,66.8961478370664,1327.2658749532,75
"231",2020-10-17,6321,1405,302,64,87.1,47,1,10,36,6,8,50,42,1,421,37,3037,0.0214000010490417,149,0,2.03991849296735,2.2701513563294,44.4562323388825,1308.40557935486,47
"232",2020-10-18,6378,1372,305,74,77.7,57,1,11,40,2,6,48,42,3,423,41,1144,0.0271000003814697,37,0.0540500020980835,2.79443272769098,2.34398196895651,48.1386388884763,1242.78567207291,57
"233",2020-10-19,6442,1350,307,69,78.6,64,1,6,57,3,6,47,41,2,426,58,1334,0.0374799990653992,27,0,3.67364575703472,2.65741551482114,56.8189463395021,1182.85478548841,64
"234",2020-10-20,6520,1354,309,46,74.6,78,3,14,57,4,5,46,41,2,430,60,1595,0.0250799989700317,48,0.0208299994468689,2.49558358677117,2.58571126281168,68.9535465247452,1240.11836657508,78
"235",2020-10-21,6608,1376,312,69,72.4,88,1,46,40,4,4,45,41,3,434,41,2258,0.0305599999427795,446,0.00897000014781952,2.69989274913919,2.54472832181807,83.2692747034118,1250.7932193145,88
"236",2020-10-22,6674,1363,312,88,69.7,66,2,24,36,2,3,45,42,0,436,38,2238,0.0268099999427795,87,0.0114900004863739,2.62367354469915,2.61761764305551,58.6398683337028,1242.47738260097,66
"237",2020-10-23,6753,1365,313,92,71.7,79,1,13,64,2,3,38,35,1,438,65,2768,0.0245700001716614,65,0.0153799998760223,2.4359145946735,2.68043735042515,72.6637235949073,1252.93819549305,79
"238",2020-10-24,6818,1358,317,63,71.6,65,2,17,41,2,3,38,35,4,440,43,2358,0.0211999988555908,191,0,1.96114544140773,2.6691840573452,57.1578881784634,1268.24214293845,65
"239",2020-10-25,6888,1339,319,69,70.9,70,1,24,42,3,3,40,37,2,443,43,1751,0.0308400011062622,77,0,2.95409419787008,2.69199283879936,62.7188967914217,1205.68843729567,70
"240",2020-10-26,6961,1298,320,77,72,73,1,16,51,4,3,41,38,1,447,52,995,0.0392000007629395,121,0.0165299999713898,3.67420526484435,2.69207276848645,61.5608334035589,1137.26849534268,73
"241",2020-10-27,7039,1268,322,61,74.1,78,0,15,60,1,3,33,30,2,448,60,1354,0.0288000011444092,116,0,2.65273479928776,2.71452294170311,69.635762625721,1154.63578349024,78
"242",2020-10-28,7151,1275,325,94,77.7,112,2,69,38,2,2,31,29,3,450,40,1900,0.0405299997329712,166,0.01807000041008,3.87253724882471,2.88204358451532,103.779423094735,1108.59411114467,112
"243",2020-10-29,7215,1260,326,65,74.4,64,0,18,42,9,2,39,37,1,459,42,2190,0.0292199993133545,96,0,2.79929127280168,2.90713183138712,56.037582041838,1141.12746125514,64
"244",2020-10-30,7265,1229,328,122,78.7,50,1,9,36,4,2,42,40,2,463,37,2789,0.0358599996566772,105,0.0571400022506714,3.66320799166528,3.0824594595288,41.4319988483508,1077.26828607089,50
"245",2020-10-31,7304,1159,329,83,81.6,39,0,5,32,2,2,41,39,1,465,32,2352,0.0276399993896484,322,0,2.43116224997955,3.1496047178962,34.3780353954662,1064.03571947954,39
"246",2020-11-01,7354,1118,332,50,78.9,50,1,6,40,1,2,39,37,3,466,41,1714,0.0256699991226196,104,0,2.42015283257261,3.07332737999656,43.6558207184463,1026.80994056641,50
"247",2020-11-02,7418,1070,332,56,75.9,64,3,8,47,6,2,44,42,0,472,50,1030,0.0174800002574921,14,0.0714300012588501,1.82034677038704,2.80849045221695,54.9324826017035,1004.35512767645,64
"248",2020-11-03,7489,998,333,36,72.3,71,1,36,33,1,2,45,43,1,473,34,1456,0.0219799995422363,13,0,2.17854862719511,2.74074957048943,67.5036292922563,924.724177460934,71
"249",2020-11-04,7554,922,337,53,66.4,65,5,1,51,1,1,42,41,4,474,56,1466,0.0272900009155273,295,0.0033899998664856,2.32863096551825,2.52019153001707,52.6050736863994,849.640677479646,65
"250",2020-11-05,7601,879,337,45,63.6,47,0,6,34,5,2,45,43,0,479,34,2536,0.0240499997138977,41,0,2.36673648717286,2.45839798921296,37.2879872563903,808.886494069619,47
"251",2020-11-06,7674,872,341,79,57.4,73,1,12,57,4,3,47,44,4,483,58,2342,0.0234800004959106,116,0.0258599996566772,2.35923194148077,2.27211569632945,65.3882948194197,802.665397974723,73
"252",2020-11-07,7709,838,346,75,56.3,35,3,4,25,3,4,47,43,5,486,28,2499,0.0276099991798401,142,0,2.61254782091709,2.2980279207491,29.5346125397905,764.214475298015,35
"253",2020-11-08,7746,776,346,47,55.9,37,1,5,29,1,4,48,44,0,487,30,1176,0.0204099988937378,92,0.0108700001239777,1.97178223268467,2.23397497790797,33.0063766741126,724.43160997038,37
"254",2020-11-09,7816,744,350,31,52.3,70,3,24,41,7,4,47,43,4,494,44,711,0.0210999989509583,20,0.1,2.3258685710166,2.30619237799791,64.5509400005801,685.6795309189,70
"255",2020-11-10,7883,753,350,51,54.4,67,0,11,54,3,5,48,43,0,497,54,1374,0.0334800004959106,17,0,3.30708272332,2.46741153458718,58.9813135206257,669.072760759836,67
"256",2020-11-11,7940,753,353,78,58,57,0,6,49,2,5,47,42,3,499,49,2375,0.0261100006103516,241,0.0290499997138977,2.63808491516186,2.51161924167912,50.6433993363541,686.050606128054,57
"257",2020-11-12,7982,743,355,58,59.9,42,1,8,31,3,3,44,41,2,502,32,2318,0.0215700006484985,214,0.00467000007629395,2.01416435701211,2.4612517945133,37.8277600962899,692.563304735731,42
"258",2020-11-13,8020,719,357,81,60.1,38,1,7,26,0,3,37,34,2,502,27,2719,0.0217000007629395,200,0,2.02131901591067,2.41297851943186,32.1606620624006,670.019111958003,38
"259",2020-11-14,8041,696,357,51,56.7,21,3,2,14,3,3,38,35,0,505,17,1710,0.015789999961853,245,0.0163300001621246,1.58576726212221,2.26629558246116,18.0914448975239,658.802685216273,21
"260",2020-11-15,8071,652,360,29,54.1,30,1,1,25,0,2,36,34,3,505,26,984,0.0152400004863739,306,0.00653999984264374,1.31762794034426,2.17284496926967,25.8454066650572,623.046351754511,30
"261",2020-11-16,8115,613,363,11,51.3,44,0,3,39,3,2,34,32,3,508,39,735,0.0122399997711182,53,0,1.1416751055548,2.0036744742037,40.49938238195,589.413369234239,44
"262",2020-11-17,8156,590,363,38,49.4,41,1,10,29,1,2,33,31,0,509,30,1828,0.020789999961853,38,0,2.03666237568421,1.82218585311287,37.9407778649101,549.501964676566,41
"263",2020-11-18,8197,583,363,66,47.7,41,3,6,30,1,2,33,31,0,510,33,2684,0.0204900002479553,20,0.05,2.07082694768906,1.74114900061676,36.6968583435886,542.311164070066,41
"264",2020-11-19,8217,567,364,53,47,20,2,1,17,0,2,31,29,1,510,19,2476,0.0121200001239777,187,0.0160399997234344,1.23952685900304,1.63048650090118,19.2062706393909,543.313444870245,20
"265",2020-11-20,8242,524,364,29,39.6,25,1,2,20,1,2,31,29,0,511,21,2643,0.00757000029087067,222,0.0225200009346008,0.872842966012306,1.46641849377284,22.3822420916347,508.585469334122,25
"266",2020-11-21,8271,494,365,27,36.1,29,4,4,19,2,2,32,30,1,513,23,1495,0.0187300002574921,71,0,1.7880811229215,1.49532047388702,25.6139530006351,464.230120970163,29
"267",2020-11-22,8298,480,368,26,35.7,27,3,4,19,3,4,32,28,3,516,22,1220,0.0147500002384186,36,0,1.4327229530948,1.51176261856567,24.937698481903,456.822512332429,27
"268",2020-11-23,8338,462,370,20,37,40,2,10,25,1,3,27,24,2,517,27,922,0.0173500001430511,13,0,1.71087701945381,1.5930771776941,35.4431547006297,435.360647099664,40
"269",2020-11-24,8382,472,370,21,34.6,44,2,7,34,1,3,23,20,0,518,36,1403,0.00855000019073486,41,0.0975599956512451,1.10772923056108,1.46037244267651,41.6560007715617,454.378676782698,44
"270",2020-11-25,8437,480,371,38,30.6,55,4,10,39,2,2,23,21,1,520,43,2618,0.0122200000286102,72,0.0138900005817413,1.22646989281736,1.33975000626627,51.2225874187929,460.159115372573,55
"271",2020-11-26,8482,495,372,60,31.6,45,3,4,37,3,2,23,21,1,523,40,3059,0.0143799996376038,224,0.00446000009775162,1.37031553193196,1.35843410239897,42.15267429097,472.139344350753,45
"272",2020-11-27,8528,506,374,56,35.4,46,2,3,40,3,1,24,23,2,526,42,3154,0.0177600002288818,336,0.00298000007867813,1.63370546556817,1.46712874519267,42.6874775633349,478.139610643987,46
"273",2020-11-28,8573,509,375,60,40.1,45,2,3,40,2,1,25,24,1,528,42,2597,0.0119400000572205,191,0,1.11220158352229,1.3705745252785,43.4256702507295,489.920622800508,45
"274",2020-11-29,8618,523,377,23,39.7,45,0,4,38,5,1,28,27,2,533,38,898,0.0245000004768372,12,0,2.41769235474723,1.51128443980027,38.9036678907846,480.384692286326,45
"275",2020-11-30,8662,530,378,45,43.3,44,1,7,35,1,1,25,24,1,534,36,1135,0.0229099988937378,61,0,2.17415123280873,1.57746647027955,40.3621192807893,491.164533856065,44
"276",2020-12-01,8715,550,378,34,45.1,53,2,11,39,3,1,27,26,0,537,41,1906,0.0141700005531311,113,0.0176999998092651,1.43675686145195,1.62447041754967,50.0146821869963,523.367687874341,53
"277",2020-12-02,8757,564,379,50,46.9,42,1,5,34,6,1,31,30,1,543,35,2859,0.0101400005817413,81,0.0123500001430511,1.0200888324757,1.59498740892943,38.796713788476,544.609902191441,42
"278",2020-12-03,8795,563,380,40,44,38,0,6,31,3,1,33,32,1,546,31,3327,0.0102199995517731,202,0,0.963500666158941,1.53687099953329,35.993354362492,544.718016325257,38
"279",2020-12-04,8837,566,382,54,43.7,42,1,5,32,2,1,31,30,2,548,33,2994,0.0110199999809265,165,0.0121200001239777,1.10774548791865,1.46173385986907,36.7679826260836,544.869035344343,42
"280",2020-12-05,8872,555,382,45,41.6,35,3,2,29,1,1,31,30,0,549,32,2277,0.0184500002861023,209,0,1.68988940673592,1.54426069175673,32.1774847770545,523.390751602039,35
"281",2020-12-06,8910,547,383,33,43,38,0,7,29,1,2,31,29,1,550,29,1397,0.0157500004768372,20,0,1.55276998349623,1.42070035300659,34.4823625750327,518.374218225616,38
"282",2020-12-07,8963,549,384,23,39.9,53,0,4,44,2,1,31,30,1,552,44,1068,0.0168499994277954,25,0.04,1.73795053878184,1.3583859681456,45.4227711062527,516.843212212108,53
"283",2020-12-08,9010,554,384,58,43.3,47,1,1,44,0,1,28,27,0,552,45,2367,0.01942999958992,69,0,1.88796424586785,1.4228441659193,43.1366846475647,518.749406550019,47
"284",2020-12-09,9065,565,386,39,41.7,55,2,3,48,1,3,25,22,2,553,50,2911,0.00962000012397766,167,0.00598999977111816,0.942305078709412,1.41173220109555,51.4120952829061,547.056676696839,55
"285",2020-12-10,9109,563,386,57,44.1,44,2,0,42,1,3,24,21,0,554,44,3091,0.0139100003242493,252,0.00397000014781952,1.3160709255012,1.46209938100158,42.0483817348451,538.028157198132,44
"286",2020-12-11,9148,547,386,49,43.4,39,6,2,30,1,2,24,22,0,555,36,3047,0.0118099999427795,32,0,1.16872587936503,1.47081086549392,36.5819940137114,525.454186819448,39
"287",2020-12-12,9176,531,387,56,45,28,2,4,22,0,2,21,19,1,555,24,2616,0.0156700003147125,24,0,1.5527545766397,1.45122017548018,26.7440366620395,503.211811147625,28
"288",2020-12-13,9216,529,388,27,44.1,40,5,2,33,0,2,20,18,1,555,38,1502,0.0119799995422363,47,0,1.16165005244926,1.39534589961632,38.5122778959003,508.289342287665,40
"289",2020-12-14,9258,526,388,19,43.6,42,3,4,35,2,2,21,19,0,557,38,917,0.0174500000476837,20,0,1.70775347318313,1.39103203310222,39.8128847108036,495.725719944281,42
"290",2020-12-15,9306,536,389,51,42.6,48,2,7,38,1,1,21,20,1,558,40,2079,0.0134700000286102,49,0,1.31598355542672,1.30932050589635,45.2259193609423,512.227319436627,48
"291",2020-12-16,9360,552,389,53,44.6,54,3,4,46,0,1,19,18,0,558,49,2312,0.0168700003623962,94,0,1.62109064164007,1.4062898720293,50.3228895989628,521.841531808724,54
"292",2020-12-17,9397,548,390,61,45.1,37,1,5,29,2,0,19,19,1,560,30,3207,0.0134099996089935,83,0.0241000008583069,1.36796865706023,1.41370383368059,33.6168785890291,522.734982226266,37
"293",2020-12-18,9439,538,390,23,41.4,42,3,4,35,0,0,18,18,0,560,38,3298,0.00727999985218048,170,0.00587999999523163,0.72113724082124,1.34976259960291,41.0764414713388,524.924355567902,42
"294",2020-12-19,9478,535,390,46,40,39,1,7,29,3,0,21,21,0,563,30,2799,0.0117900002002716,140,0,1.12283805922287,1.28834595425765,35.8647244564056,514.7542528059,39
"295",2020-12-20,9522,530,390,24,39.6,44,5,2,34,0,0,18,18,0,563,39,1360,0.0161800003051758,51,0,1.55951810170369,1.34518424700828,38.9501695993036,502.143330452075,44
"296",2020-12-21,9597,551,390,28,40.9,75,7,8,59,1,0,17,17,0,564,66,1365,0.00658999979496002,32,0.03125,0.715486737302823,1.20343185616824,72.4084934657327,537.713331812405,75
"297",2020-12-22,9678,593,390,67,43.1,81,5,7,67,2,0,17,17,0,566,72,3021,0.0225099992752075,48,0,2.21579367254487,1.33197615861369,73.6231896674417,548.71599267768,81
"298",2020-12-23,9780,662,390,52,43,102,5,6,90,1,1,15,14,0,567,95,2652,0.0199800002574921,199,0.0150800001621246,1.96379799070964,1.38093435133791,94.7124229611892,618.185515792708,102
"299",2020-12-24,9853,690,390,57,42.4,73,11,5,55,2,1,15,14,0,569,66,3469,0.01557000041008,144,0,1.49494413015686,1.39907370463743,67.674692586926,655.23542249968,73
"300",2020-12-25,9917,720,390,52,46.6,64,6,2,55,0,1,12,11,0,569,61,2537,0.0295600008964539,161,0,2.77960423551903,1.69314041816568,57.2855333501952,652.550557576074,64
"301",2020-12-26,10010,762,390,86,52.3,93,5,4,83,2,2,14,12,0,571,88,951,0.0199800002574921,50,0,1.89819982466283,1.80390638465711,86.3702708160428,713.251663202553,93
"302",2020-12-27,10121,827,391,35,53.9,111,8,6,95,2,4,14,10,1,573,103,1480,0.0270300006866455,32,0.0625,2.77806885028012,1.97798506302517,99.3563124228351,749.569615278491,111
"303",2020-12-28,10256,924,391,65,59.1,135,15,7,111,1,2,14,12,0,574,126,1188,0.04125,39,0.0256399989128113,4.07538385962507,2.45797036621406,115.693790015335,797.087793445791,135
"304",2020-12-29,10376,1000,391,113,65.7,120,5,15,100,3,4,13,9,0,577,105,1880,0.0505299997329712,25,0.04,5.03918107600976,2.8613114238519,102.167502731837,830.166692684165,120
"305",2020-12-30,10513,1091,391,88,70.9,137,12,10,115,3,5,14,9,0,580,127,2458,0.0573600006103516,62,0,5.59487625000969,3.38003688946619,113.052669461538,885.279231358565,137
"306",2020-12-31,10638,1177,391,147,83.7,125,0,9,116,2,5,14,9,0,582,116,2652,0.0331800007820129,144,0,3.14711595400209,3.6160614357298,112.696359400891,1052.16047426594,125
"307",2021-01-01,10755,1232,392,89,89,117,0,5,111,2,6,14,8,1,584,111,2759,0.0391400003433228,134,0.0149300003051758,3.80186246070242,3.76209832504171,101.777292358161,1074.14075842572,117
"308",2021-01-02,10867,1290,392,134,95.9,112,4,8,100,2,6,16,10,0,586,104,2369,0.0295499992370605,431,0,2.50014100687844,3.84808992250108,103.236839916419,1181.30311050173,112
"309",2021-01-03,10990,1316,393,107,106.1,123,0,5,118,3,5,19,14,1,589,118,1516,0.0600299978256226,126,0.0238100004196167,5.72506313986087,4.26908910672691,100.231983854066,1062.07873518602,123
"310",2021-01-04,11166,1427,393,115,113.3,176,5,30,141,5,8,22,14,0,594,146,1386,0.0533900022506714,155,0.00644999980926514,4.86685873393035,4.38215694591337,152.052261950305,1192.93546440469,176
"311",2021-01-05,11309,1503,395,105,112.1,143,2,19,122,6,8,24,16,2,600,124,2417,0.0575099992752075,97,0.0103100001811981,5.56888378145397,4.45782876097683,119.726980016576,1220.90847552349,143
"312",2021-01-06,11493,1599,395,132,118.4,184,11,42,130,7,7,29,22,0,607,141,2627,0.0513899993896484,211,0.0142200005054474,4.86264793880394,4.35322471651887,159.892399921396,1336.94998208732,184
"313",2021-01-07,11608,1631,395,188,124.3,115,2,7,105,6,9,33,24,0,613,107,2311,0.048899998664856,91,0.0109899997711182,4.74637747267502,4.58169064775786,96.8837368647701,1370.09696099477,115
"314",2021-01-08,11741,1663,395,186,138.1,133,6,13,113,0,11,31,20,0,613,119,2661,0.0368300008773804,249,0,3.36785678126148,4.51968983640915,118.492857588382,1474.24052243259,133
"315",2021-01-09,11841,1674,397,153,140.9,100,6,2,92,4,11,31,20,2,617,98,3020,0.0324499988555908,375,0.00266999989748001,2.91606027998348,4.57910687542416,90.3686874687065,1509.48145737362,100
"316",2021-01-10,11933,1658,397,120,142.7,92,5,3,82,5,11,35,24,0,622,87,1824,0.0509899997711182,78,0,4.88989272252994,4.45979681580545,75.6622340488366,1384.75843739047,92
"317",2021-01-11,12097,1709,397,66,135.7,164,2,25,135,3,13,35,22,0,625,137,1608,0.0342000007629395,115,0,3.1917354165297,4.22049348474822,147.262956937739,1525.1634555226,164
"318",2021-01-12,12238,1737,398,160,143.6,141,1,22,116,4,13,36,23,1,629,117,2211,0.0705600023269653,74,0.0135099995136261,6.87124311198813,4.40654481768167,111.905316701085,1334.74816333149,141
"319",2021-01-13,12327,1725,402,172,149.3,89,1,9,76,2,11,35,24,4,631,77,2532,0.0375200009346008,173,0.0115600001811981,3.58597125315181,4.22416243401708,76.6940560682275,1516.52268464536,89
"320",2021-01-14,12418,1711,402,130,141,91,2,14,74,9,10,42,32,0,640,76,2581,0.0337100005149841,146,0,3.19052113418313,4.00189724280395,81.8278162947376,1527.01833789863,91
"321",2021-01-15,12513,1679,404,144,135,95,6,7,80,5,11,42,31,2,645,86,2923,0.0372900009155273,206,0.00485000014305115,3.51542897748658,4.02297898512182,82.8108094955822,1480.07382724515,95
"322",2021-01-16,12574,1630,405,119,130.1,61,0,1,58,2,9,40,31,1,647,58,2470,0.0323900008201599,289,0,2.89972098679938,4.02064480038124,53.3317746500724,1470.70332206238,61
"323",2021-01-17,12653,1569,407,74,123.6,79,2,3,71,2,9,40,31,2,649,73,2036,0.026029999256134,32,0,2.5627213967838,3.68819175384607,69.6949699940268,1433.4850400086,79
"324",2021-01-18,12775,1591,408,64,123.3,122,2,45,73,7,10,44,34,1,656,75,1021,0.0391799998283386,48,0,3.74207481990026,3.7668116686133,110.541187149745,1390.34705006992,122
"325",2021-01-19,12849,1532,415,81,112,74,3,24,47,8,9,46,37,7,664,50,2337,0.0410799980163574,89,0,3.95729412053699,3.35053324126313,67.3314526867083,1327.67571032074,74
"326",2021-01-20,12910,1490,415,166,111.1,61,1,8,50,2,7,38,31,0,666,51,3065,0.0225099992752075,163,0.00612999975681305,2.16828803404187,3.14800706710457,55.2730801599533,1381.11547918295,61
"327",2021-01-21,12981,1459,417,81,104.1,71,1,9,60,3,7,38,31,2,669,61,2636,0.0242799997329712,117,0,2.32481217929938,3.02433435926404,65.2205204266478,1344.68425086031,71
"328",2021-01-22,13059,1427,418,94,97,78,1,3,73,5,6,38,32,1,674,74,2311,0.0307200002670288,111,0.00901000022888184,2.97250332958338,2.94677355242072,69.5866078782792,1284.04174922033,78
"329",2021-01-23,13108,1363,418,84,92,49,1,4,41,4,9,40,31,0,678,42,2122,0.0329900002479553,276,0,2.91929860409346,2.9495703548913,41.8677107571876,1228.89737528682,49
"330",2021-01-24,13154,1279,419,44,87.7,46,2,9,35,2,8,38,30,1,680,37,1247,0.0224499988555908,36,0,2.18200690357925,2.8951825701478,43.2790488361199,1184.94333679452,46
"331",2021-01-25,13217,1221,419,29,82.7,63,1,18,43,4,7,39,32,0,684,44,825,0.0206100010871887,48,0,1.94768051511234,2.63884052660667,59.1117598646654,1140.85133624446,63
"332",2021-01-26,13279,1157,420,74,81.7,62,1,19,40,8,5,41,36,1,692,41,2354,0.024210000038147,79,0,2.3423896461076,2.40813988740247,56.7632742782149,1065.66117902182,62
"333",2021-01-27,13357,1117,422,80,69.4,78,0,27,50,1,4,31,27,2,693,50,2800,0.0196399998664856,175,0.00570999979972839,1.88205880978528,2.36724999822296,73.8284899132674,1046.14846466239,78
"334",2021-01-28,13395,1056,422,66,67.3,38,1,3,33,3,5,31,26,0,696,34,2355,0.0212299990653992,209,0.0287100005149841,2.18397183723271,2.34712994935629,34.4974149059852,978.272651197657,38
"335",2021-01-29,13422,950,422,73,64.3,27,1,2,24,3,4,32,28,0,699,25,2847,0.0122899997234344,180,0.00555999994277954,1.18898015204223,2.09234092399327,25.9982080991515,911.931907767759,27
"336",2021-01-30,13441,853,423,41,58.1,19,1,6,12,2,5,34,29,1,701,13,2155,0.0157799994945526,216,0,1.43424288953019,1.88019010762709,18.3716104409155,811.767977392378,19
"337",2021-01-31,13483,794,424,25,55.4,42,3,5,34,4,6,33,27,1,705,37,922,0.0195200002193451,24,0,1.90247782264653,1.84025738177955,39.62762013388,743.090010440561,42
"338",2021-02-01,13527,707,424,27,55.1,44,6,7,29,4,5,30,25,0,709,35,548,0.0292000007629395,29,0,2.77324097367259,1.9581945901453,38.7287136976542,640.920016692614,44
"339",2021-02-02,13570,645,425,59,53,43,4,5,32,3,5,28,23,1,712,36,2439,0.0221399998664856,107,0.0280399990081787,2.23879574109322,1.94339546085754,38.2836866035067,596.332718312828,43
"340",2021-02-03,13633,630,425,54,49.3,63,4,22,36,2,4,27,23,0,714,40,2865,0.0129100000858307,212,0,1.20205233168362,1.84625167827158,60.3795103214017,604.477287562077,63
"341",2021-02-04,13715,632,425,51,47.1,82,3,43,33,2,5,26,21,0,716,36,2814,0.0127900004386902,90,0,1.23936161275738,1.71130736048939,77.4962922297733,605.601574700464,82
"342",2021-02-05,13771,629,427,72,47,56,1,8,46,2,5,22,17,2,718,47,2435,0.0160199999809265,149,0,1.50962461120573,1.75711371179847,52.6087238733868,596.997602475751,56
"343",2021-02-06,13796,598,427,61,49.9,25,1,4,19,3,6,22,16,0,721,20,2369,0.0143499994277954,205,0.0146300005912781,1.43722994427581,1.75754043390498,23.0312334042856,569.03387878814,25
"344",2021-02-07,13821,553,429,33,51,25,1,2,19,3,4,24,20,2,724,20,1004,0.0249000000953674,75,0,2.31692308579693,1.81674690006933,20.4382751700247,509.818308451183,25
"345",2021-02-08,13869,551,431,24,50.6,48,1,7,39,2,5,22,17,2,726,40,852,0.0140799999237061,29,0,1.36165266004513,1.61509142669397,45.1643527296782,525.713958851317,48
"346",2021-02-09,13924,571,431,42,48.1,55,5,8,39,0,2,19,17,0,726,44,2244,0.0178299999237061,149,0,1.67198160588368,1.5341179788069,49.5205972734312,538.824114616573,55
"347",2021-02-10,13979,586,432,41,46.3,55,0,5,49,3,4,20,16,1,729,49,2791,0.0125399994850159,100,0,1.21062395581734,1.53534249654028,52.0007447451646,562.090539197274,55
"348",2021-02-11,14037,611,433,51,46.3,58,1,11,44,1,3,17,14,1,730,45,2563,0.0152199995517731,58,0,1.48831968146488,1.57090793492707,53.7427916854903,580.352127107434,58
"349",2021-02-12,14088,614,435,52,43.4,51,0,8,42,3,2,17,15,2,733,42,2612,0.0157000005245209,173,0,1.47247401687786,1.56560070716595,47.9157018978006,583.529546791657,51
"350",2021-02-13,14123,615,435,45,41.1,35,0,4,30,6,2,21,19,0,739,30,2099,0.0219199991226196,46,0.0217400002479553,2.19161390068926,1.67336984379644,31.7841099684704,569.574254353644,35
"351",2021-02-14,14163,587,437,49,43.4,40,0,4,34,4,2,21,19,2,743,34,1175,0.0170200002193451,10,0,1.6876371525511,1.58347185333275,36.0661584045738,553.612793631906,40
"352",2021-02-15,14224,608,438,34,44.9,61,2,8,50,4,2,23,21,1,747,52,867,0.0265300011634827,26,0,2.57575711184093,1.75691534644643,55.4859002261502,555.219756490371,61
"353",2021-02-16,14277,605,438,61,47.6,53,3,13,34,3,2,24,22,0,750,37,1561,0.0333100008964539,23,0,3.28263329541442,1.98700844495083,45.9065734984165,538.066945041675,53
"354",2021-02-17,14334,621,439,50,48.9,57,5,6,43,2,2,25,23,1,752,48,2063,0.0184200000762939,222,0,1.66303983183345,2.0516392843817,51.3096623384348,586.1937565035,57
"355",2021-02-18,14406,638,439,68,51.3,72,3,12,53,3,3,26,23,0,755,56,2348,0.0212899994850159,116,0,2.02877105482213,2.12884662343274,64.1710123136129,594.376890287232,72
"356",2021-02-19,14461,644,440,58,52.1,55,2,16,34,1,3,26,23,1,756,36,2576,0.0151400005817413,96,0,1.45960484650321,2.12700817052207,50.2290728335015,612.320080688193,55
"357",2021-02-20,14509,623,440,66,55.1,48,0,3,44,4,3,26,23,0,760,44,2384,0.0255900001525879,68,0,2.48803264126303,2.16935370488975,43.310464844331,570.759536318596,48
"358",2021-02-21,14549,609,440,53,55.7,40,0,7,32,2,4,24,20,0,762,32,1000,0.03,28,0,2.91828793774319,2.34516095991719,35.8526791337498,549.102549764176,40
"359",2021-02-22,14615,627,440,32,55.4,66,0,11,54,1,6,23,17,0,763,54,863,0.0150600004196167,66,0,1.39900757396439,2.17705388307769,62.4538925468702,597.436863460882,66
"360",2021-02-23,14668,631,440,47,53.4,53,0,7,45,3,6,25,19,0,766,45,2036,0.019650000333786,84,0,1.88714154149001,1.97769791823135,49.1379323735641,590.867451727088,53
"361",2021-02-24,14718,640,441,60,54.9,50,2,10,38,1,6,24,18,1,767,40,2874,0.0187899994850159,41,0,1.85257147581254,2.00477386737122,47.5025438774242,600.040702038787,50
"362",2021-02-25,14751,635,441,44,51.4,33,1,5,25,1,6,23,17,0,768,26,2376,0.0185199999809265,128,0.00781000018119812,1.79725239528254,1.97169977315127,29.4251277820801,596.536774677725,33
"363",2021-02-26,14816,637,441,57,51.3,65,5,12,43,1,6,21,15,0,769,48,2639,0.0181900000572205,181,0,1.70224858691506,2.00636316463868,57.2462334364686,600.455222896469,65
"364",2021-02-27,14861,640,442,71,52,45,0,5,32,3,6,23,17,1,772,32,2535,0.0209100008010864,47,0.0212800002098083,2.09167358794017,1.94974044273542,34.7441677897625,594.883355795251,45
"365",2021-02-28,14927,654,442,50,51.6,66,2,9,54,7,6,28,22,0,779,56,1552,0.0257699990272522,94,0,2.42983222905804,1.87996105578039,60.414072148291,600.442914017541,66
"366",2021-03-01,15001,664,442,55,54.9,74,3,5,64,3,6,29,23,0,782,67,996,0.0291199994087219,45,0,2.78612098089213,2.07812011391293,65.7087393857874,601.650790330789,74
"367",2021-03-02,15067,674,443,62,57,66,1,7,57,3,4,29,25,1,785,58,2006,0.0259200000762939,41,0,2.54008403287961,2.17139761268287,60.0347744587639,616.30065491736,66
"368",2021-03-03,15128,686,443,65,57.7,61,1,5,51,6,5,32,27,0,791,52,2674,0.0205699992179871,109,0,1.97643470747026,2.18909236006254,53.5362326187488,640.304914931955,61
"369",2021-03-04,15182,678,443,61,60.1,54,2,3,49,1,5,31,26,0,792,51,2415,0.0198800003528595,224,0.00446000009775162,1.85711409147602,2.19764403094733,50.8079354568727,635.56431842666,54
"370",2021-03-05,15254,680,444,51,59.3,72,2,10,55,2,2,28,26,1,794,57,2437,0.0184700000286102,155,0,1.73655054281339,2.20254431036137,63.6640065715367,640.202183660438,72
"371",2021-03-06,15308,692,445,46,55.7,54,3,3,46,0,2,26,24,1,794,49,1959,0.0224600005149841,25,0,2.21769863955917,2.22054788916409,48.3376359459312,640.278450501722,54
"372",2021-03-07,15347,682,446,55,56.4,39,0,0,38,2,5,25,20,1,796,38,1749,0.0200099992752075,16,0.0625,2.03951777520328,2.16478868147055,35.3879950597198,635.121385019182,39
"373",2021-03-08,15427,721,447,39,54.1,80,1,9,62,6,4,29,25,1,802,63,1168,0.0196899998188019,142,0,1.75556639605806,2.01756659792283,68.2724737425106,678.340532830954,80
"374",2021-03-09,15481,724,447,70,55.3,54,1,8,44,1,3,27,24,0,803,45,2100,0.0304800009727478,57,0,2.96745489303525,2.07861957794506,48.4995126780161,651.592159530748,54
"375",2021-03-10,15560,746,447,77,57,79,3,7,64,0,2,24,22,0,803,67,2656,0.0184500002861023,176,0,1.73033900988304,2.04346304971832,70.0927706525411,702.495625474562,79
"376",2021-03-11,15613,736,450,73,58.7,53,1,3,47,1,2,20,18,3,804,48,2319,0.0284599995613098,86,0,2.74423031113004,2.17019393824032,46.5605957135118,667.929134273848,53
"377",2021-03-12,15686,732,450,97,65.3,73,2,6,61,2,2,17,15,0,806,63,2363,0.0241199994087219,133,0,2.28347590556129,2.24832613291859,64.1515838902839,675.666022344251,73
"378",2021-03-13,15732,728,450,56,66.7,46,2,3,35,4,4,21,17,0,810,37,2355,0.0195299994945526,96,0,1.87650545939092,2.19958425003741,37.6600075346317,681.959067167888,46
"379",2021-03-14,15788,741,450,65,68.1,56,2,7,44,2,3,22,19,0,812,46,1542,0.0343700003623962,36,0,3.35858938902503,2.38802305201195,47.7931190759947,657.123939898089,56
"380",2021-03-15,15870,764,451,59,71,82,0,3,74,4,5,24,19,1,816,74,1003,0.0358899998664856,13,0,3.54307774272491,2.6433818158215,68.1636012773642,672.770153728463,82
"381",2021-03-16,15942,765,452,85,73.1,72,2,6,61,5,6,26,20,1,821,63,1583,0.0334800004959106,9,0,3.32907291363232,2.69504153304965,61.9315081864606,679.168313692736,72
"382",2021-03-17,16021,782,453,78,73.3,79,1,6,68,3,5,26,21,1,824,69,2852,0.0308599996566772,174,0,2.90854986850111,2.86335736999509,68.2362350353226,705.34399706699,79
"383",2021-03-18,16116,821,454,64,72,95,3,4,87,2,5,23,18,1,826,90,2574,0.0318600010871887,161,0,2.99845129061878,2.89967465277919,84.9050061379614,738.033444880736,91
"384",2021-03-19,16227,855,456,118,75,111,5,4,96,2,4,23,19,2,828,101,2618,0.0408699989318848,96,0,3.94243394265565,3.13666865807839,91.580117858268,741.396047216031,102
"385",2021-03-20,16296,872,457,86,79.3,69,3,4,60,5,5,27,22,1,833,63,2015,0.053600001335144,150,0.00666999995708466,5.03485000849321,3.58786073652157,56.3096976273186,724.032640174949,68
"386",2021-03-21,16363,884,458,86,82.3,67,7,2,57,3,5,28,23,1,836,64,1306,0.0421099996566772,87,0,3.94800140356213,3.67206245288402,57.4843034940374,766.376942011392,68
"387",2021-03-22,16515,964,459,56,81.9,152,3,6,138,5,8,31,23,1,841,141,1143,0.0507399988174439,131,0,4.55226206030913,3.81623164111033,125.367372578386,816.100334507545,127
"388",2021-03-23,16634,999,460,113,85.9,119,2,2,114,4,9,31,22,1,845,116,1956,0.0311899995803833,153,0,2.89272826833711,3.75389669178245,106.69088731248,901.60514159627,104
"389",2021-03-24,16744,1047,460,100,89,110,2,4,100,4,9,32,23,0,849,102,3090,0.0423899984359741,47,0,4.17548916694804,3.93488802013201,91.646082832279,899.661262013687,98
"390",2021-03-25,16889,1118,461,127,98,145,1,5,137,7,10,38,28,1,856,138,2992,0.0354299998283386,280,0,3.23980927525639,3.9693677322231,127.931798003169,995.925725851757,125
"391",2021-03-26,17007,1178,462,112,97.1,118,4,1,110,4,11,40,29,1,860,114,2379,0.0638899993896484,117,0,6.08951556682587,4.27609367853313,91.603521276675,936.236386525641,108
"392",2021-03-27,17127,1243,464,139,104.7,120,2,4,113,5,12,42,30,2,865,115,2465,0.0596299982070923,117,0,5.69279417430219,4.37008570222012,96.9358996016872,1004.51585395563,112
"393",2021-03-28,17240,1293,465,147,113.4,113,0,2,111,1,12,39,27,1,866,111,2499,0.0896399974822998,157,0,8.43412476311247,5.01096046787017,81.4480719751295,925.462676250833,106
"394",2021-03-29,17393,1392,465,164,128.9,153,0,3,150,3,11,40,29,0,869,150,1634,0.0862899971008301,40,0,8.42281094759596,5.56389602319686,110.419455109392,996.852543415156,139
"395",2021-03-30,17410,1332,466,184,139,17,0,0,17,2,12,39,27,1,871,17,1929,0.0466599988937378,63,0,4.51843061576407,5.79613921568643,14.4111943857116,1129.15946598635,105
"396",2021-03-31,17410,1263,466,59,133.1,0,0,0,0,2,13,40,27,0,873,0,NA,NA,NA,NA,NA,NA,NA,NA,116
