"","date","observed_cumulative_cases","observed_active_cases","observed_cumulative_deaths","observed_new_cases","observed_daily_average_cases","observed_new_episodes","observed_new_cases_community_outbreak","observed_new_cases_institution_outbreak","observed_new_cases_sporadic","observed_new_ICU_p_acute_care","observed_census_ICU","observed_census_ICU_p_acute_care","observed_census_acute_care","observed_new_deaths","cumulative_hosp","observed_new_community_cases","num_non_ltch_tests","non_ltch_pct_positivity","num_ltch_tests","ltch_pct_positivity","observed_pct_positivity","pct_positivity_7_day","adjusted_new_episodes","adjusted_active_cases","adjusted_episode_cases"
"1",2020-03-01,7,7,0,0,0,2,0,0,2,0,0,1,1,0,0,2,NA,NA,NA,NA,NA,NA,NA,NA,2
"2",2020-03-02,10,10,0,0,0,3,2,0,1,0,0,1,1,0,0,3,NA,NA,NA,NA,NA,NA,NA,NA,3
"3",2020-03-03,11,11,0,0,0,1,0,0,1,0,0,1,1,0,0,1,NA,NA,NA,NA,NA,NA,NA,NA,1
"4",2020-03-04,12,12,0,0,0,1,0,0,1,0,0,1,1,0,0,1,NA,NA,NA,NA,NA,NA,NA,NA,1
"5",2020-03-05,18,17,0,0,0,6,2,0,4,0,0,1,1,0,0,6,NA,NA,NA,NA,NA,NA,NA,NA,6
"6",2020-03-06,23,22,0,0,0,5,0,1,4,0,0,1,1,0,0,4,NA,NA,NA,NA,NA,NA,NA,NA,5
"7",2020-03-07,27,26,0,0,0,4,0,0,4,0,0,1,1,0,0,4,NA,NA,NA,NA,NA,NA,NA,NA,4
"8",2020-03-08,36,35,0,0,0,9,1,0,8,0,0,1,1,0,0,9,NA,NA,NA,NA,NA,NA,NA,NA,9
"9",2020-03-09,45,44,0,1,0.1,9,0,0,9,0,0,1,1,0,0,9,NA,NA,NA,NA,NA,NA,NA,NA,9
"10",2020-03-10,52,51,0,0,0.1,7,1,0,6,0,0,1,1,0,0,7,NA,NA,NA,NA,NA,NA,NA,NA,7
"11",2020-03-11,61,60,0,0,0.1,9,0,0,9,0,0,1,1,0,0,9,NA,NA,NA,NA,NA,NA,NA,NA,9
"12",2020-03-12,75,74,0,3,0.6,14,1,0,13,0,0,1,1,0,0,14,NA,NA,NA,NA,NA,NA,NA,NA,14
"13",2020-03-13,97,96,0,1,0.7,22,2,2,18,0,0,1,1,0,0,20,NA,NA,NA,NA,NA,NA,NA,NA,22
"14",2020-03-14,115,114,0,4,1.3,18,1,1,16,1,0,2,2,0,1,17,NA,NA,NA,NA,NA,NA,NA,NA,18
"15",2020-03-15,142,140,0,4,1.9,27,1,0,26,0,0,2,2,0,1,27,NA,NA,NA,NA,NA,NA,NA,NA,27
"16",2020-03-16,157,155,0,0,1.7,15,0,0,15,0,0,2,2,0,1,15,NA,NA,NA,NA,NA,NA,NA,NA,15
"17",2020-03-17,180,177,0,5,2.4,23,1,0,22,2,0,4,4,0,3,23,133,0.0150399994850159,4,0,1.46008754124607,1.46008754124607,21.2374711947311,163.436191368148,23
"18",2020-03-18,196,192,0,4,3,16,0,0,16,0,0,3,3,0,3,16,204,0.0147099995613098,1,0,1.46382434658888,1.46195594391747,14.7707550266282,177.249060319538,16
"19",2020-03-19,221,217,0,1,2.7,25,0,0,25,4,0,7,7,0,7,25,112,0.0178600001335144,6,0,1.69518645335052,1.53969944706182,22.7757327155951,197.693359971366,25
"20",2020-03-20,243,239,0,2,2.9,22,1,1,20,3,1,10,9,0,10,21,141,0.00708999991416931,5,0,0.684719169793064,1.32595437774463,21.245322722992,230.411053847385,22
"21",2020-03-21,263,259,0,4,2.9,20,0,2,18,3,1,10,9,0,13,18,204,0.0147099995613098,4,0,1.44271149543615,1.34930580128294,18.637045086616,239.388593190752,20
"22",2020-03-22,289,284,0,7,3.3,26,0,1,25,3,5,13,8,0,16,25,157,0.0254800009727478,2,0,2.51594978158579,1.54374646466675,22.6988027910876,246.498399706755,26
"23",2020-03-23,310,305,0,9,4.6,21,2,0,19,4,5,17,12,0,20,21,142,0.0352099990844727,3,0,3.44815163447939,1.81580434606855,17.1995489523009,249.802972878656,21
"24",2020-03-24,328,321,1,8,5,18,1,3,14,3,7,20,13,1,23,15,254,0.0236199998855591,4,0,2.32537983369458,1.93941753070405,16.1693106580652,281.823248082596,18
"25",2020-03-25,351,344,1,8,5.6,23,0,1,22,4,8,23,15,0,27,22,152,0.065789999961853,2,0,6.49355843779329,2.65795097230468,15.5021814465738,226.761382619154,23
"26",2020-03-26,365,354,1,19,8.1,14,1,3,10,2,7,25,18,0,29,11,275,0.01817999958992,3,0,1.79838125439857,2.67269308674012,12.9617452076133,320.587073045011,14
"27",2020-03-27,382,362,1,27,11.7,17,3,2,12,5,9,26,17,0,34,15,577,0.0381299996376038,5,0,3.78024223211295,3.11491066707153,14.0239489205229,290.177967281954,17
"28",2020-03-28,407,384,2,26,14.9,25,1,1,23,3,8,25,17,1,37,24,360,0.0722200012207031,3,0,7.16231417064824,3.9319967635304,15.9781811808616,239.650898893785,25
"29",2020-03-29,426,396,2,11,15.4,19,5,4,10,7,8,31,23,0,44,15,185,0.0486499977111816,0,0,4.86499977111816,4.2675753334636,15.1699576557561,294.88688211196,19
"30",2020-03-30,451,406,3,48,21,25,8,3,14,4,12,32,20,1,48,22,541,0.0831799983978272,1,0,8.30265297660969,4.9610755251965,15.4133017163024,229.081840764489,25
"31",2020-03-31,468,403,3,51,27.1,17,2,3,12,6,13,34,21,0,54,14,956,0.0617199993133545,0,0,6.17199993133545,5.51059268200234,12.4649357893867,272.454937365918,17
"32",2020-04-01,495,405,3,37,31.3,27,6,4,16,3,15,33,18,0,57,22,566,0.0565399980545044,4,0.25,5.78976121032447,5.41005022093536,19.3148243080368,281.931992943405,27
"33",2020-04-02,512,401,6,32,33.1,17,5,4,7,6,14,34,20,3,63,12,108,0.0833300018310547,8,0,7.75831051530509,6.26146868677915,11.1137251072747,237.716980668095,17
"34",2020-04-03,539,406,6,26,33,27,3,4,19,5,14,37,23,0,68,22,216,0.115740003585815,2,0,11.4678168690533,7.35969363491348,12.7586299697179,161.636534895704,27
"35",2020-04-04,556,414,7,18,31.9,17,3,7,6,7,14,43,29,1,75,9,316,0.0221499991416931,3,0,2.19416919397336,6.64995863824564,14.9635648938883,366.323985118863,17
"36",2020-04-05,583,425,8,40,36,27,4,8,13,4,13,43,30,1,79,17,421,0.0688800001144409,5,0.2,7.04189672492479,6.96094391736087,18.7169854545345,267.924636363361,27
"37",2020-04-06,602,425,9,40,34.9,19,3,7,9,4,12,44,32,1,83,12,236,0.114409999847412,4,0.25,11.6669833183289,7.44156253760647,11.651997164881,164.758232922867,19
"38",2020-04-07,625,423,9,25,31.1,23,2,11,10,4,14,45,31,0,87,12,288,0.107639999389648,6,0,10.5443264708227,8.06618061467608,16.3590596053819,188.906851089711,23
"39",2020-04-08,645,426,11,26,29.6,20,1,10,8,5,16,44,28,2,92,9,369,0.0433599996566772,6,0.333330001831055,4.79995196914673,7.92477929450783,16.7327004945025,318.681156739787,20
"40",2020-04-09,681,434,11,25,28.6,36,1,20,13,6,16,47,31,0,98,14,295,0.0949199962615967,5,0,9.33379963239034,8.14984916837715,27.1417075287086,221.392933389967,36
"41",2020-04-10,715,450,11,36,30,34,0,20,13,4,16,49,33,0,102,13,332,0.0903600025177002,8,0,8.82338848114014,7.77207368438956,26.9798370647367,241.609744548577,34
"42",2020-04-11,759,480,11,31,31.9,44,0,34,8,5,19,53,34,0,107,8,223,0.103140001296997,11,0.363639984130859,11.5385726985768,9.10698847076149,37.1552477854796,189.314867128775,44
"43",2020-04-12,792,495,13,35,31.1,33,0,18,14,1,18,49,31,2,108,14,227,0.101319999694824,11,0.545449981689453,12.1847015669366,9.84167487676317,23.0469208347413,178.444700942638,33
"44",2020-04-13,816,502,16,16,27.7,24,0,19,5,3,20,51,31,3,111,5,166,0.0602400016784668,26,0.0384599995613098,5.72906263917685,8.99340049402717,22.4965705013226,351.055678332791,24
"45",2020-04-14,849,502,18,32,28.7,33,0,26,7,5,20,50,30,2,116,7,208,0.0721199989318848,18,0.166669998168945,7.9650529844571,8.6249328531178,30.0737178283123,292.143764258964,33
"46",2020-04-15,878,500,24,60,33.6,29,2,18,9,4,16,50,34,6,120,11,389,0.0976900005340576,25,0.2,10.3868140598426,9.42305600893149,23.0034075372592,227.427615329965,29
"47",2020-04-16,948,549,24,21,33,70,1,55,13,7,13,52,39,0,127,14,310,0.0354800009727478,11,0,3.42641753942424,8.57914428136491,66.4823357539639,450.271594923299,70
"48",2020-04-17,980,553,26,73,38.3,32,0,26,6,0,13,49,36,2,127,6,378,0.0846599960327148,66,0.5,14.6399726352176,9.41008487480455,27.3897868243008,128.09201897306,32
"49",2020-04-18,1020,575,31,31,38.3,40,0,31,9,1,11,46,35,5,128,9,421,0.0617600011825562,8,0,6.06082995288022,8.62755019684789,37.1371136954289,392.093374985733,40
"50",2020-04-19,1037,578,35,38,38.7,17,0,13,4,5,15,47,32,4,133,4,452,0.0442500019073486,47,0.127659997940063,5.21062540386865,7.6312536021239,15.906095683414,419.930826253324,17
"51",2020-04-20,1098,614,39,16,38.7,61,1,47,13,3,13,45,32,4,136,14,325,0.0523099994659424,43,0.0232599997520447,4.89155701515467,7.5116099415493,57.4057800712253,456.367783123736,61
"52",2020-04-21,1134,627,47,51,41.4,36,0,26,10,2,11,43,32,8,138,10,543,0.069980001449585,25,0.36,8.27449661745152,7.55581617483422,31.6571875418802,354.705658875891,36
"53",2020-04-22,1175,644,54,35,37.9,41,1,31,9,4,9,45,36,7,142,10,655,0.0244300007820129,122,0.106560001373291,3.73255735904247,6.60520807471991,39.040993023635,517.839950722093,41
"54",2020-04-23,1220,659,57,50,42,45,0,35,10,5,11,48,37,3,147,10,775,0.0361299991607666,105,0.0285700011253357,3.522795394063,6.61897633966831,43.1510851436597,537.156510967174,45
"55",2020-04-24,1261,666,65,38,37,41,0,36,5,7,10,48,38,8,154,5,518,0.0405399990081787,94,0.106379995346069,5.06526781842599,5.25116136584093,39.6707645671654,488.945840346429,41
"56",2020-04-25,1362,738,78,53,40.1,101,0,95,6,4,9,48,39,13,158,6,557,0.0502699995040894,28,0.0357100009918213,4.95731106864081,5.09351581094959,99.4389136937518,545.986384331466,101
"57",2020-04-26,1416,757,87,88,47.3,54,0,41,13,5,9,50,41,9,163,13,359,0.0501399993896484,81,0.0123500001430511,4.31832040737976,4.96604366859403,51.0536271280963,585.430441228377,54
"58",2020-04-27,1477,781,95,87,57.4,61,0,54,7,8,11,56,45,8,171,7,267,0.0599300003051758,80,0.1,6.91680405806396,5.25536467472393,58.4588341798018,497.478499203601,61
"59",2020-04-28,1498,777,103,65,59.4,21,0,14,7,7,13,61,48,8,178,7,502,0.0597599983215332,11,0.272730007171631,6.43266066984359,4.99224525363708,18.6367037016059,514.674110878256,21
"60",2020-04-29,1523,766,111,29,58.6,25,0,17,8,7,13,62,49,8,185,8,667,0.0314800000190735,74,0.148649997711182,4.31811873729412,5.07589687910161,23.1869321395663,592.39875236347,25
"61",2020-04-30,1543,756,122,30,55.7,20,0,10,10,2,11,56,45,11,187,10,604,0.0446999979019165,6,0.333330001831055,4.75389815471211,5.25176870205148,17.5049493539735,567.374171160399,20
"62",2020-05-01,1566,740,135,42,56.3,23,0,16,7,6,11,57,46,13,193,7,517,0.0309500002861023,55,0.0909099960327148,3.67153844925074,5.05266450645501,21.6511128641989,597.403359929596,23
"63",2020-05-02,1587,741,139,22,51.9,21,0,15,6,4,12,57,45,4,197,6,507,0.0493100023269653,28,0.0357100009918213,4.85982265561541,5.03873759030853,19.4696133663131,551.997250739664,21
"64",2020-05-03,1606,722,148,23,42.6,19,0,13,6,3,12,52,40,9,200,6,819,0.0219799995422363,231,0.0043299999833107,1.80969996392727,4.68036324124389,18.4301148761925,653.423823435161,19
"65",2020-05-04,1624,719,152,14,32.1,18,0,11,7,6,10,52,42,4,206,7,644,0.0108700001239777,24,0.125,1.49704791614395,3.90611236382674,17.449999311276,662.507072115352,18
"66",2020-05-05,1649,719,156,29,27,25,0,24,1,3,9,50,41,4,209,1,924,0.0292199993133545,29,0.172409992218018,3.35773023503274,3.46683658742519,24.8237718453477,592.291956804963,25
"67",2020-05-06,1665,693,161,23,26.1,16,0,11,5,4,10,52,42,5,213,5,598,0.0167200005054474,149,0.0134200000762939,1.60617674881196,3.07941630335631,15.5785046077624,634.580738635869,16
"68",2020-05-07,1688,671,167,32,26.4,23,0,16,7,6,10,54,44,6,219,7,813,0.0344400000572205,234,0.0170899999141693,3.05623495954497,2.83689298976101,21.8771693180124,563.368658912332,23
"69",2020-05-08,1701,638,173,16,22.7,13,0,8,5,4,8,54,46,6,223,5,720,0.00972000002861023,127,0.0472399997711182,1.53457851139686,2.53161299863902,12.5972935282129,586.61465419996,13
"70",2020-05-09,1718,622,179,12,21.3,17,0,12,5,5,7,52,45,6,228,5,1100,0.0154499995708466,160,0.03125,1.74563488316914,2.0867290311467,16.5419077879634,565.013328822648,17
"71",2020-05-10,1730,553,185,25,21.6,12,0,8,4,3,6,53,47,6,231,4,916,0.0174699997901917,326,0.0122699999809265,1.6105104510143,2.05827338644485,11.6618938807301,506.256829010931,12
"72",2020-05-11,1750,534,188,14,21.6,20,0,14,6,1,6,52,46,3,232,6,496,0.0121000003814697,186,0.0161300003528595,1.31990912827578,2.03296784532082,19.5843528806014,497.007406373524,20
"73",2020-05-12,1773,517,193,13,19.3,23,0,17,6,4,7,52,45,5,236,6,842,0.0118799996376038,324,0.00308999985456467,0.943749540972669,1.6881134604551,22.7028077390059,491.391933511007,23
"74",2020-05-13,1794,499,195,21,19,21,0,15,6,2,8,48,40,2,238,6,1253,0.0143700003623962,227,0.0132200002670288,1.41936152126338,1.6614255708053,20.5530347392407,461.827389146853,21
"75",2020-05-14,1808,471,198,25,18,14,0,10,4,2,7,46,39,3,240,4,1060,0.0264199995994568,123,0.0243899989128113,2.62089344393068,1.59923392571755,13.4497768637333,406.211225704593,14
"76",2020-05-15,1828,457,201,17,18.1,20,0,12,8,1,6,45,39,3,241,8,1156,0.0121099996566772,134,0.0149300003051758,1.24029299565988,1.55719313775512,19.4792326231026,427.251163594738,20
"77",2020-05-16,1844,437,207,19,19.1,16,0,6,10,1,5,43,38,6,242,10,965,0.0134700000286102,25,0.04,1.41399495228372,1.50981600477149,15.2578745054358,404.569115887543,16
"78",2020-05-17,1856,397,212,15,17.7,12,0,9,3,1,3,43,40,5,243,3,353,0.0254999995231628,10,0.1,2.7552341134095,1.67334795654223,11.5661803157603,339.591195118945,12
"79",2020-05-18,1871,389,213,26,19.4,15,0,8,7,2,2,44,42,1,245,7,375,0.04,17,0.0588199996948242,4.08161734561531,2.06787770187645,13.5004539086642,305.668081495765,15
"80",2020-05-19,1883,352,219,23,20.9,12,0,8,4,0,2,41,39,6,245,4,360,0.0388899993896484,31,0.225809993743896,5.37097431875556,2.70033838441686,10.8724324747665,252.774057779448,12
"81",2020-05-20,1898,338,223,17,20.3,15,0,9,6,3,2,42,40,4,248,6,674,0.0296700000762939,36,0.0555600023269653,3.09827325847787,2.94018291830465,14.0243355944675,283.037571821671,15
"82",2020-05-21,1906,324,229,11,18.3,8,0,1,7,0,2,39,37,6,248,7,480,0.0208299994468689,36,0,1.93767436715059,2.84258019305035,7.28811748444187,291.050009279881,8
"83",2020-05-22,1913,308,233,7,16.9,7,0,3,4,1,2,37,35,4,249,4,513,0.00584999978542328,14,0,0.569459182148414,2.74674679112014,6.88044931093892,298.794596942297,7
"84",2020-05-23,1922,304,236,6,15,9,1,3,5,1,1,36,35,3,250,6,582,0.00859000027179718,43,0,0.799900825309753,2.65901905869529,8.74810654254745,291.237398155738,9
"85",2020-05-24,1931,300,237,8,14,9,0,3,6,1,2,37,35,1,251,6,332,0.0150600004196167,25,0.04,1.68064989896716,2.50550702806066,8.47075349790497,273.537674895249,9
"86",2020-05-25,1946,296,240,6,11.1,15,1,7,7,0,2,36,34,3,251,8,400,0.0175,8,0,1.7156862745098,2.16751687504559,14.2796271172362,269.346203337739,15
"87",2020-05-26,1952,286,243,16,10.1,6,0,2,4,1,2,36,34,3,252,4,1124,0.00800999999046326,41,0.0731699991226196,1.03031845092773,1.54742317964162,5.78369778796779,270.534391839697,6
"88",2020-05-27,1957,258,243,8,8.9,5,0,1,4,1,2,34,32,0,253,4,1153,0.00953999996185303,13,0.0769199991226196,1.02912349439199,1.25183035620078,4.78394865384496,244.064688173,5
"89",2020-05-28,1961,233,244,4,7.9,4,0,2,2,1,1,31,30,1,254,2,1402,0.00284999996423721,88,0,0.268167781869837,1.01332941544638,3.97185079799261,229.720617966139,4
"90",2020-05-29,1968,223,247,7,7.9,7,0,3,4,2,1,32,31,3,256,4,1389,0.00648000001907349,37,0,0.631186537622235,1.0221476090855,6.86749044029085,215.612592046215,7
"91",2020-05-30,1971,205,248,15,9.1,3,1,1,1,0,1,31,30,1,256,2,1008,0.0128999996185303,119,0,1.15378878575675,1.0727030320065,2.87888838331856,192.586059290153,3
"92",2020-05-31,1975,190,249,10,9.4,4,0,1,3,3,1,34,33,1,259,3,1307,0.0053600001335144,11,0.0909099960327148,0.607399858183854,0.919381597608885,3.90436311259282,183.942997130879,4
"93",2020-06-01,1986,180,250,5,9.3,11,0,5,6,0,1,31,30,1,259,6,766,0.00130999997258186,20,0,0.127666663994619,0.692521653249573,10.9597970193585,178.793910580755,11
"94",2020-06-02,1989,161,251,8,8.1,3,0,1,2,0,1,26,25,1,259,2,857,0.00933000028133392,9,0,0.923303722991128,0.677233834972915,2.90308208230148,153.198107625269,3
"95",2020-06-03,1999,152,251,8,8.1,10,0,7,3,0,0,22,22,0,259,3,1110,0.00449999988079071,135,0,0.40120480864881,0.587531165581033,9.93682912731212,148.799342450481,10
"96",2020-06-04,2006,142,254,8,8.7,7,0,2,5,0,0,20,20,3,259,5,1436,0.00556999981403351,20,0,0.5493488827577,0.627699894279299,6.85583901461373,137.90582801503,7
"97",2020-06-05,2010,133,256,15,9.9,4,0,1,3,1,0,21,21,2,260,3,1371,0.00948000013828278,29,0,0.928362870684692,0.670153656145364,3.85382654582411,126.519643531536,4
"98",2020-06-06,2013,124,257,2,8,3,0,0,3,0,0,21,21,1,260,3,1402,0.000710000023245811,68,0,0.0677156484755529,0.515000350819479,2.98933797273459,123.55930287303,3
"99",2020-06-07,2014,116,258,4,7.1,1,0,0,1,0,0,20,20,1,260,1,872,0.00229000002145767,22,0,0.223364655336811,0.460138178984188,0.988276860179573,114.64011578083,1
"100",2020-06-08,2017,108,258,0,6.4,3,0,0,3,0,0,19,19,0,260,3,702,0.00142000004649162,12,0,0.139613449949176,0.461844862691982,2.97801745322556,107.20862831612,3
"101",2020-06-09,2027,105,259,3,5.7,10,0,3,7,0,0,18,18,1,260,7,1337,0.00224000006914139,10,0,0.222337052148629,0.361706766857339,9.91831555256723,103.774733288508,10
"102",2020-06-10,2037,103,259,7,5.6,10,0,4,6,0,0,17,17,0,260,6,1282,0.00233999997377396,12,0,0.231829981945766,0.337510363042618,9.92699538011994,101.746754025392,10
"103",2020-06-11,2044,102,260,5,5.1,7,0,2,5,0,0,16,16,1,260,5,1529,0.00326999992132187,6,0,0.325721816267175,0.305563639258257,6.9145235760576,100.256280951575,7
"104",2020-06-12,2048,105,260,10,4.4,4,0,2,2,0,0,16,16,0,260,2,1596,0.00814999997615814,13,0,0.808415162333648,0.288428252350965,3.91514177597436,100.544943238654,4
"105",2020-06-13,2051,103,260,6,5,3,0,3,0,0,0,16,16,0,260,0,1478,0.00270999997854233,23,0.0434800004959106,0.333472350412492,0.326393495484814,3,101.197287178778,3
"106",2020-06-14,2054,100,260,1,4.6,3,0,1,2,0,0,16,16,0,260,2,768,0,13,0,0,0.294484259008127,3,100,3
"107",2020-06-15,2059,98,260,2,4.9,5,0,2,3,0,0,14,14,0,260,3,720,0.00555999994277954,17,0,0.543175028331244,0.352135913062708,4.91447550023763,95.2061996744293,5
"108",2020-06-16,2063,97,260,3,4.9,4,0,1,3,1,0,14,14,0,261,3,1250,0.000799999982118607,14,0,0.0791139222822989,0.331675465938946,3.98754328112575,96.5972327563994,4
"109",2020-06-17,2066,87,260,8,5,3,0,0,3,1,1,6,5,0,262,3,1099,0.00910000026226044,26,0,0.88896891450882,0.425552456305097,2.86002923965183,82.9408479499031,3
"110",2020-06-18,2068,73,260,2,4.6,2,0,0,2,0,1,6,5,0,262,2,1299,0.00231000006198883,121,0,0.211316202853767,0.409208797246039,1.97781842979015,72.1903726873404,2
"111",2020-06-19,2071,71,260,5,3.9,3,0,0,3,0,1,5,4,0,262,3,1875,0.0010700000077486,19,0,0.105926611115556,0.308853289929168,2.98332154470537,70.6052765580271,3
"112",2020-06-20,2077,71,261,1,3.1,6,0,0,6,1,1,5,4,1,263,6,1795,0.00111000001430511,158,0,0.102019970592815,0.275788664240643,5.96787331340497,70.6198342086255,6
"113",2020-06-21,2083,75,261,1,3.1,6,0,0,6,0,1,4,3,0,263,6,1102,0.00363000005483627,86,0,0.336722227308887,0.323891839570484,5.8939641973677,73.6745524670963,6
"114",2020-06-22,2085,74,262,6,3.7,2,0,1,1,0,1,1,0,1,263,1,510,0.00391999989748001,10,0,0.384461528406693,0.301218482438405,1.97982180194852,72.5068133441905,2
"115",2020-06-23,2094,79,262,4,3.9,9,0,0,9,0,1,1,0,0,263,9,1255,0.00158999994397163,20,0,0.156505876837992,0.312274475946361,8.92607307334675,78.3510858660437,9
"116",2020-06-24,2096,73,263,3,3.1,2,0,0,2,1,1,2,1,1,264,2,1732,0.00289000004529953,24,0,0.285050118363257,0.226000362211281,1.97007868242751,71.907871908604,2
"117",2020-06-25,2102,71,263,6,3.7,6,0,0,6,0,1,2,1,0,264,6,1798,0.00277999997138977,21,0.0476200008392334,0.329766903033684,0.242921890808412,5.89615446974141,69.7711612252734,6
"118",2020-06-26,2106,65,263,6,3.9,4,0,0,4,0,1,2,1,0,264,4,2028,0.00196999996900558,23,0,0.194790830674955,0.255616779316898,3.95910615060747,64.3354749473714,4
"119",2020-06-27,2109,67,263,3,4.1,3,0,0,3,0,1,1,0,0,264,3,1573,0.000640000030398369,80,0,0.0609026042236318,0.249742869835586,2.99041070651489,66.7858391121659,3
"120",2020-06-28,2111,66,263,2,4.3,2,0,0,2,0,1,1,0,0,264,2,879,0.00114000000059605,12,0,0.112464646523448,0.217706072580523,1.98819474124891,65.6104264612141,2
"121",2020-06-29,2115,67,263,1,3.6,4,0,0,4,2,1,3,2,0,266,4,856,0.00349999994039536,8,0,0.346759253353984,0.212320033287279,3.92720231936488,65.7806388493618,4
"122",2020-06-30,2118,66,263,10,4.4,3,0,1,2,0,1,3,2,0,266,2,1605,0.00435999989509583,11,0,0.433032167798812,0.251823789138825,2.95454521090462,64.4999919598526,3
"123",2020-07-01,2120,65,263,4,4.6,2,0,0,2,0,2,3,1,0,266,2,1601,0.00312000006437302,15,0,0.309103966773589,0.255260053197443,1.96755378315274,63.9454979524642,2
"124",2020-07-02,2126,64,263,4,4.3,6,0,1,5,0,1,3,2,0,266,5,1012,0.00197999998927116,12,0,0.195679686439689,0.236104736541159,5.94864943335169,63.3427127469017,6
"125",2020-07-03,2134,72,263,4,4,8,0,0,8,0,1,3,2,0,266,8,1332,0.00300000011920929,14,0,0.296879655184753,0.250688854328273,7.87534780908563,70.8781302817706,8
"126",2020-07-04,2137,72,263,4,4.1,3,0,0,3,0,1,3,2,0,266,3,1258,0.00238000005483627,40,0,0.230665644759941,0.274940717262031,2.96368101836149,71.1283444406758,3
"127",2020-07-05,2139,69,263,5,4.6,2,0,0,2,0,1,2,1,0,266,2,736,0.00407999992370605,46,0,0.383999992819393,0.313731481018594,1.95969205065075,67.6093757474508,2
"128",2020-07-06,2145,69,263,0,4.4,6,0,1,5,0,1,2,1,0,266,5,601,0,11,0,0,0.264194444825168,6,69,6
"129",2020-07-07,2152,70,263,6,3.9,7,0,1,6,0,1,1,0,0,266,6,1271,0.0039300000667572,21,0,0.386612235669381,0.257563025949535,6.87825354137057,68.5796246493233,7
"130",2020-07-08,2165,76,263,5,4,13,0,1,12,0,1,1,0,0,266,12,1686,0.00296999990940094,39,0,0.290285208536231,0.254874631915627,12.817174973417,74.8421081649741,13
"131",2020-07-09,2173,80,263,5,4.1,8,0,0,8,1,0,2,2,0,267,8,1503,0.00266000002622604,41,0,0.258936531050372,0.263911324002867,7.89127915861021,78.9127915861021,8
"132",2020-07-10,2189,93,263,12,5.3,16,0,0,16,0,0,2,2,0,267,16,1900,0.00684000015258789,14,0.0714300012588501,0.73124453017455,0.32596344900141,15.38593816593,89.4307655894681,16
"133",2020-07-11,2196,98,263,7,5.7,7,0,0,7,1,1,2,1,0,268,7,1571,0.00381999999284744,25,0,0.376016290022765,0.346727826896099,6.86185531120697,96.0659743568976,7
"134",2020-07-12,2219,118,263,9,6.3,23,0,2,21,1,1,3,2,0,269,21,1068,0.00842999994754791,13,0,0.832862159480219,0.410850993561931,22.0820438884024,112.841960896737,23
"135",2020-07-13,2242,136,263,6,7.1,23,0,2,21,0,0,3,3,0,269,21,807,0.00620000004768372,65,0,0.573784408082656,0.492820194716596,22.3675917459528,131.904403688075,23
"136",2020-07-14,2261,146,263,4,6.9,19,0,2,17,1,0,4,4,0,270,17,1406,0.00356000006198883,66,0,0.340038049399205,0.486166739535143,18.6966067390871,143.39438728863,19
"137",2020-07-15,2282,166,263,15,8.3,21,0,0,21,1,0,5,5,0,271,21,1405,0.00782999992370606,45,0,0.75869999260738,0.553083137259592,20.163783241734,159.389905625135,21
"138",2020-07-16,2304,184,263,7,8.6,22,0,1,21,0,0,5,5,0,271,21,1694,0.00648999989032745,24,0.0416699981689453,0.698145504672258,0.615827276348433,21.2305246126223,177.257929939167,22
"139",2020-07-17,2334,211,263,17,9.3,30,0,0,29,0,1,5,4,0,271,29,1788,0.00782999992370606,21,0,0.773910440220366,0.621922406354978,27.8220734910821,202.429569193735,30
"140",2020-07-18,2360,230,263,16,10.6,26,0,0,24,2,1,6,5,0,273,24,1559,0.00705999970436096,81,0,0.671130459701143,0.66408157345189,23.1546283411803,221.898521602978,26
"141",2020-07-19,2378,248,263,28,13.3,18,0,0,18,0,1,6,5,0,273,18,2020,0.0212899994850159,22,0,2.10606263269991,0.845967355340416,16.0103656051725,220.587259449043,18
"142",2020-07-20,2408,273,263,47,19.1,30,0,0,27,2,3,8,5,0,275,27,1549,0.0148500001430511,35,0.0285700011253357,1.51531567304122,0.980471821763069,24.8526819654179,251.288228761447,30
"143",2020-07-21,2432,292,263,23,21.9,24,0,0,23,0,3,8,5,0,275,23,1428,0.0161099994182587,15,0,1.59425358068423,1.1596454690895,21.0755141185158,267.56739663507,24
"144",2020-07-22,2459,312,263,13,21.6,27,0,1,23,2,3,9,6,0,277,23,1767,0.0090499997138977,16,0,0.896878827507417,1.17938530264665,22.9173424718298,297.313515270039,27
"145",2020-07-23,2478,320,263,29,24.7,19,0,1,17,1,3,10,7,0,278,17,1668,0.0101900005340576,32,0,0.999818875929889,1.2224814985406,17.1079283344125,303.208062765413,19
"146",2020-07-24,2501,335,263,34,27.1,23,0,1,18,0,3,7,4,0,278,18,2037,0.0122699999809265,83,0,1.17896179062016,1.28034597716914,17.8862140696176,314.271206295661,23
"147",2020-07-25,2513,334,263,26,28.6,12,0,1,10,1,3,8,5,0,279,10,2124,0.00800000011920929,320,0,0.695253692847812,1.28379215333295,10.6351008963512,321.812369938129,12
"148",2020-07-26,2520,336,263,21,27.6,7,0,0,6,2,4,10,6,0,281,6,1818,0.0121000003814697,73,0,1.16328930161354,1.14911024889204,5.63367338183765,315.485709382908,7
"149",2020-07-27,2535,338,264,22,24,15,0,1,13,1,4,10,6,1,282,13,1599,0.00875999987125397,23,0,0.863578285705,1.05600490784401,13.4107839637332,322.680383057063,15
"150",2020-07-28,2555,327,264,14,22.7,20,0,2,17,1,4,11,7,0,283,17,1488,0.00739000022411346,24,0,0.727269863325452,0.932150091078466,18.3511056313026,314.51832596682,20
"151",2020-07-29,2571,322,264,20,23.7,16,2,2,12,2,4,12,8,0,285,14,2254,0.00620999991893768,53,0,0.606733412106005,0.890700746021121,15.5541842169091,311.74623698891,16
"152",2020-07-30,2592,333,264,19,22.3,21,1,0,19,1,4,13,9,0,286,20,1890,0.00898999989032745,134,0,0.839481215055281,0.867795365896177,19.1188081528946,318.328155745696,21
"153",2020-07-31,2602,320,264,18,20,10,0,1,9,1,3,14,11,0,287,9,2131,0.00797999978065491,207,0,0.727347285396733,0.803279008007117,9.65643111616425,307.784217463618,10
"154",2020-08-01,2619,307,264,15,18.4,17,0,0,17,1,2,14,12,0,288,17,1630,0.00551999986171722,83,0.0120500004291534,0.58363980211435,0.787334166473765,16.4792571505603,297.595996777766,17
"155",2020-08-02,2627,292,264,2,15.7,8,0,0,8,0,2,14,12,0,288,8,1341,0.00224000006914139,11,0,0.222177521650784,0.652889626479086,7.90671332857598,288.595036493023,8
"156",2020-08-03,2636,278,264,10,14,9,0,1,7,0,1,13,12,0,288,7,1059,0.0113300001621246,48,0,1.08387264423577,0.684360249126339,7.60179584474875,262.185606405736,9
"157",2020-08-04,2648,266,264,20,14.9,12,0,1,11,1,1,12,11,0,289,11,1674,0.00537999987602234,12,0,0.534170806195812,0.656774669536391,11.6916085517855,258.542534070448,12
"158",2020-08-05,2657,246,264,12,13.7,9,1,0,8,1,1,13,12,0,290,9,1608,0.00560000002384186,70,0,0.536638858065418,0.646761161816307,8.74651391819266,239.071380430599,9
"159",2020-08-06,2667,222,264,12,12.7,10,0,0,10,1,2,11,9,0,291,10,1637,0.00244000002741814,10,0,0.242518521243685,0.561480776986079,9.87271582743045,219.174291368956,10
"160",2020-08-07,2679,223,264,6,11,12,0,3,9,1,2,11,9,0,292,9,1690,0,39,0,0,0.457574021929403,12,223,12
"161",2020-08-08,2685,206,264,14,10.9,6,1,1,4,0,1,11,10,0,292,5,1520,0.00723999977111816,95,0,0.681411743164062,0.471541442079362,5.82118287406869,198.63273441163,6
"162",2020-08-09,2687,197,264,16,12.9,2,0,1,1,2,2,13,11,0,294,1,1588,0.00441000014543533,102,0,0.414383445618421,0.498999431217596,1.97825137076889,192.715520041471,2
"163",2020-08-10,2699,198,264,8,12.6,12,2,0,10,0,1,13,12,0,294,12,1386,0.00577000021934509,27,0,0.565974543808372,0.425013988299396,11.6435425988845,192.118452881595,12
"164",2020-08-11,2712,202,264,8,10.9,13,2,1,10,0,1,13,12,0,294,12,1459,0.00342999994754791,41,0,0.333624661564827,0.396364539066398,12.7898792779456,198.462967845417,13
"165",2020-08-12,2719,185,264,12,10.9,7,3,0,4,0,2,11,9,0,294,7,1487,0.00268999993801117,7,0,0.267739618997497,0.357950362056695,6.90163509580467,182.400356103409,7
"166",2020-08-13,2741,188,264,11,10.7,22,0,0,22,0,2,10,8,0,294,22,1687,0.00532999992370605,56,0,0.515875494623759,0.397001358253848,21.4043418732731,182.909830553424,22
"167",2020-08-14,2752,182,264,6,10.7,11,4,1,6,1,2,11,9,0,295,10,1884,0.00477999985218048,35,0,0.469281903153102,0.464041630132863,10.7537006310347,177.517351484832,11
"168",2020-08-15,2756,174,264,2,9,4,0,0,4,1,2,12,10,0,296,4,2043,0.00734000027179718,21,0,0.726532003647366,0.470487381630478,3.84747387629561,167.365113618859,4
"169",2020-08-16,2760,156,264,26,10.4,4,0,1,3,0,2,12,10,0,296,3,1195,0.00501999974250793,22,0,0.492925200681757,0.481707632353811,3.92238748283755,151.964149107553,4
"170",2020-08-17,2783,170,265,8,10.4,23,1,4,18,1,1,10,9,1,297,19,1356,0.00663999974727631,32,0,0.648691617961576,0.493524357232841,22.3531234921726,164.212157561544,23
"171",2020-08-18,2809,189,265,15,11.4,26,1,1,24,0,1,8,7,0,297,25,1888,0.00583000004291534,77,0.0519500017166138,0.76372469278389,0.554967218835564,24.9979109111603,181.424206488372,26
"172",2020-08-19,2833,198,265,23,13,24,4,3,15,2,1,8,7,0,299,19,1521,0.0118299996852875,25,0.04,1.22855300914115,0.692226274570372,20.7748846166205,185.233008110045,24
"173",2020-08-20,2850,206,266,24,14.9,17,1,0,16,3,0,7,7,1,302,17,1605,0.00996999979019165,103,0,0.936876443984637,0.752369267336212,16.1640876663208,195.870709368358,17
"174",2020-08-21,2871,213,266,16,16.3,21,3,2,16,0,0,7,7,0,302,19,1803,0.00721000015735626,116,0.00861999988555908,0.729523203253684,0.789546595922009,20.2725180825016,204.844544819624,21
"175",2020-08-22,2890,223,266,16,18.3,19,1,0,18,1,0,8,8,0,303,19,1864,0.00589999973773956,73,0,0.567764559171221,0.766865532425417,18.4338241081965,216.354882954096,19
"176",2020-08-23,2907,233,266,13,16.4,17,0,1,15,0,0,8,8,0,303,15,694,0.0172899997234344,5,0,1.71663230444399,0.941680832962879,14.6485560688924,212.007570936795,17
"177",2020-08-24,2926,249,266,19,18,19,2,0,17,1,1,9,8,0,304,19,1142,0.00962999999523163,58,0,0.91645499954621,0.979932744617827,18.0861093418313,237.023222427158,19
"178",2020-08-25,2940,251,266,23,19.1,14,0,1,13,4,2,12,10,0,308,13,1647,0.0145700001716614,73,0,1.3951622257399,1.07013810646869,13.0480863516288,232.620744173755,14
"179",2020-08-26,2958,259,266,15,18,18,1,4,13,0,2,12,10,0,308,14,1832,0.0049099999666214,41,0,0.480251998870817,0.963237962144352,17.6471202727828,252.471725046481,18
"180",2020-08-27,2971,262,266,16,16.9,13,1,3,9,1,2,10,8,0,309,10,1468,0.00545000016689301,9,0,0.54167909580223,0.906781198118293,12.7157034639918,254.551430756585,13
"181",2020-08-28,2999,272,266,20,17.4,28,0,3,21,1,1,10,9,0,310,21,2137,0.0065499997138977,35,0,0.644445183637173,0.894627195315935,23.2897115228785,262.800073058235,28
"182",2020-08-29,3020,286,266,12,16.9,21,0,2,18,0,1,10,9,0,310,18,1789,0.00726999998092651,11,0.0909099960327148,0.778113329013189,0.924677019579073,19.2649026584296,274.320120017271,21
"183",2020-08-30,3040,300,267,16,17.3,20,0,6,12,2,1,11,10,1,312,12,1407,0.00425999999046326,33,0,0.416237499068181,0.738906333096814,17.7378487446339,293.446218615846,20
"184",2020-08-31,3060,308,267,13,16.4,20,1,3,16,1,1,12,11,0,313,17,1351,0.0051800000667572,54,0,0.498091109621991,0.67914006310764,19.5555865402506,299.948273788069,20
"185",2020-09-01,3085,312,267,18,15.7,25,1,2,22,0,1,12,11,0,313,23,1363,0.0154100000858307,22,0.0909099960327148,1.66092779997884,0.717106573713203,22.9950290593972,284.802133327475,25
"186",2020-09-02,3121,322,267,15,15.7,36,1,9,26,0,1,10,9,0,313,27,1530,0.00261000007390976,51,0,0.252580652313848,0.684582095633636,35.6420739258827,317.73140015312,36
"187",2020-09-03,3143,323,267,24,16.9,22,1,4,17,1,1,9,8,0,314,18,1493,0.00938000023365021,133,0.00751999974250793,0.922785997207461,0.739025938691526,21.1282278453631,307.356533002904,22
"188",2020-09-04,3165,327,267,24,17.4,22,0,3,19,3,1,12,11,0,317,19,2704,0.00814000010490418,258,0.00774999976158142,0.810602978465527,0.762762766524148,21.1916651773735,313.088132263218,22
"189",2020-09-05,3190,334,267,17,18.1,25,1,11,13,2,1,14,13,0,319,14,2256,0.00398999989032745,164,0,0.371960320354493,0.704740908144335,24.7266908691875,327.479625022045,25
"190",2020-09-06,3211,336,267,26,19.6,21,1,3,16,1,1,15,14,0,320,17,1310,0.00611000001430511,192,0.03125,0.932363516560566,0.778473196357532,19.168114250316,319.558022829775,21
"191",2020-09-07,3252,361,267,29,21.9,41,2,6,33,0,1,13,12,0,320,35,1290,0.0147300004959106,44,0,1.4244153403092,0.910805229312848,38.3834190283736,334.011836264082,41
"192",2020-09-08,3304,398,267,24,22.7,52,0,14,36,3,1,15,14,0,323,36,1096,0.0118599998950958,4,0,1.181687262275,0.842342295355157,47.76727853726,373.316023828597,52
"193",2020-09-09,3349,429,267,15,22.7,45,2,10,31,0,1,14,13,0,323,33,1587,0.0144900000095367,29,0,1.42299690687715,1.00954461743563,40.5353946425381,396.960130352995,45
"194",2020-09-10,3426,491,267,33,24,77,1,21,52,2,2,15,13,0,325,53,1955,0.0122800004482269,61,0,1.1908432974347,1.04783851746809,70.6874687925594,460.31221088956,77
"195",2020-09-11,3456,505,267,60,29.1,30,0,1,25,0,1,13,12,0,325,25,2318,0.0163900005817413,93,0.0752699995040894,1.86611909176096,1.19862653365315,23.5514506758809,455.539303652795,30
"196",2020-09-12,3505,530,269,47,33.4,49,0,4,42,1,0,13,13,2,326,42,1900,0.0173699998855591,26,0,1.71355139057956,1.39028240082816,42.222748377713,482.334681909236,49
"197",2020-09-13,3540,543,270,31,34.1,35,1,5,29,1,1,12,11,1,327,30,1199,0.0158500003814697,44,0,1.52889384210637,1.47550101876328,32.5927118476409,499.428084442301,35
"198",2020-09-14,3608,593,272,59,38.4,68,0,19,49,1,1,12,11,2,328,49,2395,0.0146099996566772,219,0.041100001335144,1.68293226741157,1.51243200834933,63.6719505947717,540.621769442849,68
"199",2020-09-15,3681,642,273,41,40.9,73,0,15,55,1,1,12,11,1,329,55,2960,0.01182000041008,28,0,1.17092373540283,1.51089436165331,66.6199681607339,602.545810167112,73
"200",2020-09-16,3758,682,274,41,44.6,77,0,7,67,1,0,12,12,1,330,67,1888,0.0190699994564056,162,0.00616999983787537,1.80505848524047,1.56547458713378,67.6526043061778,617.389196071839,77
"201",2020-09-17,3808,707,278,57,48,50,2,4,38,2,2,12,10,4,332,40,2514,0.0190900003910065,207,0.00483000010251999,1.80051712621139,1.65257084838759,40.2200440373485,640.189278360136,50
"202",2020-09-18,3896,775,278,47,46.1,88,1,6,78,0,2,12,10,0,332,79,2408,0.0128699994087219,281,0.0213499999046326,1.37561578837501,1.58249894790389,79.2963386039873,719.04635972266,88
"203",2020-09-19,3966,825,280,47,46.1,70,2,4,60,0,2,11,9,2,332,62,2099,0.0214400005340576,161,0,1.99126376641535,1.62217214445186,59.520373498189,738.779163483966,70
"204",2020-09-20,4009,857,280,76,52.6,43,1,4,34,2,2,12,10,0,334,35,2848,0.0186099994182587,112,0,1.79058372781083,1.65955641383821,35.7107856973257,776.461238360232,43
"205",2020-09-21,4118,937,280,55,52,109,2,22,82,1,3,13,10,0,335,84,2948,0.0189999997615814,74,0,1.85347449692727,1.68391958948331,97.8286202691381,845.850204668838,109
"206",2020-09-22,4227,1016,280,85,58.3,109,0,27,81,3,3,16,13,0,338,81,2507,0.0135599994659424,65,0.0307699990272522,1.39949333584327,1.71657238954623,102.050433188019,941.373334802802,109
"207",2020-09-23,4332,1074,281,67,62,105,0,25,75,2,3,17,14,1,340,75,1895,0.0168900001049042,7,0.571430015563965,1.89308939578029,1.72914823390906,92.5481881928113,967.290054921058,105
"208",2020-09-24,4434,1129,282,38,59.3,102,2,19,75,2,3,19,16,1,342,77,2729,0.0128299999237061,54,0,1.25810527458835,1.65166082653434,90.915629379302,1054.45124115886,102
"209",2020-09-25,4553,1192,284,57,60.7,119,5,16,86,3,3,21,18,2,345,91,3290,0.0133700001239777,59,0.0339000010490417,1.37316812391102,1.65131116018234,100.44164987999,1106.09282040602,119
"210",2020-09-26,4637,1238,286,76,64.9,84,3,14,65,3,4,22,18,2,348,68,3438,0.0299600005149841,12,0,2.98557918175407,1.79335621951644,71.3446676892011,1044.0102735181,84
"211",2020-09-27,4719,1268,287,109,69.6,82,2,12,64,2,4,23,19,1,350,66,2689,0.0330999994277954,12,0,3.29529427846508,2.00831486960991,66.585217727645,1048.69781937354,82
"212",2020-09-28,4834,1338,288,86,74,115,3,11,97,6,4,28,24,1,356,100,3142,0.0260999989509583,192,0.0104200005531311,2.51970116407055,2.10349010777323,97.7755222922133,1161.05648826981,115
"213",2020-09-29,4942,1370,291,58,70.1,108,5,18,75,4,3,28,25,3,360,80,2163,0.0263499999046326,80,0.025,2.63018501086582,2.27930320420502,86.9565243562904,1180.88047960147,108
"214",2020-09-30,5025,1399,291,107,75.9,83,1,10,67,5,5,31,26,0,365,68,3168,0.0306200003623962,280,0.0142900002002716,2.92938982610636,2.42734612282303,67.5452037394305,1183.90794163917,83
"215",2020-10-01,5125,1434,293,105,85.4,100,2,11,78,3,5,30,25,2,368,80,3844,0.0226300001144409,120,0.00833000004291534,2.21971040476944,2.56471828427748,81.6800024751526,1266.93904436711,100
"216",2020-10-02,5221,1484,294,116,93.9,96,0,13,79,1,5,30,25,1,369,79,3362,0.0214199995994568,199,0,2.02229819301808,2.65745115129277,83.6150248985083,1326.48983480236,96
"217",2020-10-03,5294,1496,295,65,92.3,73,2,6,64,5,6,32,26,1,374,66,3112,0.0302099990844727,485,0.0103100001811981,2.75267910032694,2.62417971108889,62.4648174212442,1279.86919488153,73
"218",2020-10-04,5352,1478,295,77,87.7,58,1,7,47,3,6,33,27,0,377,48,3119,0.0295000004768372,102,0,2.85658185306598,2.56150650746045,47.8035650750943,1256.40977460395,58
"219",2020-10-05,5430,1479,295,82,87.1,78,3,13,59,3,6,34,28,0,380,62,3817,0.0178199994564056,237,0.00843999981880188,1.72716373660968,2.44828687496604,69.3797621844696,1344.93013340049,78
"220",2020-10-06,5506,1452,296,139,98.7,76,6,15,52,2,7,35,28,1,382,58,2161,0.0194400000572205,56,0,1.89489581071959,2.34324556065944,67.2317666461545,1307.59526155545,76
"221",2020-10-07,5607,1466,296,174,108.3,101,12,22,63,3,10,37,27,0,385,75,2269,0.0312899994850159,76,0,3.02759099494674,2.35727429906521,85.0824231683032,1233.05109819643,101
"222",2020-10-08,5687,1425,296,85,105.4,80,5,14,55,2,9,37,28,0,387,60,2435,0.0271000003814697,181,0,2.52249621287763,2.40052941450923,66.0565116028396,1236.34215056744,80
"223",2020-10-09,5772,1428,296,97,102.7,85,5,19,59,2,9,38,29,0,389,64,2506,0.0207500004768372,247,0.00810000002384186,1.9615038576405,2.39184450945529,76.4113166982837,1280.99000383045,85
"224",2020-10-10,5837,1413,297,67,103,65,5,7,51,6,9,44,35,1,395,56,2631,0.0300300002098083,21,0,2.97922060904999,2.42420758213001,54.2437090667947,1192.06001627466,65
"225",2020-10-11,5901,1377,297,140,112,64,6,6,48,5,10,47,37,0,400,54,2658,0.0233299994468689,238,0.0168099999427795,2.27941707583422,2.34175547109691,53.539783845237,1212.26448805354,64
"226",2020-10-12,5963,1349,297,63,109.3,62,2,14,43,3,10,47,37,0,403,45,1998,0.0150199997425079,236,0.0127100002765656,1.47759711507611,2.30610309659211,55.5102200710853,1244.38415279765,62
"227",2020-10-13,6048,1371,298,74,100,85,4,10,68,1,7,46,39,1,404,72,2107,0.0299000000953674,18,0,2.96467295063243,2.45892840229395,70.7968853719584,1157.67402562437,85
"228",2020-10-14,6115,1376,300,84,87.1,67,1,16,49,2,7,46,39,2,406,50,3002,0.0293099999427795,110,0.0363599991798401,2.95591965739096,2.44868963978598,58.2430298138957,1162.52818047841,67
"229",2020-10-15,6201,1403,300,107,90.3,86,3,25,52,5,8,50,42,0,411,55,2122,0.0226200008392334,102,0.00980000019073486,2.20320331835918,2.40307636914048,73.640151668914,1240.7660507543,86
"230",2020-10-16,6276,1424,301,78,87.6,75,2,10,59,4,8,48,40,1,415,61,3119,0.0208400011062622,280,0.0035699999332428,1.94173472879493,2.40025220787683,64.7834529423801,1278.8792949172,75
"231",2020-10-17,6323,1406,302,64,87.1,47,1,10,36,6,8,50,42,1,421,37,3038,0.0217199993133545,149,0,2.07045365277599,2.27042835698055,42.9793457376484,1253.21513803064,47
"232",2020-10-18,6380,1373,305,74,77.7,57,1,11,40,2,6,48,42,3,423,41,1144,0.0271000003814697,38,0.0526300001144409,2.79207617942048,2.34366537177859,45.991852135056,1171.80031662029,57
"233",2020-10-19,6444,1351,307,69,78.6,64,1,6,57,3,6,47,41,2,426,58,1333,0.0375099992752075,27,0,3.67653154660674,2.65779886199725,52.8083071514372,1090.3107407171,64
"234",2020-10-20,6522,1355,309,46,74.6,78,3,14,57,4,5,46,41,2,430,60,1597,0.0250500011444092,47,0.0212800002098083,2.49422213123373,2.59059160208315,66.1455483428482,1177.62030007599,78
"235",2020-10-21,6610,1377,312,69,72.4,88,1,46,40,4,4,45,41,3,434,41,2257,0.0305699992179871,446,0.00897000014781952,2.70059594158062,2.55411678553881,81.1887044987964,1181.82551450836,88
"236",2020-10-22,6676,1364,312,88,69.7,66,2,24,36,2,3,45,42,0,436,38,2240,0.0272300004959106,87,0.0114900004863739,2.66415260649568,2.61996668384403,56.6866039680776,1173.27704769626,66
"237",2020-10-23,6755,1366,313,92,71.7,79,1,13,64,2,3,38,35,1,438,65,2767,0.024210000038147,65,0.0153799998760223,2.40073340739739,2.68553792364438,69.8099456305506,1193.88285740511,79
"238",2020-10-24,6820,1359,317,63,71.6,65,2,17,41,2,3,38,35,4,440,43,2362,0.0207500004768372,190,0,1.92051336701761,2.66411788282175,55.665736784239,1222.01712301816,65
"239",2020-10-25,6890,1340,319,69,70.9,70,1,24,42,3,3,40,37,2,443,43,1753,0.031949999332428,77,0,3.0605655098222,2.70247350145057,60.0928382293693,1124.75356342686,70
"240",2020-10-26,6963,1299,320,77,72,73,1,16,51,4,3,41,38,1,447,52,994,0.0382299995422363,121,0.0165299999713898,3.58751116964315,2.68975630474148,58.2090214799029,1054.41382504604,73
"241",2020-10-27,7041,1269,322,61,74.1,78,0,15,60,1,3,33,30,2,448,60,1355,0.0287800002098084,116,0,2.65104692619241,2.71215984687844,66.6516978733087,1092.43341002048,78
"242",2020-10-28,7153,1276,325,94,77.7,112,2,69,38,2,2,31,29,3,450,40,1899,0.0405499982833862,166,0.01807000041008,3.87428894955079,2.87983027658846,100.866424705049,1016.53894809106,112
"243",2020-10-29,7217,1261,326,65,74.4,64,0,18,42,9,2,39,37,1,459,42,2192,0.0292000007629395,96,0,2.79748259057532,2.89887741717127,53.8333943693418,1075.85500713667,64
"244",2020-10-30,7267,1230,328,122,78.7,50,2,9,35,4,2,42,40,2,463,37,2792,0.0358200001716614,105,0.0571400022506714,3.65927306577836,3.07866879693997,38.8939863834654,993.773060855742,50
"245",2020-10-31,7306,1160,329,83,81.6,39,0,5,32,2,2,41,39,1,465,32,2348,0.0276799988746643,322,0,2.43418117444614,3.15204991228691,32.9117977782828,1011.80266946275,39
"246",2020-11-01,7356,1119,332,50,78.9,50,1,7,39,1,2,39,37,3,466,40,1716,0.0256399989128113,104,0,2.41748561177935,3.06018135542364,41.9247974263386,977.021208001823,50
"247",2020-11-02,7420,1071,332,56,75.9,64,3,8,47,6,2,44,42,0,472,50,1032,0.0174399995803833,14,0.0714300012588501,1.81626191057165,2.80714574698486,53.2337373394998,968.906653812085,64
"248",2020-11-03,7491,999,333,36,72.3,71,1,36,33,1,2,45,43,1,473,34,1455,0.0219899988174438,13,0,2.1795264495491,2.73978567889296,66.1107079755163,884.723449045318,71
"249",2020-11-04,7556,923,337,53,66.4,65,5,1,51,1,1,42,41,4,474,56,1468,0.0272499990463257,295,0.0033899998664856,2.32575431427223,2.51856644528173,50.1643258129115,810.333441523524,65
"250",2020-11-05,7603,880,337,45,63.6,47,0,6,34,5,2,45,43,0,479,34,2536,0.0240499997138977,41,0,2.36673648717286,2.45703128765281,35.776637927234,770.689452234293,47
"251",2020-11-06,7676,873,341,79,57.4,73,2,13,55,4,3,47,44,4,483,57,2341,0.0234899997711182,117,0.0256399989128113,2.35923390305071,2.27131140726315,62.9421024747517,764.90272737646,73
"252",2020-11-07,7711,839,346,75,56.3,35,3,4,25,3,4,47,43,5,486,28,2496,0.0276399993896484,142,0,2.61521753133292,2.29717374396126,28.1567791441144,723.840632211143,35
"253",2020-11-08,7748,777,346,47,55.9,37,1,5,29,1,4,48,44,0,487,30,1179,0.0203600001335144,92,0.0108700001239777,1.96730764506841,2.2328626058597,31.902416468959,696.772586546039,37
"254",2020-11-09,7818,745,350,31,52.3,70,3,24,41,7,4,47,43,4,494,44,712,0.0210700011253357,20,0.1,2.3226558471638,2.30520459680143,62.636268458683,654.182272766337,70
"255",2020-11-10,7885,754,350,51,54.4,67,0,11,54,3,5,48,43,0,497,54,1375,0.0334500002861023,17,0,3.30414873515737,2.4658649233169,55.635537803545,623.244361182833,67
"256",2020-11-11,7942,754,353,78,58,57,0,6,49,2,5,47,42,3,499,49,2373,0.0261299991607666,241,0.0290499997138977,2.63992111474937,2.51074589481363,48.2108325261872,649.529953566227,57
"257",2020-11-12,7984,744,355,58,59.9,42,1,8,31,3,3,44,41,2,502,32,2313,0.0216199994087219,214,0.00467000007629395,2.01845819741594,2.46099185341979,36.6100036538995,665.182584953162,42
"258",2020-11-13,8022,720,357,81,60.1,38,3,7,24,0,3,37,34,2,502,27,2720,0.0216899991035461,201,0,2.01974657862532,2.41249366421616,31.1378648484093,643.67639595758,38
"259",2020-11-14,8043,697,357,51,56.7,21,3,2,14,3,3,38,35,0,505,17,1709,0.0158000004291534,245,0.0163300001621246,1.58664538245362,2.26555478580483,17.5843422012756,638.958030252298,21
"260",2020-11-15,8073,653,360,29,54.1,30,1,1,25,0,2,36,34,3,505,26,984,0.0152400004863739,306,0.00653999984264374,1.31762794034426,2.17274339941567,25.2019753735465,607.841919958688,30
"261",2020-11-16,8117,614,363,11,51.3,44,0,3,39,3,2,34,32,3,508,39,735,0.0122399997711182,53,0,1.1416751055548,2.0040318649001,39.6631188224575,577.209101461254,44
"262",2020-11-17,8158,591,363,38,49.4,41,1,10,29,1,2,33,31,0,509,30,1825,0.0208200001716614,38,0,2.03953302808814,1.82337247817592,36.7886954871259,527.73730109638,41
"263",2020-11-18,8199,584,363,66,47.7,41,3,6,30,1,2,33,31,0,510,33,2685,0.0204800009727478,20,0.05,2.06982634424502,1.74193036810387,35.4150975505371,520.558089985262,41
"264",2020-11-19,8219,568,364,53,47,20,2,1,17,0,2,31,29,1,510,19,2476,0.0121200001239777,187,0.0160399997234344,1.23952685900304,1.63065446261631,18.7639414727914,531.048355607659,20
"265",2020-11-20,8244,525,364,29,39.6,25,1,2,20,1,2,31,29,0,511,21,2644,0.00755999982357025,222,0.0225200009346008,0.871879963049586,1.46667351753407,22.0390396159188,500.975990397969,25
"266",2020-11-21,8273,495,365,27,36.1,29,4,4,19,2,2,32,30,1,513,23,1494,0.0187399995326996,71,0,1.78898142503854,1.49557866647477,24.8404505177611,448.522739403989,29
"267",2020-11-22,8300,481,368,26,35.7,27,3,4,19,3,4,32,28,3,516,22,1222,0.0147300004959106,36,0,1.43084742496048,1.5117528785628,24.3478651231425,444.878323828706,27
"268",2020-11-23,8340,463,370,20,37,40,2,10,25,1,3,27,24,2,517,27,922,0.0173500001430511,13,0,1.71087701945381,1.59306743769123,34.5755566023732,421.425285440695,40
"269",2020-11-24,8384,473,370,21,34.6,44,2,7,34,1,3,23,20,0,518,36,1403,0.00855000019073486,41,0.0975599956512451,1.10772923056108,1.45995260947308,40.9070174428244,445.500534734887,44
"270",2020-11-25,8439,481,371,38,30.6,55,4,10,39,2,2,23,21,1,520,43,2618,0.0122200000286102,72,0.0138900005817413,1.22646989281736,1.33947311641199,50.2320716778287,450.037825047339,55
"271",2020-11-26,8484,496,372,60,31.6,45,3,4,37,3,2,23,21,1,523,40,3061,0.0143700003623962,224,0.00446000009775162,1.3694249963833,1.35802999318059,41.125066957083,460.35083026783,45
"272",2020-11-27,8530,507,374,56,35.4,46,2,3,40,3,1,24,23,2,526,42,3152,0.0177699995040894,334,0.0029899999499321,1.63539008663703,1.4671028679788,41.3950425462685,463.483013594241,46
"273",2020-11-28,8575,510,375,60,40.1,45,2,3,40,2,1,25,24,1,528,42,2597,0.0119400000572205,193,0,1.11140430640149,1.37030613674494,42.5500858961972,480.251043025252,45
"274",2020-11-29,8620,524,377,23,39.7,45,1,4,37,5,1,28,27,2,533,38,899,0.0244700002670288,12,0,2.41476731504488,1.51086612104271,37.1839789363071,457.589604279604,45
"275",2020-11-30,8664,531,378,45,43.3,44,1,7,35,1,1,25,24,1,534,36,1136,0.0228900003433228,61,0,2.17235090977566,1.57679096251726,38.8954838088708,470.458386180844,44
"276",2020-12-01,8717,551,378,34,45.1,53,2,11,39,3,1,27,26,0,537,41,1905,0.0141700005531311,113,0.0176999998092651,1.4367666517424,1.6237963084003,48.9082840379805,509.450353778713,53
"277",2020-12-02,8759,565,379,50,46.9,42,1,7,32,6,1,31,30,1,543,33,2861,0.0101400005817413,81,0.0123500001430511,1.02008469326815,1.5943127084647,38.2332314371569,534.750780666473,42
"278",2020-12-03,8797,564,380,40,44,38,0,6,31,3,1,33,32,1,546,31,3330,0.0102100002765656,203,0,0.962335152022737,1.53615701641319,35.4342676093845,535.513771990093,38
"279",2020-12-04,8839,567,382,54,43.7,42,1,5,32,2,1,31,30,2,548,33,2989,0.0110399997234344,165,0.0121200001239777,1.1096499427331,1.46105128156977,36.0781060165696,533.978367011968,42
"280",2020-12-05,8874,556,382,45,41.6,35,3,2,29,1,1,31,30,0,549,32,2278,0.0184399998188019,209,0,1.68903576949058,1.54357006201107,31.163267936717,506.711780400458,35
"281",2020-12-06,8912,548,383,33,43,38,0,7,29,1,2,31,29,1,550,29,1399,0.0157299995422363,20,0,1.55082941223317,1.4201503616094,33.6395678614196,503.395972001997,38
"282",2020-12-07,8965,550,384,23,39.9,53,0,4,44,2,1,31,30,1,552,44,1065,0.0169000005722046,25,0.04,1.74298170728421,1.35881190411062,43.9749155387291,499.686444234114,53
"283",2020-12-08,9012,555,384,58,43.3,47,1,1,44,0,1,28,27,0,552,45,2367,0.01942999958992,69,0,1.88796424586785,1.4232687032714,41.5410174637498,500.005882052914,47
"284",2020-12-09,9067,566,386,39,41.7,55,3,3,47,1,3,25,22,2,553,50,2910,0.00962000012397766,167,0.00598999977111816,0.942298678015981,1.41215641537823,50.5272052021106,538.007962887892,55
"285",2020-12-10,9111,564,386,57,44.1,44,2,0,42,1,3,24,21,0,554,44,3091,0.0139100003242493,252,0.00397000014781952,1.3160709255012,1.46269009730372,40.9607847230829,525.042785995881,44
"286",2020-12-11,9150,548,386,49,43.4,39,6,2,30,1,2,24,22,0,555,36,3046,0.01182000041008,32,0,1.16971154155632,1.47127032570704,35.7899058850651,514.357456250436,39
"287",2020-12-12,9177,531,387,56,45,27,2,3,22,0,2,21,19,1,555,24,2617,0.0156700003147125,24,0,1.55275997060215,1.45180235443727,25.0441071432203,487.725870543748,27
"288",2020-12-13,9217,529,388,26,44,40,5,2,33,0,2,20,18,1,555,38,1503,0.0119799995422363,47,0,1.16167350399879,1.39620865326093,37.6831539711775,496.747064493498,40
"289",2020-12-14,9259,526,388,19,43.4,42,3,4,35,2,2,21,19,0,557,38,917,0.0174500000476837,20,0,1.70775347318313,1.39117604838934,38.5940500158328,478.854481798107,42
"290",2020-12-15,9307,536,389,51,42.4,48,2,7,38,1,1,21,20,1,558,40,2078,0.0134700000286102,49,0,1.31596897317593,1.30946243800479,44.2372910568824,498.979700162224,48
"291",2020-12-16,9361,552,389,53,44.4,54,4,4,45,0,1,19,18,0,558,49,2312,0.0168700003623962,93,0,1.62176469180292,1.40652901140292,48.8292571568709,505.015305114137,54
"292",2020-12-17,9398,548,390,61,45,37,1,5,29,2,0,19,19,1,560,30,3207,0.0134099996089935,84,0.0238100004196167,1.3675450860313,1.41388246290722,32.8467601917446,508.667486169201,37
"293",2020-12-18,9440,538,390,23,41.3,42,5,4,33,0,0,18,18,0,560,38,3299,0.00726999998092651,170,0.00587999999523163,0.720188236848255,1.34966484794892,40.5636538572991,517.664362505971,42
"294",2020-12-19,9479,535,390,46,39.9,39,1,7,29,3,0,21,21,0,563,30,2799,0.0117900002002716,140,0,1.12283805922287,1.2882474320376,35.2320585755901,503.47171126469,39
"295",2020-12-20,9523,530,390,24,39.6,44,5,3,33,0,0,18,18,0,563,38,1359,0.0161899995803833,51,0,1.56044038508801,1.34521412933606,37.8878517957408,486.593722414279,44
"296",2020-12-21,9598,551,390,28,40.9,75,7,8,59,1,0,17,17,0,564,66,1365,0.00658999979496002,32,0.03125,0.715486737302823,1.20346173849601,71.5215793689681,530.308942913658,75
"297",2020-12-22,9679,594,390,67,43.1,81,7,8,64,2,0,17,17,0,566,71,3026,0.0231299996376038,48,0,2.27688285307056,1.34073514990953,70.5154555850697,523.016628415935,81
"298",2020-12-23,9781,663,390,52,43,102,5,6,90,1,1,15,14,0,567,95,2653,0.0199800002574921,199,0.0150800001621246,1.96380998300804,1.38959876293884,91.2084248611328,594.665112451906,102
"299",2020-12-24,9854,691,390,57,42.4,73,11,5,55,2,1,15,14,0,569,66,3462,0.0155999994277954,145,0,1.49728855056911,1.40813354358709,65.8134456715055,636.698347863792,73
"300",2020-12-25,9918,721,390,52,46.6,64,7,2,54,0,1,12,11,0,569,61,2539,0.029539999961853,161,0,2.77785407048685,1.70208580553546,54.1065809905457,615.882703183335,64
"301",2020-12-26,10011,763,390,86,52.3,93,5,4,83,2,2,14,12,0,571,88,952,0.0199600005149841,49,0,1.89829375527122,1.81286519068523,83.2325038578001,686.981823221608,93
"302",2020-12-27,10122,828,391,35,53.9,111,8,6,95,2,4,14,10,1,573,103,1474,0.0271399998664856,31,0.064520001411438,2.79099533866806,1.98865875548238,93.9122031413839,706.711691272484,111
"303",2020-12-28,10257,925,391,65,59.1,135,15,7,111,1,2,14,12,0,574,126,1188,0.0420900011062622,38,0.0263199996948242,4.16012082403286,2.48074933930096,105.489025042593,723.03450924126,135
"304",2020-12-29,10377,1001,391,113,65.7,120,5,15,100,3,4,13,9,0,577,105,1881,0.0505100011825561,25,0.04,5.03721470222393,2.87508246060858,92.2406524975188,736.360887143013,120
"305",2020-12-30,10514,1092,391,88,70.9,137,12,10,115,3,5,14,9,0,580,127,2458,0.0573600006103516,62,0,5.59487625000969,3.39380621303739,99.7073111000521,771.341604104385,137
"306",2020-12-31,10639,1178,391,147,83.7,125,0,9,116,2,5,14,9,0,582,116,2650,0.0332100009918213,145,0,3.14871207972545,3.62972386005972,105.830074205472,983.326098396946,125
"307",2021-01-01,10756,1233,392,89,89,117,0,5,111,2,6,14,8,1,584,111,2760,0.0380399990081787,134,0.0149300003051758,3.69699437814329,3.76102961829636,94.4622038975246,993.755832483314,117
"308",2021-01-02,10868,1291,392,134,95.9,112,4,8,100,2,6,16,10,0,586,104,2373,0.0295000004768372,431,0,2.49655852822877,3.84649601443315,98.3728642124425,1121.84007402176,112
"309",2021-01-03,10991,1317,393,107,106.1,123,0,5,118,3,5,19,14,1,589,118,1515,0.0600699996948242,126,0.0238100004196167,5.72858681234189,4.2661519392437,87.5220106975027,921.029560072976,123
"310",2021-01-04,11167,1428,393,115,113.3,176,5,30,141,5,8,22,14,0,594,146,1385,0.0534299993515015,155,0.00644999980926514,4.87014929040686,4.36758457729712,138.681461913532,1062.99402474331,176
"311",2021-01-05,11310,1504,395,105,112.1,143,2,20,121,6,8,24,16,2,600,123,2418,0.0574900007247925,97,0.0103100001811981,5.56703346998507,4.44327297269157,107.061624997956,1064.55840647907,143
"312",2021-01-06,11494,1600,395,132,118.4,184,11,42,130,7,7,29,22,0,607,141,2626,0.0514099979400635,211,0.0142200005054474,4.86440164600832,4.33891945783424,147.002028262009,1191.51237744124,184
"313",2021-01-07,11609,1632,395,188,124.3,115,2,8,104,6,9,33,24,0,613,106,2310,0.0489200019836426,91,0.0109899997711182,4.74824217248589,4.56742375680001,87.583929286536,1225.29219429837,115
"314",2021-01-08,11742,1664,395,186,138.1,133,6,14,112,0,11,31,20,0,613,118,2662,0.0368099999427795,249,0,3.36613603049396,4.52015827856439,111.153019410769,1370.02223982644,133
"315",2021-01-09,11842,1675,397,153,140.9,100,6,2,92,4,11,31,20,2,617,98,3020,0.0324499988555908,376,0.00266000002622604,2.9151695098276,4.57995984736423,85.0059352863266,1418.72389392446,100
"316",2021-01-10,11934,1659,397,120,142.7,92,5,3,82,5,11,35,24,0,622,87,1828,0.0508799982070923,78,0,4.8797815699142,4.45870195558884,67.7182587149446,1234.11024377118,92
"317",2021-01-11,12098,1710,397,66,135.7,164,2,26,134,3,13,35,22,0,625,136,1608,0.0342000007629395,115,0,3.1917354165297,4.21892854503496,139.217819765685,1423.54758675972,164
"318",2021-01-12,12239,1738,398,160,143.6,141,2,22,115,4,13,36,23,1,629,117,2214,0.070460000038147,74,0.0135099995136261,6.86180856855182,4.40389641625878,96.8639372714811,1112.08139297294,141
"319",2021-01-13,12328,1726,402,172,149.3,89,1,9,76,2,11,35,24,4,631,77,2528,0.0375799989700317,173,0.0115600001811981,3.59134088958117,4.22203059391205,71.486343252259,1400.66790199219,89
"320",2021-01-14,12419,1712,402,130,141,91,2,14,74,9,10,42,32,0,640,76,2580,0.0337199997901916,146,0,3.19140130075915,3.99962475509394,77.2701143572774,1425.24257604814,91
"321",2021-01-15,12514,1680,404,144,135,95,7,7,79,5,11,42,31,2,645,86,2924,0.037279999256134,207,0.00483000010251999,3.51346304203633,4.02067147102857,77.141455212382,1370.20517159072,95
"322",2021-01-16,12575,1631,405,119,130.1,61,1,1,57,2,9,40,31,1,647,58,2472,0.0323600006103516,289,0,2.89728075004669,4.01811593391701,50.1804166945056,1382.98723497825,61
"323",2021-01-17,12654,1570,407,74,123.6,79,2,3,71,2,9,40,31,2,649,73,2038,0.026010000705719,32,0,2.56079137382876,3.68683162019052,66.1887001078211,1358.98985163396,79
"324",2021-01-18,12776,1592,408,64,123.3,122,2,45,73,7,10,44,34,1,656,75,1018,0.0383100008964539,48,0,3.65849727134991,3.75351188516483,105.59897212251,1286.31418158714,122
"325",2021-01-19,12850,1533,415,81,112,74,3,24,47,8,9,46,37,7,664,50,2338,0.0410599994659424,88,0,3.95706012989997,3.33854782250028,63.6158214667617,1214.62108617091,74
"326",2021-01-20,12911,1491,415,166,111.1,61,1,8,50,2,7,38,31,0,666,51,3062,0.0228600001335144,163,0.00612999975681305,2.20144218199013,3.13999086427299,53.1074001263801,1318.72810957711,61
"327",2021-01-21,12982,1460,417,81,104.1,71,1,9,60,3,7,38,31,2,669,61,2640,0.0242400002479553,117,0,2.32113168859637,3.01566663396402,62.5687972949595,1282.13842705969,71
"328",2021-01-22,13060,1428,418,94,97,78,2,3,72,5,6,38,32,1,674,74,2311,0.0307200002670288,112,0.0178600001335144,3.01255636120748,2.94410853670276,65.2997162887243,1202.21614676079,78
"329",2021-01-23,13109,1364,418,84,92,49,1,4,41,4,9,40,31,0,678,42,2122,0.0329900002479553,274,0,2.92173541428052,2.94760206016473,39.5594987730413,1154.83705539115,49
"330",2021-01-24,13155,1280,419,44,87.7,46,2,9,35,2,8,38,30,1,680,37,1247,0.0224499988555908,36,0,2.18200690357925,2.89348999298623,41.7627183078483,1133.41295767691,46
"331",2021-01-25,13219,1223,419,29,82.7,64,1,18,44,4,7,39,32,0,684,45,825,0.0206100010871887,48,0,1.94768051511234,2.64908759923801,58.3999799402511,1097.98167704282,64
"332",2021-01-26,13281,1159,420,74,81.7,62,1,19,40,8,5,41,36,1,692,41,2352,0.0242300009727478,79,0,2.34426006943245,2.41868759059979,54.9554882367295,1016.4002650334,62
"333",2021-01-27,13359,1119,422,80,69.4,78,0,27,50,1,4,31,27,2,693,50,2802,0.0196300005912781,175,0.00570999979972839,1.88117271151205,2.37293480910292,72.0633974094574,1008.51883402366,78
"334",2021-01-28,13397,1058,422,67,67.4,38,1,3,33,3,5,31,26,0,696,34,2352,0.0204099988937378,209,0.0287100005149841,2.10873516226876,2.34259244819898,33.2370326590637,940.905310390863,38
"335",2021-01-29,13424,952,422,73,64.4,27,1,3,23,3,4,32,28,0,699,24,2847,0.0122899997234344,180,0.00555999994277954,1.18898015204223,2.08208156117537,25.5023327299386,892.592531620899,27
"336",2021-01-30,13443,855,423,41,58.3,19,1,6,12,2,5,34,29,1,701,13,2153,0.015789999961853,216,0,1.43503038910382,1.86969512900727,18.0208844620267,790.604324233291,19
"337",2021-01-31,13485,796,424,25,55.6,42,4,5,33,4,6,33,27,1,705,37,922,0.0195200002193451,24,0,1.90247782264653,1.82976240315974,38.3055412728523,716.51921224839,42
"338",2021-02-01,13529,709,424,27,55.3,44,6,7,29,4,5,30,25,0,709,35,548,0.0292000007629395,29,0,2.77324097367259,1.94769961152549,36.9056926332517,605.803887913585,44
"339",2021-02-02,13572,647,425,59,53.1,43,5,5,31,3,5,28,23,1,712,36,2437,0.0217499995231628,105,0.0190499997138977,2.16384731738423,1.92192636123289,36.9115507953307,573.521482349415,43
"340",2021-02-03,13635,632,425,54,49.4,63,4,23,35,2,4,27,23,0,714,39,2865,0.0129100000858307,212,0,1.20205233168362,1.82490916411454,59.5395333973167,592.127823259081,63
"341",2021-02-04,13717,634,425,51,47.1,82,3,43,33,2,5,26,21,0,716,36,2815,0.0131400001049042,90,0,1.27329088796232,1.70555998207076,76.5941994260042,591.631178780185,82
"342",2021-02-05,13773,630,427,72,47,56,1,8,46,2,5,22,17,2,718,47,2435,0.0160199999809265,149,0,1.50962461120573,1.75136633337983,51.2761145122029,580.084088142295,56
"343",2021-02-06,13798,599,427,61,49.9,25,1,4,19,3,6,22,16,0,721,20,2370,0.0147699999809265,205,0.0146300005912781,1.47588543984496,1.7572027692,22.4507834201302,552.600963432899,25
"344",2021-02-07,13823,554,429,33,51,25,1,2,19,3,4,24,20,2,724,20,1004,0.0249000000953674,75,0,2.31692308579693,1.81640923536434,19.5679578089904,486.632431309034,25
"345",2021-02-08,13871,552,431,24,50.6,48,1,7,39,2,5,22,17,2,726,40,852,0.0140799999237061,28,0,1.36319999261336,1.61497480949874,44.138135558195,512.506270703091,48
"346",2021-02-09,13925,571,431,42,48.1,54,5,7,39,0,2,20,18,0,726,44,2242,0.0178400003910065,150,0,1.67212712694969,1.54472906800809,47.1385407042272,520.888789593493,54
"347",2021-02-10,13980,586,432,41,46.3,55,0,5,49,3,4,21,17,1,729,49,2793,0.0125300002098083,100,0,1.20968857884531,1.54581996045976,50.8890061498224,548.795053138692,55
"348",2021-02-11,14038,611,433,51,46.3,58,1,11,44,1,3,17,14,1,730,45,2564,0.0155999994277954,58,0,1.52549193489197,1.58184868144971,52.3971023753434,562.080656696329,58
"349",2021-02-12,14089,614,435,52,43.4,51,0,8,42,3,2,17,15,2,733,42,2612,0.0157000005245209,173,0,1.47247401687786,1.57654145368858,46.7541651218606,566.548985352915,51
"350",2021-02-13,14124,615,435,45,41.1,35,0,4,30,6,2,21,19,0,739,30,2100,0.0219000005722046,46,0.0217400002479553,2.18965709287211,1.67850883269246,30.5523207483536,544.322575341249,35
"351",2021-02-14,14164,587,437,49,43.4,40,0,4,34,4,2,21,19,2,743,34,1174,0.017039999961853,10,0,1.68960810432563,1.58889240676799,34.9849508703984,534.946063556584,40
"352",2021-02-15,14225,608,438,34,44.9,61,2,8,50,4,2,23,21,1,747,52,867,0.0265300011634827,26,0,2.57575711184093,1.76211485237193,52.9702845893772,525.806404429641,61
"353",2021-02-16,14278,605,438,61,47.6,53,4,13,33,3,2,24,22,0,750,37,1560,0.0333299994468689,23,0,3.28457353993149,1.99246433994076,43.6216226885222,500.704911528539,53
"354",2021-02-17,14335,621,439,50,48.9,57,5,6,43,2,2,25,23,1,752,48,2064,0.0184099996089935,222,0,1.66221518779364,2.05711099836195,49.8124695718738,566.823825086118,57
"355",2021-02-18,14406,637,439,68,51.3,71,3,12,52,3,3,26,23,0,755,55,2349,0.021710000038147,116,0,2.06883529775283,2.13473147877064,61.0280233757527,567.833652551899,71
"356",2021-02-19,14462,645,440,58,52.1,56,2,17,34,1,3,26,23,1,756,36,2576,0.0151400005817413,97,0.0103100001811981,1.49647255952645,2.13815984200615,50.1725121284428,594.340842301268,56
"357",2021-02-20,14509,623,440,66,55.1,47,0,3,43,4,3,26,23,0,760,43,2383,0.0255999994277954,68,0,2.48897587255963,2.1809196676758,40.3828162018447,541.616151017425,47
"358",2021-02-21,14549,609,440,53,55.7,40,0,7,32,2,4,24,20,0,762,32,1002,0.0299399995803833,28,0,2.9126096679169,2.35563417676027,34.1082781181716,515.904417936454,40
"359",2021-02-22,14615,627,440,32,55.4,66,0,11,54,1,6,23,17,0,763,54,863,0.0150600004196167,66,0,1.39900757396439,2.18752709992076,61.0349988487066,580.961931076649,66
"360",2021-02-23,14666,629,440,47,53.4,51,0,6,44,3,6,25,19,0,766,44,2036,0.019650000333786,84,0,1.88714154149001,1.98789395728626,45.642005843707,566.700492629357,51
"361",2021-02-24,14716,638,441,60,54.9,50,2,10,38,1,6,24,18,1,767,40,2874,0.0184399998188019,41,0,1.81806379002527,2.01015804331935,46.1832070556046,577.122152536893,50
"362",2021-02-25,14748,632,441,43,51.3,32,1,4,25,1,6,23,17,0,768,26,2376,0.0185199999809265,127,0,1.7580311607943,1.96575745232528,27.6010046353792,573.685958829218,32
"363",2021-02-26,14813,634,441,56,51,65,6,13,41,1,6,21,15,0,769,47,2640,0.01817999958992,183,0,1.70014873954619,1.99485404947096,55.8061367234628,577.427461333519,65
"364",2021-02-27,14857,636,442,70,51.6,44,0,6,32,3,6,23,17,1,772,32,2535,0.0209100008010864,47,0.0212800002098083,2.09167358794017,1.93809658023961,34.4870385577319,566.179891334921,44
"365",2021-02-28,14924,650,442,50,51.1,67,2,9,53,7,6,28,22,0,779,55,1553,0.0257599997520447,94,0,2.42897872586068,1.86900644566014,56.9884200122696,567.135872872277,67
"366",2021-03-01,14994,656,442,55,54.4,70,3,5,60,3,6,29,23,0,782,63,991,0.0302699995040894,45,0,2.89551829233133,2.08279369114114,58.4259353756199,556.308152482645,70
"367",2021-03-02,15059,665,443,63,56.7,65,2,8,54,3,4,29,25,1,785,56,1984,0.0257100009918213,41,0,2.51894528235918,2.17305136840816,56.5965141117242,577.083605076725,65
"368",2021-03-03,15122,679,443,65,57.4,63,1,5,54,6,5,32,27,0,791,55,2613,0.0191400003433228,108,0,1.83803090397289,2.17590381325782,54.6942718905207,613.498374793882,63
"369",2021-03-04,15176,671,443,61,60,54,2,3,48,1,5,31,26,0,792,50,2381,0.0201600003242493,223,0.00448000013828278,1.88172046093988,2.19357371327862,48.0619599969179,604.731503158639,54
"370",2021-03-05,15235,660,444,51,59.3,59,2,8,46,2,2,28,26,1,794,48,2401,0.0183299994468689,152,0,1.72386716302124,2.19696205948934,51.6571530255473,600.285854101275,59
"371",2021-03-06,15282,665,445,46,55.9,47,3,3,39,0,2,26,24,1,794,42,1946,0.0215799999237061,23,0,2.13279227280508,2.20283615732718,40.2985985032352,590.561142967891,47
"372",2021-03-07,15319,653,446,55,56.6,37,0,0,35,2,5,25,20,1,796,35,1736,0.0190100002288818,16,0.0625,1.94071691765633,2.13308447044085,31.4349984064685,586.487255983541,37
"373",2021-03-08,15387,680,447,39,54.3,68,1,8,53,6,4,29,25,1,802,54,1161,0.0215300011634827,139,0,1.92279471929257,1.99412396000674,56.5505060747512,611.376743163534,68
"374",2021-03-09,15452,695,447,69,55.1,65,1,10,52,1,3,27,24,0,803,53,2079,0.0298200011253357,57,0,2.90242426683394,2.04890667207456,54.9264180418773,589.129444134051,65
"375",2021-03-10,15521,707,447,77,56.9,69,2,7,56,0,2,24,22,0,803,58,2619,0.0183299994468689,182,0,1.71389748487503,2.03117332648915,59.782741836569,643.403422042315,69
"376",2021-03-11,15577,701,450,73,58.6,56,0,4,49,1,2,20,18,3,804,49,2285,0.0284500002861023,85,0,2.74296416260522,2.15420814101277,45.9458335059525,600.082230360667,56
"377",2021-03-12,15642,688,450,97,65.1,65,1,6,53,2,2,17,15,0,806,54,2331,0.024449999332428,132,0,2.31396461404343,2.23850777687308,53.4418708451053,604.444576693193,66
"378",2021-03-13,15690,687,450,57,66.7,48,3,2,37,4,4,21,17,0,810,40,2322,0.0189499998092651,99,0,1.81750927538677,2.19346734867047,38.1843711883327,621.466575159615,54
"379",2021-03-14,15753,705,450,65,68.1,63,3,6,51,2,3,22,19,0,812,54,1529,0.0333599996566772,36,0,3.25926130831051,2.38183083304964,50.7627556274072,584.402642913372,62
"380",2021-03-15,15841,734,451,60,71.1,88,1,6,77,4,5,24,19,1,816,78,994,0.0352099990844727,13,0,3.47554509334318,2.60365231505687,69.7718962762406,600.1098957277,72
"381",2021-03-16,15922,745,452,85,73.4,81,2,6,69,5,6,27,21,1,821,71,1557,0.0346799993515015,8,0,3.45027213995449,2.68191629693123,64.1429541596476,610.091561252641,68
"382",2021-03-17,15997,760,453,79,73.7,75,1,7,64,3,5,27,22,1,824,65,2807,0.0306399989128113,173,0,2.88612338752555,2.84937714016702,62.1540473473901,644.878092061792,65
"383",2021-03-18,16089,797,453,65,72.6,92,3,3,84,1,5,23,18,0,825,87,2537,0.0311400008201599,159,0,2.93034800002766,2.8761462597988,76.6196355151725,674.423557535545,73
"384",2021-03-19,16206,842,455,116,75.3,117,2,5,105,2,4,24,20,2,827,107,2583,0.0410400009155273,94,0,3.95989250522253,3.11127881568153,89.7619518255632,667.005265767516,82
"385",2021-03-20,16263,851,456,86,79.4,57,2,3,51,5,5,28,23,1,832,53,1981,0.055019998550415,150,0.00666999995708466,5.16166668803073,3.58901558891638,41.6419547195329,620.45855596835,59
"386",2021-03-21,16326,858,457,90,83,63,3,2,57,2,5,28,23,1,834,60,1296,0.0463000011444092,85,0,4.34502545135078,3.74412475220785,48.3172602274008,662.336821251831,62
"387",2021-03-22,16461,922,457,52,81.9,135,1,4,129,5,8,31,23,0,839,130,1145,0.0690000009536743,127,0,6.21108499150606,4.13491616623111,91.6220136588575,621.442281488204,91
"388",2021-03-23,16574,955,458,128,88,113,1,1,111,3,9,30,21,1,842,112,1932,0.0336400008201599,150,0,3.12163696371513,4.08796828391121,94.6502602330926,798.535701094674,84
"389",2021-03-24,16622,937,458,145,97.4,48,0,0,48,2,8,30,22,0,844,48,2982,0.0452699995040894,46,0,4.45822782434592,4.3125546320284,36.7686234567814,717.75417039592,83
"390",2021-03-25,16622,895,459,84,100.1,0,0,0,0,0,8,30,22,1,844,0,1663,0.0432999992370605,202,0,3.86101333679526,4.4455068229952,0,713.634854206721,75
