"","date","observed_cumulative_cases","observed_active_cases","observed_cumulative_deaths","observed_new_cases","observed_daily_average_cases","observed_new_episodes","observed_new_cases_community_outbreak","observed_new_cases_institution_outbreak","observed_new_cases_sporadic","observed_new_ICU_p_acute_care","observed_census_ICU","observed_census_ICU_p_acute_care","observed_census_acute_care","observed_new_deaths","cumulative_hosp","observed_new_community_cases","num_non_ltch_tests","non_ltch_pct_positivity","num_ltch_tests","ltch_pct_positivity","observed_pct_positivity","pct_positivity_7_day","adjusted_new_episodes","adjusted_active_cases","adjusted_episode_cases"
"1",2020-03-01,7,7,0,0,0,2,0,0,2,0,0,1,1,0,0,2,NA,NA,NA,NA,NA,NA,NA,NA,2
"2",2020-03-02,10,10,0,0,0,3,2,0,1,0,0,1,1,0,0,3,NA,NA,NA,NA,NA,NA,NA,NA,3
"3",2020-03-03,11,11,0,0,0,1,0,0,1,0,0,1,1,0,0,1,NA,NA,NA,NA,NA,NA,NA,NA,1
"4",2020-03-04,12,12,0,0,0,1,0,0,1,0,0,1,1,0,0,1,NA,NA,NA,NA,NA,NA,NA,NA,1
"5",2020-03-05,18,17,0,0,0,6,2,0,4,0,0,1,1,0,0,6,NA,NA,NA,NA,NA,NA,NA,NA,6
"6",2020-03-06,23,22,0,0,0,5,0,1,4,0,0,1,1,0,0,4,NA,NA,NA,NA,NA,NA,NA,NA,5
"7",2020-03-07,27,26,0,0,0,4,0,0,4,0,0,1,1,0,0,4,NA,NA,NA,NA,NA,NA,NA,NA,4
"8",2020-03-08,36,35,0,0,0,9,1,0,8,0,0,1,1,0,0,9,NA,NA,NA,NA,NA,NA,NA,NA,9
"9",2020-03-09,45,44,0,1,0.1,9,0,0,9,0,0,1,1,0,0,9,NA,NA,NA,NA,NA,NA,NA,NA,9
"10",2020-03-10,52,51,0,0,0.1,7,1,0,6,0,0,1,1,0,0,7,NA,NA,NA,NA,NA,NA,NA,NA,7
"11",2020-03-11,61,60,0,0,0.1,9,0,0,9,0,0,1,1,0,0,9,NA,NA,NA,NA,NA,NA,NA,NA,9
"12",2020-03-12,75,74,0,3,0.6,14,1,0,13,0,0,1,1,0,0,14,NA,NA,NA,NA,NA,NA,NA,NA,14
"13",2020-03-13,97,96,0,1,0.7,22,2,2,18,0,0,1,1,0,0,20,NA,NA,NA,NA,NA,NA,NA,NA,22
"14",2020-03-14,115,114,0,4,1.3,18,1,1,16,1,0,2,2,0,1,17,NA,NA,NA,NA,NA,NA,NA,NA,18
"15",2020-03-15,142,140,0,4,1.9,27,1,0,26,0,0,2,2,0,1,27,NA,NA,NA,NA,NA,NA,NA,NA,27
"16",2020-03-16,157,155,0,0,1.7,15,0,0,15,0,0,2,2,0,1,15,NA,NA,NA,NA,NA,NA,NA,NA,15
"17",2020-03-17,180,177,0,5,2.4,23,1,0,22,2,0,4,4,0,3,23,127,0,4,0,0,0,23,177,23
"18",2020-03-18,196,192,0,4,3,16,0,0,16,0,0,3,3,0,3,16,210,0.01904999971,1,0,1.89597153511848,0.947985767559242,16.0015589828328,192.018707793993,16
"19",2020-03-19,221,217,0,1,2.7,25,0,0,25,4,0,7,7,0,7,25,110,0.02726999998,9,0,2.52075630067227,1.47224261193025,25.0032386230865,217.028111248391,25
"20",2020-03-20,243,239,0,2,2.9,22,1,1,20,3,1,10,9,0,10,21,137,0.00730000019,4,0,0.709290798602837,1.2815046585984,22.0007654787835,239.008711877584,22
"21",2020-03-21,263,259,0,4,2.9,20,0,2,18,3,1,10,9,0,13,18,204,0.01470999956,3,0,1.44968111605797,1.31513995009031,20.0013410177434,259.019295755308,20
"22",2020-03-22,289,285,0,7,3.3,26,0,1,25,3,5,13,8,0,16,25,159,0.03144999981,2,0,3.10593165825466,1.61360523478437,26.0039904460304,285.045491084746,26
"23",2020-03-23,310,306,0,9,4.6,21,2,0,19,4,5,17,12,0,20,21,138,0.03622999907,3,0,3.54591480259574,1.88964945875742,21.0038268120139,306.055762117917,21
"24",2020-03-24,328,322,1,8,5,18,1,3,14,3,7,20,13,1,23,15,253,0.01975999951,4,0,1.94524508794942,2.16754161417877,18.001499529879,322.032189908068,18
"25",2020-03-25,351,345,1,8,5.6,23,0,1,22,4,8,23,15,0,27,22,153,0.05881999969,2,0,5.80610319520645,2.72613185133419,23.0065644292009,345.102942185196,23
"26",2020-03-26,365,355,1,19,8.1,14,1,3,10,2,7,25,18,0,29,11,274,0.02555000067,3,0,2.52732858612996,2.72707074925672,14.0014287094987,355.046108352004,14
"27",2020-03-27,382,363,1,27,11.7,17,3,2,12,5,9,26,17,0,34,15,577,0.02946000099,4,0,2.92571782637349,3.04370318179539,17.002255346293,363.05457938029,17
"28",2020-03-28,407,385,2,26,14.9,25,1,1,23,3,8,25,17,1,37,24,367,0.08173999786,3,0,8.10772411205946,3.99485218122417,25.0099999940423,385.160416571095,25
"29",2020-03-29,426,397,2,11,15.4,19,5,4,10,7,8,31,23,0,44,15,184,0.0434800005,0,0,4.34800005,4.17229052290208,19.0033517401119,397.088709388294,19
"30",2020-03-30,451,407,3,48,21,25,8,3,14,4,12,32,20,1,48,22,549,0.07831999779,0,0,7.831999779,4.78458837667411,25.0088549249509,407.163816111592,25
"31",2020-03-31,468,404,3,51,27.1,17,2,3,12,6,13,34,21,0,54,14,943,0.06468999863,0,0,6.468999863,5.4308390588242,17.0046543036653,404.134309905771,17
"32",2020-04-01,495,406,3,37,31.3,27,6,4,16,3,15,33,18,0,57,22,575,0.05738999844,4,0.25,5.87206374835924,5.44026199498888,26.0066390047581,406.122519815082,27
"33",2020-04-02,512,402,6,32,33.1,17,5,4,7,6,14,34,20,3,63,12,107,0.08411000252,9,0,7.75842264624138,6.18756114643337,16.004784584377,402.160283576631,17
"34",2020-04-03,539,407,6,26,33,27,3,4,19,5,14,37,23,0,68,22,217,0.1106000042,2,0,10.9589958499543,7.3351722926592,26.0123903330601,407.229221161612,27
"35",2020-04-04,556,415,7,18,31.9,17,3,7,6,7,14,43,29,1,75,9,315,0.02539999962,3,0,2.51603769820755,6.53635994782321,16.0011637218554,415.053660507778,17
"36",2020-04-05,583,426,8,40,36,27,4,8,13,4,13,43,30,1,79,17,422,0.06635000229,5,0.2,6.79149905535831,6.88543123430297,25.0059334065043,426.148684186519,27
"37",2020-04-06,602,426,9,40,34.9,19,3,7,9,4,12,44,32,1,83,12,238,0.1176500034,4,0.25,11.9837606649587,7.47853993229707,19.0073903313431,426.262356762681,19
"38",2020-04-07,625,424,9,25,31.1,23,2,11,10,4,14,45,31,0,87,12,285,0.1087699986,6,0,10.6527318216495,8.07621592638985,23.0065694918375,424.232122044926,23
"39",2020-04-08,645,427,11,26,29.6,20,1,10,8,5,16,44,28,2,92,9,368,0.0434800005,6,0.3333300018,4.81300005208556,7.92492111263647,19.0022261166257,427.105616866574,20
"40",2020-04-09,681,435,11,25,28.6,36,1,20,13,6,16,47,31,0,98,14,295,0.09491999626,5,0,9.33379963223333,8.14997496777818,34.0067154643314,435.208659070296,36
"41",2020-04-10,715,451,11,36,30,34,0,20,13,4,16,49,33,0,102,13,331,0.09062999725,8,0,8.84912362529498,7.8485646499697,33.0059119826662,451.205100321729,34
"42",2020-04-11,759,481,11,31,31.9,44,0,34,8,5,19,53,34,0,107,8,225,0.1022200012,11,0.3636399841,11.4404830911441,9.1234854203892,42.00470352967,481.282799721409,44
"43",2020-04-12,792,496,13,35,31.1,33,0,18,14,1,18,49,31,2,108,14,227,0.1013199997,12,0.5,12.1337405572803,9.88666277780663,32.0087299604801,496.309290028438,33
"44",2020-04-13,816,503,16,16,27.7,24,0,19,5,3,20,51,31,3,111,5,165,0.0606099987,26,0.03845999956,5.75948155709948,8.99748004811246,24.0014799359964,503.148881561234,24
"45",2020-04-14,849,503,18,32,28.7,33,0,26,7,5,20,50,30,2,116,7,208,0.06730999947,18,0.1666699982,7.52236276874336,8.55028446912587,33.0027060875984,503.194451723141,33
"46",2020-04-15,878,501,24,60,33.6,29,2,18,9,4,16,50,34,6,120,11,390,0.1,24,0.2083300018,10.6280000104348,9.38099874889005,29.0060080531873,501.27363951335,29
"47",2020-04-16,948,550,24,21,33,70,1,55,13,7,13,52,39,0,127,14,310,0.03548000097,11,0,3.42641753915888,8.53708702130798,69.0024652323464,550.09684841361,70
"48",2020-04-17,980,554,26,73,38.3,32,0,26,6,0,13,49,36,2,127,6,378,0.08465999603,66,0.5,14.6399726349865,9.36435116554963,32.0045142026636,554.41681137927,32
"49",2020-04-18,1020,576,31,31,38.3,40,0,31,9,1,11,46,35,5,128,9,421,0.06176000118,8,0,6.06082995262937,8.59582928861896,40.0028032649443,576.179408956436,40
"50",2020-04-19,1037,579,35,38,38.7,17,0,13,4,5,15,47,32,4,133,4,452,0.04425000191,47,0.1276599979,5.21062540373146,7.60681283811198,17.0010711230894,579.155045067192,17
"51",2020-04-20,1098,615,39,16,38.7,61,1,47,13,3,13,45,32,4,136,14,325,0.05230999947,43,0.02325999975,4.89155701548913,7.48282361788192,61.0035193680984,615.154600812893,61
"52",2020-04-21,1134,628,47,51,41.4,36,0,26,10,2,11,43,32,8,138,10,543,0.06998000145,25,0.36,8.2744966174912,7.59027131056019,36.0042523707297,628.267048881828,36
"53",2020-04-22,1175,645,54,35,37.9,41,1,31,9,4,9,45,36,7,142,10,656,0.02438999891,122,0.1065600014,3.72752692233419,6.60448944083153,41.0019156242502,645.12355776414,41
"54",2020-04-23,1220,660,57,50,42,45,0,35,10,5,11,48,37,3,147,10,775,0.03612999916,105,0.02857000113,3.52279539405114,6.61825770581614,45.0018104100724,660.11948706478,45
"55",2020-04-24,1261,667,65,38,37,41,0,36,5,7,10,48,38,8,154,5,517,0.04061999798,94,0.1063799953,5.07369206446154,5.25164619574115,41.0013037179555,667.17391597527,41
"56",2020-04-25,1362,739,78,53,40.1,101,0,95,6,4,9,48,39,13,158,6,557,0.0502699995,28,0.03571000099,4.95731106824274,5.09400064082877,101.001528575728,739.188269577165,101
"57",2020-04-26,1416,758,87,88,47.3,54,0,41,13,5,9,50,41,9,163,13,358,0.05027999878,81,0.01235000014,4.32815252268337,4.96793308639333,54.0028915815593,758.168601447843,54
"58",2020-04-27,1477,782,95,87,57.4,61,0,54,7,8,11,56,45,8,171,7,269,0.06320000172,80,0.1,7.16355314116905,5.29250396149046,61.0025770097656,782.287888805246,61
"59",2020-04-28,1498,778,103,65,59.4,21,0,14,7,7,13,61,48,8,178,7,503,0.06163000107,11,0.2727300072,6.61477054813424,5.05540023729661,21.0023795912397,778.264474569214,21
"60",2020-04-29,1523,767,111,29,58.6,25,0,17,8,7,13,62,49,8,185,8,668,0.03144000053,74,0.1486499977,4.31294072558491,5.13903078061814,25.0017731807745,767.170003706752,25
"61",2020-04-30,1543,757,122,30,55.7,20,0,10,10,2,11,56,45,11,187,10,603,0.04145999908,6,0.3333300018,4.43355656092611,5.26913951874314,20.0022784620044,757.172479573732,20
"62",2020-05-01,1566,741,135,42,56.3,23,0,16,7,6,11,57,46,13,193,7,516,0.03101000071,55,0.09090999603,3.67797025359194,5.06975068861891,23.0013231095065,741.140060592042,23
"63",2020-05-02,1587,742,139,22,51.9,21,0,15,6,4,12,57,45,4,197,6,508,0.05118000031,28,0.03571000099,5.03718660171642,5.08116147911515,21.0015532051693,742.192079705931,21
"64",2020-05-03,1606,723,148,23,42.6,19,0,13,6,3,12,52,40,9,200,6,826,0.02058000088,231,0.00432999998,1.702867618,4.7061207784461,19.0005250754034,723.063271586108,19
"65",2020-05-04,1624,720,152,14,32.1,18,0,11,7,6,10,52,42,4,206,7,637,0.01098999977,24,0.125,1.51295459205598,3.89889241428708,18.00054426884,720.055981937832,18
"66",2020-05-05,1649,720,156,29,27,25,0,24,1,3,9,50,41,4,209,1,923,0.02924999952,29,0.1724099922,3.36109656835714,3.4340818457475,25.0001727310957,720.12436638887,25
"67",2020-05-06,1665,694,161,23,26.1,16,0,11,5,4,10,52,42,5,213,5,598,0.01672000051,149,0.01342000008,1.60617674925033,3.0474012776997,16.0004127174927,694.057285187992,16
"68",2020-05-07,1688,672,167,32,26.4,23,0,16,7,6,10,54,44,6,219,7,813,0.03566999912,234,0.01281999946,3.05631224051576,2.85065208906965,23.0010994748465,672.105549585269,23
"69",2020-05-08,1701,639,173,16,22.7,13,0,8,5,4,8,54,46,6,223,5,715,0.00978999972,127,0.04723999977,1.54386339318171,2.54577968043962,13.0003967056733,639.050698985049,13
"70",2020-05-09,1718,623,179,12,21.3,17,0,12,5,5,6,51,45,6,228,5,1100,0.01544999957,164,0.03049000025,1.74013920632911,2.07477290967001,17.0004471400116,623.055713645442,17
"71",2020-05-10,1730,554,185,25,21.6,12,0,8,4,3,5,52,47,6,231,4,907,0.01764000058,316,0.01266000032,1.63532629821586,2.06512414970084,12.0003361661261,554.04655900847,12
"72",2020-05-11,1750,535,188,14,21.6,20,0,14,6,1,5,51,46,3,232,6,517,0.00967000008,197,0.01523000002,1.12040616880952,2.00904580352278,20.0003454747244,535.030804829594,20
"73",2020-05-12,1773,518,193,13,19.3,23,0,17,6,4,6,51,45,5,236,6,835,0.01317000031,322,0.0031099999,1.03702422010804,1.67703546805862,23.0003197640879,518.027606299589,23
"74",2020-05-13,1794,500,195,21,19,21,0,15,6,2,7,47,40,2,238,6,1249,0.01440999985,224,0.01338999987,1.42548878367481,1.65122290154783,21.0004395462631,500.036628855262,21
"75",2020-05-14,1808,472,198,25,18,14,0,10,4,2,6,45,39,3,240,4,1046,0.02677000046,127,0.02361999989,2.64289518049361,1.59216332154467,14.0005432871933,472.064107888804,14
"76",2020-05-15,1828,458,201,17,18.1,20,0,12,8,1,5,44,39,3,241,8,1163,0.01203999996,137,0.01460000038,1.23097846196462,1.54746547422794,20.00050609259,458.02897380078,20
"77",2020-05-16,1844,438,207,19,19.1,16,0,6,10,1,4,42,38,6,242,10,967,0.01343999982,25,0.04,1.4109354663246,1.50043636851301,16.0007250979674,438.031759290972,16
"78",2020-05-17,1856,398,212,15,17.7,12,0,9,3,1,2,42,40,5,243,3,353,0.02549999952,10,0.1,2.75523411310193,1.66042319921102,12.0004247851237,398.056354826405,12
"79",2020-05-18,1871,390,213,26,19.4,15,0,8,7,2,1,43,42,1,245,7,376,0.03989000082,17,0.05881999969,4.07088557329517,2.08192025699468,15.0014644564883,390.081591147207,15
"80",2020-05-19,1883,353,219,23,20.9,12,0,8,4,0,1,40,39,6,245,4,359,0.03900000095,31,0.2258099937,5.3849000373718,2.70304537374665,12.0011069478838,353.097688150749,12
"81",2020-05-20,1898,339,223,17,20.3,15,0,9,6,3,1,41,40,4,248,6,675,0.02963000059,36,0.05556000233,3.09429120705063,2.94144571994319,15.0009541177403,339.053907652328,15
"82",2020-05-21,1906,325,229,11,18.3,8,0,1,7,0,1,38,37,6,248,7,478,0.02092000008,36,0,1.94547860666148,2.84181478082432,8.00069986461598,325.032493714313,8
"83",2020-05-22,1913,309,233,7,16.9,7,0,3,4,1,1,36,35,4,249,4,514,0.00583999991,14,0,0.568515142753788,2.7471771637942,7.00011686691115,309.009027968886,7
"84",2020-05-23,1922,305,236,6,15,9,1,3,5,1,0,35,35,3,250,6,582,0.00859000027,43,0,0.7999008251424,2.65988650076817,9.00024664762192,305.012537920781,9
"85",2020-05-24,1932,302,237,8,14,10,0,3,7,1,1,36,35,1,251,7,332,0.01506000042,25,0.04,1.6806498990028,2.50637447018258,10.0006045953896,302.026083972523,10
"86",2020-05-25,1947,298,240,6,11.1,15,1,7,7,0,1,35,34,3,251,8,401,0.01746000051,8,0,1.71184846076039,2.1693691683919,15.0007037928348,298.026216283095,15
"87",2020-05-26,1953,288,243,16,10.1,6,0,2,4,1,1,35,34,3,252,4,1123,0.00800999999,41,0.07316999912,1.03051545985309,1.54731422874637,6.0002118380842,288.015252342063,6
"88",2020-05-27,1958,260,243,8,8.9,5,0,1,4,1,1,33,32,0,253,4,1150,0.00957000017,13,0.07691999912,1.0322837647515,1.25274173698935,5.0002122015861,260.013793103097,5
"89",2020-05-28,1962,235,244,4,7.9,4,0,2,2,1,1,31,30,1,254,2,1403,0.00284999996,88,0,0.268179070682763,1.01312751756382,4.00002756413793,235.003238786207,4
"90",2020-05-29,1969,225,247,7,7.9,7,0,3,4,2,1,32,31,3,256,4,1380,0.0065200001,37,0,0.634975309668313,1.02262182712304,7.00013052880656,225.007342245369,7
"91",2020-05-30,1972,207,248,15,9.1,3,1,1,1,0,1,31,30,1,256,2,1020,0.01274999976,119,0,1.14179102328358,1.07146328400035,3.00011735623208,207.01214637002,3
"92",2020-05-31,1976,192,249,10,9.4,4,0,1,3,3,1,34,33,1,259,3,1309,0.00535000026,11,0.09090999603,0.606300022475,0.917984730210664,4.00009347562474,192.005982439983,4
"93",2020-06-01,1987,182,250,5,9.3,11,0,5,6,0,1,31,30,1,259,6,763,0.00130999997,20,0,0.127653892351213,0.691671220437924,11.0000393617908,182.001193974322,11
"94",2020-06-02,1990,163,251,8,8.1,3,0,1,2,0,1,26,25,1,259,2,858,0.01049000025,9,0,1.03811075138408,0.692756262085208,3.00010669970579,163.008696026022,3
"95",2020-06-03,2000,154,251,8,8.1,10,0,7,3,0,0,22,22,0,259,3,1110,0.00449999988,141,0,0.399280564892086,0.602327233533863,10.0000615586325,154.0031600098,10
"96",2020-06-04,2007,144,254,8,8.7,7,0,2,5,0,0,20,20,3,259,5,1430,0.00559000015,21,0,0.550909732219159,0.642717328039062,7.00014155981495,144.004076922671,7
"97",2020-06-05,2011,135,256,15,9.9,4,0,1,3,1,0,21,21,2,260,3,1366,0.00952000022,29,0,0.932209340539068,0.68517933244917,4.00014372232766,135.006467504745,4
"98",2020-06-06,2014,126,257,2,8,3,0,0,3,0,0,21,21,1,260,3,1404,0.00071000002,68,0,0.0677201106032609,0.531740630637696,3.00001044067196,126.000438508222,3
"99",2020-06-07,2015,117,258,4,7.1,1,0,0,1,0,0,20,20,1,260,1,870,0.00230000004,22,0,0.224327358161435,0.477173107164329,1.0000115284728,117.001348831317,1
"100",2020-06-08,2018,109,258,0,6.4,3,0,0,3,0,0,19,19,0,260,3,701,0.00143000007,12,0,0.140593274764376,0.47902159036621,3.00002167581017,109.000787554436,3
"101",2020-06-09,2028,106,259,3,5.7,10,0,3,7,0,0,18,18,1,260,7,1338,0.00224000007,10,0,0.222338285879822,0.362482666722744,10.0000799837626,106.001211182691,10
"102",2020-06-10,2038,104,259,7,5.6,10,0,4,6,0,0,17,17,0,260,6,1281,0.00233999997,12,0,0.231828303292343,0.338560915065638,10.0000714837364,104.00123905143,10
"103",2020-06-11,2045,103,260,5,5.1,7,0,2,5,0,0,16,16,1,260,5,1529,0.00326999992,6,0,0.325721816135505,0.306391212767973,7.00008369632505,103.001724144296,7
"104",2020-06-12,2049,106,260,10,4.4,4,0,2,2,0,0,16,16,0,260,2,1596,0.00814999998,13,0,0.80841516271473,0.288706330221639,4.00008309099959,106.004403822978,4
"105",2020-06-13,2052,104,260,6,5,3,0,3,0,0,0,16,16,0,260,0,1479,0.00270000011,23,0.0434800005,0.332446083501331,0.326524326349935,3,104.001776822715,3
"106",2020-06-14,2055,101,260,1,4.6,3,0,1,2,0,0,16,16,0,260,2,768,0,13,0,0,0.294477560898301,3,101,3
"107",2020-06-15,2060,99,260,2,4.9,5,0,2,3,0,0,14,14,0,260,3,720,0.00555999994,17,0,0.543175028059701,0.35198923994049,5.00008374339965,99.0027635321884,5
"108",2020-06-16,2064,98,260,3,4.9,4,0,1,3,1,0,14,14,0,261,3,1250,0.00079999998,14,0,0.0791139220727848,0.331528616539485,4.00001219730004,98.0003984451348,4
"109",2020-06-17,2067,88,260,8,5,3,0,0,3,1,1,6,5,0,262,3,1098,0.00911000013,26,0,0.889927058962633,0.425542724492384,3.00013720350441,88.0040246361293,3
"110",2020-06-18,2069,74,260,2,4.6,2,0,0,2,0,1,6,5,0,262,2,1304,0.00230000004,122,0,0.210322584302945,0.409057119944875,2.00002161749875,74.0007998474536,2
"111",2020-06-19,2072,72,260,5,3.9,3,0,0,3,0,1,5,4,0,262,3,1875,0.00107000001,19,0,0.105926611338437,0.308701612605405,3.00001633111629,72.0003919467909,3
"112",2020-06-20,2078,72,261,1,3.1,6,0,0,6,1,1,5,4,1,263,6,1792,0.00056000002,158,0,0.0514625659405128,0.268561110096716,6.00001586836656,72.0001904203988,6
"113",2020-06-21,2084,76,261,1,3.1,6,0,0,6,0,1,4,3,0,263,6,1102,0.00363000005,86,0,0.336722226860269,0.316664285362469,6.00010382754198,76.0013151488651,6
"114",2020-06-22,2086,75,262,6,3.7,2,0,1,1,0,1,1,0,1,263,1,509,0.00393000007,10,0,0.385427752529865,0.294128960286778,2.00001980763023,75.0014855722672,2
"115",2020-06-23,2095,80,262,4,3.9,9,0,0,9,0,1,1,0,0,263,9,1255,0.00158999994,20,0,0.156505876447059,0.305184953768817,9.00007238735296,80.0006434431374,9
"116",2020-06-24,2097,74,263,3,3.1,2,0,0,2,1,1,2,1,1,264,2,1733,0.00289000005,24,0,0.285052366912351,0.21877428347592,2.00002929841893,74.0010840415003,2
"117",2020-06-25,2103,72,263,6,3.7,6,0,0,6,0,1,2,1,0,264,6,1796,0.00277999997,21,0.04762000084,0.329823883531095,0.23584589765137,6.00010170045332,72.0012204054398,6
"118",2020-06-26,2107,66,263,6,3.9,4,0,0,4,0,1,2,1,0,264,4,2028,0.00196999997,23,0,0.194790830773281,0.248540786142062,4.00004004220996,66.0006606964644,4
"119",2020-06-27,2110,68,263,3,4.1,3,0,0,3,0,1,1,0,0,264,3,1574,0.00064000003,80,0,0.0609044768573156,0.249889630558748,3.00000938987929,68.0002128372639,3
"120",2020-06-28,2112,67,263,2,4.3,2,0,0,2,0,1,1,0,0,264,2,880,0.00114,12,0,0.112466367713004,0.217853079251996,2.00001155958392,67.0003872460613,2
"121",2020-06-29,2116,68,263,1,3.6,4,0,0,4,2,1,3,2,0,266,4,854,0.00351000011,8,0,0.347742470294664,0.21246946750411,4.00007148373952,68.0012152235718,4
"122",2020-06-30,2119,67,263,10,4.4,3,0,0,3,0,1,3,2,0,266,3,1605,0.0043599999,11,0,0.433032168285891,0.251973223481086,3.000066762248,67.0014910235386,3
"123",2020-07-01,2121,66,263,4,4.6,2,0,0,2,0,2,3,1,0,266,2,1601,0.00312000006,15,0,0.309103966340347,0.255409166256514,2.00003177050447,66.0010484266476,2
"124",2020-07-02,2127,65,263,4,4.3,6,0,1,5,0,1,3,2,0,266,5,1012,0.00197999999,12,0,0.195679686511719,0.23624570953946,6.00005028115968,65.0006536550758,6
"125",2020-07-03,2135,73,263,4,4,8,0,0,8,0,1,3,2,0,266,8,1334,0.00300000012,14,0,0.296884284872404,0.250830488696478,8.00012205813612,73.0011137804921,8
"126",2020-07-04,2138,73,263,4,4.1,3,0,0,3,0,1,3,2,0,266,3,1257,0.00317999989,40,0,0.308192741845027,0.286157383694722,3.00004751526969,73.0011562048959,3
"127",2020-07-05,2140,70,263,5,4.6,2,0,0,2,0,1,2,1,0,266,2,734,0.00272000015,47,0,0.25563125609475,0.3066095106064,2.00002627444112,70.0009196054393,2
"128",2020-07-06,2146,70,263,0,4.4,6,0,1,5,0,1,2,1,0,266,5,602,0,10,0,0,0.25693201485002,6,70,6
"129",2020-07-07,2153,71,263,6,3.9,7,0,1,6,0,1,1,0,0,266,6,1272,0.00393000007,21,0,0.386617176259861,0.250301301703444,7.00011921253751,71.0014106816938,7
"130",2020-07-08,2166,77,263,5,4,13,0,1,12,0,1,1,0,0,266,12,1684,0.00296999991,39,0,0.29027741430296,0.247611794269531,13.0001790127768,77.0011486653178,13
"131",2020-07-09,2174,81,263,5,4.1,8,0,0,8,1,0,2,2,0,267,8,1504,0.00266000003,41,0,0.258941103244013,0.256649139517002,8.00010645854307,81.0010778927486,8
"132",2020-07-10,2190,94,263,12,5.3,16,0,0,16,0,0,2,2,0,267,16,1900,0.00684000015,14,0.07143000126,0.731244529918495,0.318700603095015,16.0006012736202,94.0035324825187,16
"133",2020-07-11,2197,99,263,7,5.7,7,0,0,7,1,1,2,1,0,268,7,1571,0.00381999999,25,0,0.376016289742481,0.32838968136608,7.00013526774097,99.0019130723365,7
"134",2020-07-12,2220,119,263,9,6.3,23,0,2,21,1,1,3,2,0,269,21,1068,0.00842999995,13,0,0.832862159722479,0.410851239027184,23.0008988391138,119.005093421645,23
"135",2020-07-13,2243,137,263,6,7.1,23,0,2,21,0,0,3,3,0,269,21,808,0.00619000018,65,0,0.572911815056128,0.492695784035203,23.0006182962476,137.004033646949,23
"136",2020-07-14,2262,147,263,4,6.9,19,0,2,17,1,0,4,4,0,270,17,1406,0.00356000006,66,0,0.340038049209239,0.486041623027971,19.0002970749103,147.002568824225,19
"137",2020-07-15,2283,167,263,15,8.3,21,0,0,21,1,0,5,5,0,271,21,1404,0.00782999992,46,0,0.758159992253793,0.552881991306661,21.0008182192547,167.006506791216,21
"138",2020-07-16,2305,185,263,7,8.6,22,0,1,21,0,0,5,5,0,271,21,1695,0.00708000004,25,0.04,0.755848841151163,0.623868811007683,22.0008157250208,185.007186148993,22
"139",2020-07-17,2335,212,263,17,9.3,30,0,0,29,0,1,5,4,0,271,29,1787,0.00726999998,21,0,0.718555860855089,0.622056143998625,29.0010708979107,212.007828633003,30
"140",2020-07-18,2361,231,263,16,10.6,26,0,0,24,2,1,6,5,0,273,24,1551,0.00708999991,81,0,0.673810653211397,0.664598195922755,24.000831072003,231.007999068029,26
"141",2020-07-19,2379,249,263,28,13.3,18,0,0,18,0,1,6,5,0,273,18,2025,0.02122999907,22,0,2.10018310291891,0.845644044950816,18.001942760221,249.026874849724,18
"142",2020-07-20,2409,274,263,47,19.1,30,0,0,27,2,3,8,5,0,275,27,1548,0.01485999942,35,0.02857000113,1.51631264319078,0.980415591827195,27.0021039821826,274.02135152289,30
"143",2020-07-21,2433,293,263,23,21.9,24,0,0,23,0,3,8,5,0,275,23,1428,0.01610999942,15,0,1.59425358085655,1.15958923920538,23.0018844072849,293.024005710195,24
"144",2020-07-22,2460,313,263,13,21.6,27,0,1,23,2,3,9,6,0,277,23,1771,0.00902999997,16,0,0.894914938269166,1.17912566006472,24.0010577892057,313.014395131365,27
"145",2020-07-23,2479,321,263,29,24.7,19,0,1,17,1,3,10,7,0,278,17,1667,0.01019999981,32,0,1.0007886805927,1.21411706569923,18.0008743409987,321.016509615329,19
"146",2020-07-24,2502,336,263,34,27.1,23,0,1,18,0,3,7,4,0,278,18,2036,0.01228000045,83,0,1.1798999960453,1.2800233707264,19.0010914585371,336.020373892692,23
"147",2020-07-25,2514,335,263,26,28.6,12,0,1,10,0,3,7,4,0,278,10,2126,0.00800000012,320,0,0.69533933994767,1.28309889740301,11.0003573438716,335.011971019697,12
"148",2020-07-26,2521,337,263,21,27.6,7,0,0,6,2,4,9,5,0,280,6,1816,0.01210999966,73,0,1.1642011319513,1.14938718726478,6.00035897880289,337.020162642762,7
"149",2020-07-27,2536,339,264,22,24,15,0,1,13,1,4,9,5,1,281,13,1601,0.00874000013,24,0,0.861091705115692,1.0557841961112,14.0005752839999,339.015001636613,15
"150",2020-07-28,2556,329,264,14,22.7,20,0,2,17,1,4,10,6,0,282,17,1488,0.00739000022,24,0,0.727269862920635,0.93192937926321,19.0006353807458,329.012296486199,20
"151",2020-07-29,2572,323,264,20,23.7,16,2,2,12,2,4,11,7,0,284,14,2254,0.00620999992,52,0,0.606996522969644,0.890798177077563,16.000436720699,323.010075770412,16
"152",2020-07-30,2592,333,264,19,22.3,20,1,0,18,1,4,12,8,0,285,19,1891,0.00898999989,134,0,0.839510607011852,0.867758452280299,19.0008197271623,333.014366797108,20
"153",2020-07-31,2602,320,264,18,20,10,0,1,9,1,3,13,10,0,286,9,2129,0.00797999978,207,0,0.727286795017979,0.80309942356211,10.0003363858734,320.011960386609,10
"154",2020-08-01,2619,307,264,15,18.4,17,0,0,17,1,2,13,11,0,287,17,1629,0.00551999986,83,0.01205000043,0.583658283155958,0.78714498687758,17.0005099142068,307.009208450675,17
"155",2020-08-02,2627,292,264,2,15.7,8,0,0,8,0,2,13,11,0,287,8,1340,0.00149000004,11,0,0.147786828541821,0.641942943533369,8.00006075964864,292.002217727175,8
"156",2020-08-03,2636,278,264,10,14,9,0,1,7,0,1,12,11,0,287,7,1046,0.01146999955,47,0,1.09767790752973,0.675740972449661,8.00039487760214,278.015682281914,9
"157",2020-08-04,2648,266,264,20,14.9,12,0,1,11,1,1,11,10,0,288,11,1699,0.00588999987,12,0,0.584869069499123,0.655398001960873,12.0003306289494,266.007995209139,12
"158",2020-08-05,2657,246,264,12,13.7,9,1,0,8,1,1,12,11,0,289,9,1599,0.005,70,0,0.479029358897543,0.637116978522002,9.00022156143954,246.006056012681,9
"159",2020-08-06,2667,222,264,12,12.7,10,0,0,10,1,2,10,8,0,290,10,1639,0.00305000007,10,0,0.30315040113584,0.560494091968286,10.0001557929083,222.003458602564,10
"160",2020-08-07,2679,223,264,6,11,12,0,3,9,1,2,10,8,0,291,9,1689,0,39,0,0,0.456595978394289,12,223,12
"161",2020-08-08,2685,206,264,14,10.9,6,1,1,4,0,1,10,9,0,291,5,1518,0.00725000024,95,0,0.682300084582765,0.470687664312404,6.00017532141487,206.007223242293,6
"162",2020-08-09,2687,197,264,16,12.9,2,0,1,1,2,2,12,10,0,293,1,1589,0.00441000015,102,0,0.414399186182732,0.508775143975391,2.00002129650964,197.004195412399,2
"163",2020-08-10,2699,198,264,8,12.6,12,2,0,10,0,1,12,11,0,293,12,1384,0.00578000009,27,0,0.566939767863926,0.432955409737419,12.0003496292068,198.005768881913,12
"164",2020-08-11,2712,202,264,8,10.9,13,2,1,10,0,1,12,11,0,293,12,1460,0.00342000008,41,0,0.33265823562958,0.396925290613198,13.0002051488388,202.003453338787,13
"165",2020-08-12,2719,185,264,12,10.9,7,3,0,4,0,2,10,8,0,293,7,1486,0.00268999994,7,0,0.267738775006028,0.366740921485839,7.00009631609122,185.002545496697,7
"166",2020-08-13,2741,188,264,11,10.7,22,0,0,22,0,2,9,7,0,293,22,1689,0.00532999992,56,0,0.515895121196562,0.397133024351656,22.0005832753715,188.004984353175,22
"167",2020-08-14,2752,183,264,6,10.7,11,4,1,6,1,2,10,8,0,294,10,1882,0.00477999985,36,0,0.469028139608968,0.464137044295794,11.0002410396214,183.004411025072,11
"168",2020-08-15,2756,175,264,2,9,4,0,0,4,1,2,11,9,0,295,4,2044,0.00734000027,21,0,0.726535619945763,0.470456406490508,4.00014935041718,175.006534080751,4
"169",2020-08-16,2760,157,264,26,10.4,4,0,1,3,0,2,11,9,0,295,3,1196,0.00501999974,22,0,0.492932650988506,0.481675472891333,4.00007599733762,157.003977194002,4
"170",2020-08-17,2783,171,265,8,10.4,23,1,4,18,1,1,9,8,1,296,19,1358,0.00662999988,32,0,0.647736678923741,0.493217888757021,23.000632472473,171.005692252257,23
"171",2020-08-18,2809,190,265,15,11.4,26,1,1,24,0,1,7,6,0,296,25,1888,0.00583000004,77,0.05195000172,0.763724692517048,0.554798811169516,26.0009812199697,190.00745727177,26
"172",2020-08-19,2833,199,265,23,13,24,4,3,15,2,1,7,6,0,298,19,1519,0.01184999943,25,0.04,1.23057960713536,0.692347501473707,22.0012015804457,199.012584974142,24
"173",2020-08-20,2850,207,266,24,14.9,17,1,0,16,3,0,6,6,1,301,17,1607,0.00995999992,103,0,0.936007010025731,0.75236348559216,17.0008177443648,207.009957240207,17
"174",2020-08-21,2871,214,266,16,16.3,21,3,2,16,0,0,6,6,0,301,19,1804,0.00721000016,116,0.00861999989,0.72951876436875,0.789576431986414,21.0007123273269,214.008023055155,21
"175",2020-08-22,2890,224,266,16,18.3,19,1,0,18,1,0,7,7,0,302,19,1864,0.00589999974,73,0,0.567764559388745,0.766894851906841,19.0005543849324,224.006535906572,19
"176",2020-08-23,2907,234,266,13,16.4,17,0,1,15,0,0,7,7,0,302,15,694,0.01728999972,5,0,1.716632304103,0.941709088066055,16.0013232992835,234.020643468823,17
"177",2020-08-24,2926,250,266,19,18,19,2,0,17,1,1,8,7,0,303,19,1142,0.00963,58,0,0.916455,0.980097419648377,19.0008948583261,250.011774451659,19
"178",2020-08-25,2940,252,266,23,19.1,14,0,1,13,4,2,11,9,0,307,13,1647,0.01457000017,73,0,1.39516222558081,1.07030278151463,14.0009320894637,252.018068195758,14
"179",2020-08-26,2958,260,266,15,18,18,1,4,13,0,2,11,9,0,307,14,1832,0.00490999997,41,0,0.480251999201281,0.963113123238332,18.0003455307911,260.006417000406,18
"180",2020-08-27,2971,263,266,16,16.9,13,1,3,9,1,2,9,7,0,308,10,1469,0.00612999976,9,0,0.609267229190798,0.916436011690485,13.0003131103017,263.008234800934,13
"181",2020-08-28,2999,273,266,20,17.4,28,0,3,21,1,1,9,8,0,309,21,2137,0.0060799998,35,0,0.59820255859116,0.897676553722258,24.0006455904514,273.008392675868,28
"182",2020-08-29,3020,287,266,12,16.9,21,0,2,18,0,1,9,8,0,309,18,1790,0.00726000011,11,0.09090999603,0.777091069029983,0.927580340813863,20.0007188428547,287.01146154996,21
"183",2020-08-30,3040,301,267,16,17.3,20,0,6,12,2,1,10,9,1,311,12,1402,0.00428000003,33,0,0.418157494220209,0.742083939402035,18.0002578758473,301.006468385838,20
"184",2020-08-31,3060,309,267,13,16.4,20,1,3,16,1,1,11,10,0,312,17,1353,0.0051700002,54,0,0.497157801748401,0.682184339651807,20.0004343428911,309.007894820785,20
"185",2020-09-01,3085,313,267,18,15.7,25,1,2,22,0,1,11,10,0,312,23,1361,0.01542999983,22,0.09090999603,1.66306939127187,0.720456791893387,25.0019657475535,313.026751260185,25
"186",2020-09-02,3121,323,267,15,15.7,36,1,9,26,0,1,9,8,0,312,27,1528,0.00261999995,51,0,0.253537677238759,0.688069031613026,36.0003517999787,323.004208570115,36
"187",2020-09-03,3143,324,267,24,16.9,22,1,4,17,1,1,8,7,0,313,18,1493,0.00938000023,133,0.00751999974,0.922785996851783,0.732857426993167,22.0008536169654,324.015365105378,22
"188",2020-09-04,3165,328,267,24,17.4,22,0,3,19,3,1,11,10,0,316,19,2705,0.00813000023,258,0.00774999976,0.809691210267634,0.763070091518377,22.0007906104731,328.01364843343,22
"189",2020-09-05,3190,335,267,17,18.1,25,1,11,13,2,1,13,12,0,318,14,2256,0.00398999989,164,0,0.371960320323967,0.705194270274661,25.0002676173008,335.006403699698,25
"190",2020-09-06,3211,337,267,26,19.6,21,1,3,16,1,1,14,13,0,319,17,1310,0.00611000001,192,0.03125,0.932363516185087,0.7786522734125,20.0008145612193,337.016147478288,21
"191",2020-09-07,3252,362,267,29,21.9,41,2,6,33,0,1,12,11,0,319,35,1290,0.0147300005,44,0,1.42441534070465,0.911117636120536,41.0025620890716,362.026499321254,41
"192",2020-09-08,3304,399,267,24,22.7,52,0,14,36,3,1,14,13,0,322,36,1097,0.01276000023,4,0,1.27136423726703,0.855159756976987,50.0023521338336,399.026069483322,52
"193",2020-09-09,3349,430,267,15,22.7,45,2,10,31,0,1,13,12,0,322,33,1587,0.01449000001,29,0,1.42299690692265,1.02222536121754,43.002413278442,430.031445749395,45
"194",2020-09-10,3426,492,267,33,24,77,1,21,52,2,2,14,12,0,324,53,1959,0.01276000023,61,0,1.23746734903812,1.0671798401013,74.0033705374405,492.031288762655,77
"195",2020-09-11,3456,506,267,60,29.1,30,0,1,25,0,1,12,11,0,324,25,2314,0.01555999994,93,0.0752699995,1.78670335748484,1.20675300398948,26.0022955248553,506.046461423071,30
"196",2020-09-12,3505,531,269,47,33.4,49,0,4,42,1,0,12,12,2,325,42,1900,0.01684000015,26,0,1.66126688914849,1.39093965667869,46.0035857353849,531.045333940223,49
"197",2020-09-13,3540,544,270,31,34.1,35,1,5,29,1,1,11,10,1,326,30,1199,0.01667999983,44,0,1.60895573581416,1.48759568805428,35.0024805894278,544.044981354957,35
"198",2020-09-14,3608,594,272,59,38.4,68,0,19,49,1,1,11,10,2,327,49,2394,0.01419999957,218,0.04127999783,1.64601219362634,1.5192523813288,68.0041449439819,594.050246871943,68
"199",2020-09-15,3681,643,273,41,40.9,73,0,15,55,1,1,11,10,1,328,55,2961,0.01215999961,28,0,1.20460886066276,1.50971589895677,70.0034048523229,643.039805818976,73
"200",2020-09-16,3758,683,274,41,44.6,77,0,7,67,1,0,11,11,1,329,67,1887,0.01907999992,162,0.00616999984,1.80592971318302,1.56442058556539,74.0062182071187,683.063388588986,77
"201",2020-09-17,3808,708,278,57,48,50,2,4,38,2,2,11,9,4,331,40,2512,0.01911000013,208,0.00481000006,1.80164707128824,1.64501768874398,44.0037035588389,708.065552991448,50
"202",2020-09-18,3896,776,278,47,46.1,88,1,6,78,0,2,11,9,0,331,79,2409,0.01286999941,281,0.0213499999,1.37558284574684,1.58628618706712,85.0055847454111,776.054857752393,88
"203",2020-09-19,3966,826,280,47,46.1,70,2,4,60,0,2,10,8,2,331,62,2101,0.0214199996,161,0,1.98954107690539,1.63318249960382,66.0063391953758,826.084454441619,70
"204",2020-09-20,4009,858,280,76,52.6,43,1,4,34,2,2,11,9,0,333,35,2847,0.01861999989,112,0,1.79152212527307,1.65926341238366,39.003222402292,858.078994890472,43
"205",2020-09-21,4118,938,280,55,52,109,2,22,82,1,3,12,9,0,334,84,2949,0.01899000049,73,0,1.85312744688981,1.68885130570702,106.007999707576,938.089330067927,109
"206",2020-09-22,4227,1017,280,85,58.3,109,0,27,81,3,3,15,12,0,337,81,2507,0.01355999947,64,0.03125,1.40003573206107,1.71676943019249,108.00582792127,1017.07317278928,109
"207",2020-09-23,4333,1076,281,67,62,106,0,26,75,2,3,16,13,1,339,75,1896,0.01687999964,7,0.5714300156,1.89198578174672,1.72906315427302,101.007292369552,1076.10462119518,106
"208",2020-09-24,4434,1130,282,38,59.3,101,2,18,75,2,3,18,15,1,341,77,2730,0.01281999946,55,0,1.25668217327828,1.65121102598588,95.0049728540934,1130.07297824838,101
"209",2020-09-25,4553,1193,284,57,60.7,119,5,16,86,3,3,20,17,2,344,91,3291,0.01337000012,59,0.03390000105,1.37315732707075,1.65086452331787,107.006421717971,1193.08418801691,119
"210",2020-09-26,4638,1240,286,76,64.9,85,3,14,66,3,4,21,17,2,347,69,3437,0.02996999979,12,0,2.98657260882082,1.79329759930579,83.010590383955,1240.19031994354,85
"211",2020-09-27,4720,1270,287,109,69.6,82,2,12,64,2,4,22,18,1,349,66,2684,0.03315999985,13,0,3.30001629949574,2.00879676705188,78.011193078713,1270.21538196917,82
"212",2020-09-28,4835,1340,288,86,74,115,3,11,97,6,4,27,23,1,355,100,3135,0.02584000111,192,0.01042000055,2.49501183004058,2.10049453607342,111.012822188185,1340.17181732168,115
"213",2020-09-29,4942,1371,291,58,70.1,107,5,18,74,4,3,27,24,3,359,79,2165,0.02632999897,79,0.02532000065,2.62944419881462,2.27612431703821,97.0106753122638,1371.18526396346,107
"214",2020-09-30,5025,1400,291,107,75.9,83,1,10,67,5,5,30,25,0,364,68,3170,0.03059999943,281,0.01422999978,2.92670611797392,2.42394150792781,78.0102276902198,1400.21057009276,83
"215",2020-10-01,5126,1436,293,105,85.4,101,2,11,78,3,5,29,24,2,367,80,3844,0.02263000011,120,0.00833000004,2.21971040432997,2.56151696950663,91.0091259028683,1436.16380995649,101
"216",2020-10-02,5222,1486,294,115,93.7,96,0,13,79,1,5,29,24,1,368,79,3362,0.02171000004,197,0,2.05082945025232,2.65832727281828,92.0083261872571,1486.15661663625,96
"217",2020-10-03,5295,1498,295,65,92.1,73,2,6,64,5,6,31,25,1,373,66,3113,0.03019999981,485,0.01031000018,2.75188853518149,2.62480097658409,72.0093339251047,1498.21185181525,73
"218",2020-10-04,5352,1479,295,77,87.6,57,1,7,47,3,6,32,26,0,376,48,3118,0.0291899991,102,0,2.82653469545963,2.55716074743607,55.0069724449733,1479.21483846074,57
"219",2020-10-05,5430,1480,295,82,87,78,3,13,59,3,6,33,27,0,379,62,3821,0.01779999971,238,0.00839999974,1.72488294727839,2.4471423356129,75.0054959257339,1480.13119306591,78
"220",2020-10-06,5506,1453,296,139,98.6,76,5,15,53,2,7,34,27,1,381,58,2158,0.0194599998,55,0,1.89763576901943,2.34259827421359,73.0056562733424,1453.14169939942,76
"221",2020-10-07,5607,1467,296,174,108.1,101,12,22,63,3,10,36,26,0,384,75,2268,0.03131000042,76,0,3.02948297579181,2.35728068247329,97.011676678348,1467.22839582849,101
"222",2020-10-08,5687,1426,296,85,105.3,80,5,14,55,2,9,36,27,0,386,60,2434,0.02711999893,182,0,2.52332100136162,2.40065362490638,74.0077806036045,1426.18491901233,80
"223",2020-10-09,5771,1428,296,97,102.7,84,5,19,58,2,9,37,28,0,388,63,2508,0.02072999954,247,0.00810000002,1.95976547554483,2.38764448566246,82.0063450374449,1428.14382084875,84
"224",2020-10-10,5836,1413,297,67,103,65,5,7,51,6,9,43,34,1,394,56,2628,0.03006000042,21,0,2.98216991709173,2.42054182593535,63.0085824236634,1413.21655293994,65
"225",2020-10-11,5900,1378,297,140,112,64,6,6,48,5,10,46,36,0,399,54,2660,0.0233100009,238,0.01680999994,2.27761843960386,2.34212521795595,60.006320686749,1378.16129456185,64
"226",2020-10-12,5962,1350,297,63,109.3,62,2,14,43,3,10,46,36,0,402,45,1994,0.01504999995,237,0.01266000032,1.47961093573017,2.30708635916335,59.0034217603033,1350.1026528091,62
"227",2020-10-13,6047,1372,298,74,100,85,4,10,68,1,7,45,38,1,403,72,2117,0.03023000002,18,0,2.99751335092927,2.46421172800761,82.0110913180702,1372.21135122767,85
"228",2020-10-14,6114,1377,300,84,87.1,67,1,16,49,2,7,45,38,2,405,50,3004,0.02963000059,110,0.03635999918,2.98677333597174,2.45811035089046,66.0076747070531,1377.21136143224,67
"229",2020-10-15,6200,1404,300,107,90.3,86,3,25,52,5,8,49,41,0,410,55,2119,0.02171000004,105,0.00952000022,2.11344829621673,2.39955710729833,80.0059737061347,1404.15249242569,86
"230",2020-10-16,6275,1425,301,78,87.6,75,2,10,59,4,8,47,39,1,414,61,3126,0.02142999887,280,0.00356999993,1.99617664263124,2.40475870259639,71.0062577519172,1425.14618518823,75
"231",2020-10-17,6322,1407,302,64,87.1,47,1,10,36,6,8,49,41,1,420,37,3037,0.02140000105,149,0,2.03991849305869,2.27015135630596,47.003878859747,1407.14750150443,47
"232",2020-10-18,6379,1374,305,74,77.7,57,1,11,40,2,6,47,41,3,422,41,1144,0.02710000038,37,0.0540500021,2.79443272755461,2.34398196887035,52.0058879898553,1374.19731946491,57
"233",2020-10-19,6443,1352,307,69,78.6,64,1,6,57,3,6,46,40,2,425,58,1334,0.03747999907,27,0,3.67364575748567,2.65741551483542,64.0109500173357,1352.25524867996,64
"234",2020-10-20,6521,1356,309,46,74.6,78,3,14,57,4,5,45,40,2,429,60,1595,0.02507999897,48,0.02082999945,2.49558358677724,2.5857112628137,74.00769507591,1356.17390871556,78
"235",2020-10-21,6609,1378,312,69,72.4,88,1,46,40,4,4,44,40,3,433,41,2258,0.03055999994,446,0.00897000015,2.69989274894305,2.5447283218096,87.0056887900572,1378.19119884631,88
"236",2020-10-22,6675,1365,312,88,69.7,66,2,24,36,1,3,43,40,0,434,38,2238,0.02680999994,87,0.01149000049,2.62367354444516,2.6176176429851,62.0051236909968,1365.18404837396,66
"237",2020-10-23,6754,1367,313,92,71.7,79,1,13,64,2,3,36,33,1,436,65,2768,0.02457000017,65,0.01537999988,2.4359145945203,2.68043735039782,78.008137011906,1367.17112761962,79
"238",2020-10-24,6819,1360,317,63,71.6,65,2,17,41,2,3,36,33,4,438,43,2358,0.02119999886,191,0,1.96114544181561,2.66918405736309,60.0043337893281,1360.13706868573,65
"239",2020-10-25,6889,1341,319,69,70.9,70,1,24,42,3,3,38,35,2,441,43,1751,0.03084000111,77,0,2.95409419822812,2.69199283888788,67.0065280328718,1341.20358353677,70
"240",2020-10-26,6962,1300,320,77,72,73,1,16,51,4,3,39,36,1,445,52,995,0.03920000076,121,0.01652999997,3.6742052645672,2.69207276847095,68.0098187521188,1300.24546880297,73
"241",2020-10-27,7040,1270,322,61,74.1,78,0,15,60,1,3,31,28,2,446,60,1354,0.02880000114,116,0,2.65273479888163,2.71452294162872,75.008179648141,1270.17313588565,78
"242",2020-10-28,7152,1276,325,94,77.7,112,2,69,38,2,2,29,27,3,448,40,1900,0.04052999973,166,0.01807000041,3.87253724855082,2.88204358442984,109.007960587722,1276.25394274835,112
"243",2020-10-29,7216,1261,326,65,74.4,64,0,18,42,9,2,37,35,1,457,42,2190,0.02921999931,96,0,2.79929127248031,2.907131831292,60.0060420862138,1261.18140644561,64
"244",2020-10-30,7266,1230,328,122,78.7,50,1,9,36,4,2,40,38,2,461,37,2789,0.03585999966,105,0.05714000225,3.66320799198307,3.08245945950097,46.0069655087071,1230.23155610026,50
"245",2020-10-31,7305,1160,329,83,81.6,39,0,5,32,2,2,39,37,1,463,32,2352,0.02763999939,322,0,2.43116225001047,3.14960471781452,37.0039980982217,1160.14493106054,39
"246",2020-11-01,7355,1120,332,50,78.9,50,1,6,40,1,2,37,35,3,464,41,1714,0.02566999912,104,0,2.42015283232563,3.07332737982845,47.0050993660303,1120.13929975497,50
"247",2020-11-02,7419,1072,332,56,75.9,64,3,8,47,6,2,42,40,0,470,50,1030,0.01748000026,14,0.07143000126,1.82034677063602,2.80849045212399,58.0046774986342,1072.10028557072,64
"248",2020-11-03,7490,1000,333,36,72.3,71,1,36,33,1,2,43,41,1,471,34,1456,0.02197999954,13,0,2.17854862697345,2.74074957042283,70.0038065865836,1000.11195842893,71
"249",2020-11-04,7555,924,337,53,66.4,65,5,1,51,1,1,40,39,4,472,56,1466,0.02729000092,295,0.00338999987,2.32863096594946,2.5201915300512,57.0067015958383,924.110576331332,65
"250",2020-11-05,7602,881,337,45,63.6,47,0,6,34,5,2,43,41,0,477,34,2536,0.02404999971,41,0,2.36673648678929,2.4583979892382,40.0041354079711,881.10715571831,47
"251",2020-11-06,7676,875,341,79,57.4,74,1,12,58,4,3,46,43,4,481,59,2342,0.0234800005,116,0.02585999966,2.35923194188609,2.2721156963672,71.007153394699,875.106088480706,74
"252",2020-11-07,7711,841,346,75,56.3,35,3,4,25,3,4,46,42,5,484,28,2499,0.02760999918,142,0,2.61254782093222,2.29802792078459,32.0037593418322,841.112914517175,35
"253",2020-11-08,7748,779,346,47,55.9,37,1,5,29,1,4,47,43,0,485,30,1176,0.02040999889,92,0.01087000012,1.97178223230915,2.2339749779251,35.0030399731021,779.078937968217,37
"254",2020-11-09,7818,747,350,31,52.3,70,3,24,41,7,4,46,42,4,492,44,711,0.02109999895,20,0.1,2.32586857092339,2.30619237796615,68.005259293213,747.089288455231,70
"255",2020-11-10,7885,756,350,51,54.4,67,0,11,54,3,5,47,42,0,495,54,1374,0.0334800005,17,0,3.30708272372394,2.46741153464479,65.0091775837367,756.128486172314,67
"256",2020-11-11,7941,755,353,78,58,56,0,6,48,2,5,46,41,3,497,48,2375,0.02611000061,241,0.02904999971,2.63808491509404,2.51161924166545,54.0065075804429,755.102358817383,56
"257",2020-11-12,7983,745,355,58,59.9,42,1,8,31,3,3,43,40,2,500,32,2318,0.02157000065,214,0.00467000008,2.01416435718088,2.46125179457853,40.0033123362847,745.077115329128,42
"258",2020-11-13,8021,721,357,81,60.1,38,1,7,26,0,3,36,33,2,500,27,2719,0.02170000076,200,0,2.02131901563686,2.41297851940007,34.0028047112931,721.074896179344,38
"259",2020-11-14,8042,698,357,50,56.6,21,3,2,14,3,3,37,34,0,503,17,1710,0.01578999996,245,0.01633000016,1.5857672619335,2.26629558240025,19.0013854086866,698.056883250779,21
"260",2020-11-15,8072,654,360,29,54,30,1,1,25,0,2,35,33,3,503,26,984,0.01524000049,306,0.00653999984,1.31762794055814,2.17284496929297,27.001760579663,654.044285349985,30
"261",2020-11-16,8116,615,363,11,51.1,44,0,3,39,3,2,33,31,3,506,39,735,0.01223999977,53,0,1.14167510545051,2.00367447422541,42.002288214196,615.036083377706,44
"262",2020-11-17,8157,593,363,39,49.4,41,1,10,29,1,2,32,30,0,507,30,1828,0.02078999996,38,0,2.03666237550268,1.82218585305094,40.0031400013339,593.062067359699,41
"263",2020-11-18,8198,585,363,66,47.7,41,3,6,30,1,2,32,30,0,508,33,2684,0.02049000025,20,0.05,2.07082694789201,1.74114900059351,39.0035119415974,585.0622571465,41
"264",2020-11-19,8218,569,364,53,47,20,2,1,17,0,2,30,28,1,508,19,2476,0.01212000012,187,0.01603999972,1.23952685860909,1.63048650079754,20.0012103168512,569.036245804649,20
"265",2020-11-20,8243,526,364,28,39.4,25,1,2,20,1,2,30,28,0,509,21,2643,0.00757000029,222,0.02252000093,0.872842965896335,1.46641849369175,23.0009419870849,526.02359453365,25
"266",2020-11-21,8272,496,365,27,36.1,29,4,4,19,2,2,31,29,1,511,23,1495,0.01873000026,71,0,1.78808112316092,1.4953204738671,27.0021135113855,496.045578332487,29
"267",2020-11-22,8299,482,368,26,35.7,27,3,4,19,3,4,31,27,3,514,22,1220,0.01475000024,36,0,1.43272295324841,1.51176261853714,26.0016198486446,482.035489411213,27
"268",2020-11-23,8339,465,370,20,37,40,2,10,25,1,3,27,24,2,515,27,922,0.01735000014,13,0,1.71087701915294,1.59307717763748,37.0023739528791,465.040884744028,40
"269",2020-11-24,8383,475,370,21,34.4,44,2,7,34,1,3,23,20,0,516,36,1403,0.00855000019,41,0.09755999565,1.10772923048615,1.46037244263512,43.0020493949138,475.027040627335,44
"270",2020-11-25,8438,483,371,38,30.4,55,4,10,39,2,2,23,21,1,518,43,2618,0.01222000003,72,0.01389000058,1.22646989294796,1.33975000621454,53.0027102845204,483.030443428451,55
"271",2020-11-26,8483,498,372,60,31.4,45,3,4,37,3,2,23,21,1,521,40,3059,0.01437999964,224,0.0044600001,1.37031553217058,1.35843410243761,44.0028168914335,498.035070298347,45
"272",2020-11-27,8529,509,374,56,35.4,46,2,3,40,3,1,24,23,2,524,42,3154,0.01776000023,336,0.00298000008,1.63370546568195,1.46712874526413,45.003526245864,509.042734741542,46
"273",2020-11-28,8574,512,375,60,40.1,45,2,3,40,2,1,25,24,1,526,42,2597,0.01194000006,191,0,1.11220158378121,1.37057452535274,45.0024006140134,512.029264627973,45
"274",2020-11-29,8619,526,377,23,39.7,45,0,4,38,5,1,28,27,2,531,38,898,0.02450000048,12,0,2.41769235505934,1.51128443989716,42.0047214366966,526.065354623748,45
"275",2020-11-30,8663,533,378,45,43.3,44,1,7,35,1,1,25,24,1,532,36,1135,0.02290999889,61,0,2.17415123245401,1.57746647036874,43.0040223678811,533.059553391129,44
"276",2020-12-01,8716,553,378,34,45.1,53,2,11,39,3,1,27,26,0,535,41,1906,0.01417000055,113,0.01769999981,1.43675686116048,1.62447041760793,52.003027308455,553.040831745746,53
"277",2020-12-02,8758,567,379,50,46.9,42,1,5,34,6,1,31,30,1,541,35,2859,0.01014000058,81,0.01235000014,1.02008883229796,1.59498740894365,40.0018348289116,567.029724228368,42
"278",2020-12-03,8796,566,380,40,44,38,0,6,31,3,1,33,32,1,544,31,3327,0.01021999955,202,0,0.963500665991783,1.53687099948953,37.0015349818703,566.028025798019,38
"279",2020-12-04,8838,569,382,54,43.7,42,1,5,32,2,1,31,30,2,546,33,2994,0.01101999998,165,0.01212000012,1.10774548781007,1.46173385979355,38.0018786395753,569.032392300557,42
"280",2020-12-05,8873,558,382,45,41.6,35,3,2,29,1,1,31,30,0,547,32,2277,0.01845000029,209,0,1.68988940709292,1.54426069169522,34.0027790592065,558.048459844913,35
"281",2020-12-06,8912,551,383,33,43,39,0,7,30,1,2,31,29,1,548,30,1397,0.01575000048,20,0,1.55276998380804,1.42070035294504,37.0023939656759,551.04396916958,39
"282",2020-12-07,8965,553,384,24,40,53,0,4,44,2,1,30,29,1,550,44,1068,0.01684999943,25,0.04,1.73795053899726,1.3583859681655,48.0039298830504,553.049391484702,53
"283",2020-12-08,9012,558,384,58,43.4,47,1,1,44,0,1,27,26,0,550,45,2367,0.01942999959,69,0,1.88796424587562,1.42284416598195,46.0043661214949,558.054139906536,47
"284",2020-12-09,9067,569,386,39,41.9,55,2,3,48,1,3,24,21,2,551,50,2911,0.00962000012,167,0.00598999977,0.94230507832716,1.41173220112898,53.0024213137782,569.027554550796,55
"285",2020-12-10,9111,567,386,57,44.3,44,2,0,42,1,3,23,20,0,552,44,3091,0.01391000032,252,0.00397000015,1.31607092512474,1.46209938100511,44.0029759217571,567.038348809916,44
"286",2020-12-11,9150,551,386,49,43.6,39,6,2,30,1,2,23,21,0,553,36,3047,0.01180999994,32,0,1.16872587908996,1.47081086547367,38.002162243991,551.033094345529,39
"287",2020-12-12,9179,536,387,56,45.1,29,2,5,22,0,2,20,18,1,553,24,2616,0.01567000031,24,0,1.55275457617273,1.45122017534222,29.0019151535371,536.042771762328,29
"288",2020-12-13,9219,534,388,28,44.4,40,5,2,33,0,2,19,17,1,553,38,1502,0.01197999954,47,0,1.16165005223241,1.39534589940284,40.0022685504935,534.031879104304,40
"289",2020-12-14,9261,531,388,19,43.7,42,3,4,35,2,2,20,18,0,555,38,917,0.01745000005,20,0,1.70775347340982,1.39103203289035,42.0033350189908,531.046602502214,42
"290",2020-12-15,9309,541,389,51,42.7,48,2,7,38,1,1,20,19,1,556,40,2079,0.01347000003,49,0,1.3159835555625,1.30932050570276,47.0027052038142,541.036587881587,48
"291",2020-12-16,9363,557,389,54,44.9,54,3,4,46,0,1,18,17,0,556,49,2312,0.01687000036,94,0,1.62109064140981,1.40628987185742,53.0040821871941,557.046403638104,54
"292",2020-12-17,9400,552,390,60,45.3,37,1,5,29,1,0,17,17,1,557,30,3207,0.01340999961,83,0.02410000086,1.36796865716261,1.41370383357712,35.0021090503069,552.038806525647,37
"293",2020-12-18,9441,541,390,23,41.6,41,3,4,34,0,0,16,16,0,557,37,3298,0.00727999985,170,0.00588,0.721137240637255,1.34976259951245,41.0013712264604,541.020049554462,41
"294",2020-12-19,9480,538,390,46,40.1,39,1,7,28,3,0,19,19,0,560,29,2799,0.0117900002,140,0,1.12283805919701,1.2883459542302,36.001673418863,538.031044805114,39
"295",2020-12-20,9524,533,390,24,39.6,44,5,2,34,0,0,16,16,0,560,39,1360,0.01618000031,51,0,1.55951810216868,1.34518424707824,41.003125680365,533.042717631655,44
"296",2020-12-21,9598,553,390,28,40.9,74,7,8,59,1,0,15,15,0,561,66,1365,0.00658999979,32,0.03125,0.715486736818182,1.20343185613658,74.0024268060023,553.020333692716,74
"297",2020-12-22,9681,596,390,66,43,83,5,7,69,2,0,15,15,0,563,74,3021,0.02250999928,48,0,2.21579367301662,1.33197615863002,81.0084265649978,596.067868009982,83
"298",2020-12-23,9781,663,390,53,42.9,100,5,6,88,1,1,13,12,0,564,93,2652,0.01998000026,199,0.01508000016,1.9637979909281,1.38093435141835,99.0093857568116,663.066911363077,100
"299",2020-12-24,9855,692,390,56,42.3,74,11,5,56,2,1,13,12,0,566,67,3469,0.01557000041,144,0,1.49494413014918,1.39907370470214,72.0051474164051,692.053164360483,74
"300",2020-12-25,9918,721,390,52,46.4,63,6,2,54,0,1,10,9,0,566,60,2537,0.0295600009,161,0,2.77960423585248,1.69314041830432,62.008570847199,721.102993013841,63
"301",2020-12-26,10011,763,390,86,52.1,93,5,4,83,2,2,12,10,0,568,88,951,0.01998000026,50,0,1.8981998249011,1.80390638483348,92.0085844828731,763.074431368548,93
"302",2020-12-27,10122,828,391,35,53.7,111,8,6,95,2,4,12,8,1,570,103,1480,0.02703000069,32,0.0625,2.77806885060847,1.97798506318202,109.014705160432,828.118212357648,111
"303",2020-12-28,10256,924,391,65,59,134,15,7,110,1,2,13,11,0,571,125,1188,0.04125,39,0.02563999891,4.07538385961614,2.45797036643887,132.026179905314,924.193521860078,134
"304",2020-12-29,10376,1000,391,112,65.6,120,5,15,100,3,4,12,8,0,574,105,1880,0.05052999973,25,0.04,5.03918107571654,2.86131142396743,120.027191852814,1000.2589700268,120
"305",2020-12-30,10513,1091,391,88,70.6,137,12,10,115,3,5,13,8,0,577,127,2458,0.05736000061,62,0,5.5948762499754,3.38003688954561,137.03651604582,1091.31369296055,137
"306",2020-12-31,10639,1179,391,147,83.6,126,0,9,117,2,5,13,8,0,579,117,2652,0.03318000078,144,0,3.14711595381116,3.61606143578304,126.018922919579,1179.19068480499,126
"307",2021-01-01,10756,1235,392,88,88.7,117,0,5,111,2,6,13,7,1,581,111,2759,0.03914000034,134,0.01493000031,3.80186246040788,3.76209832500524,116.021687471306,1235.2412975411,117
"308",2021-01-02,10868,1293,392,133,95.4,112,4,8,100,2,6,15,9,0,583,104,2369,0.02954999924,431,0,2.50014100712714,3.8480899224661,112.013362489596,1293.16613172161,112
"309",2021-01-03,10991,1320,393,107,105.7,123,0,5,118,3,5,18,13,1,586,118,1516,0.06002999783,126,0.02381000042,5.72506314026797,4.26908910670317,123.034717770298,1320.38836827791,123
"310",2021-01-04,11167,1432,393,115,112.9,176,5,30,141,5,8,21,13,0,591,146,1386,0.05339000225,155,0.00644999981,4.86685873387735,4.38215694588335,176.036516667213,1432.35816347568,176
"311",2021-01-05,11310,1508,395,105,111.9,143,2,19,122,6,8,23,15,2,597,124,2417,0.05750999928,97,0.01031000018,5.5688837819101,4.45782876105386,143.035487824532,1508.43157773706,143
"312",2021-01-06,11494,1604,395,132,118.1,184,11,42,130,7,7,28,21,0,604,141,2627,0.05138999939,211,0.01422000051,4.86264793887033,4.35322471661028,183.035235584272,1604.40083600832,184
"313",2021-01-07,11610,1638,395,188,124,116,2,7,106,6,9,32,23,0,610,108,2311,0.04889999866,91,0.01098999977,4.74637747220358,4.58169064780919,115.026343626898,1638.39954500795,116
"314",2021-01-08,11743,1670,395,186,138,133,6,13,113,0,11,30,19,0,610,119,2661,0.03683000088,249,0,3.36785678150103,4.51968983653679,132.020596342897,1670.28904111461,133
"315",2021-01-09,11843,1681,397,153,140.9,100,6,2,92,4,11,30,19,2,614,98,3020,0.03244999886,375,0.0026699999,2.91606028040353,4.57910687557627,100.014686290365,1681.25191483779,100
"316",2021-01-10,11936,1665,397,120,142.7,93,5,3,83,5,11,34,23,0,619,88,1824,0.05098999977,78,0,4.88989272242271,4.45979681588409,91.0221142156776,1665.41841101254,93
"317",2021-01-11,12100,1716,397,66,135.7,164,2,25,135,3,13,34,21,0,622,137,1608,0.03420000076,115,0,3.19173541625537,4.22049348479524,162.022471754787,1716.28147103077,164
"318",2021-01-12,12240,1743,398,160,143.6,140,1,22,115,4,13,35,22,1,626,116,2211,0.07056000233,74,0.01350999951,6.87124311227002,4.4065448177038,138.040962159209,1743.61549175431,140
"319",2021-01-13,12329,1731,402,172,149.3,89,1,9,76,2,11,34,23,4,628,77,2532,0.03752000093,173,0.01156000018,3.58597125271349,4.22416243396711,86.0141901526113,1731.31900200221,89
"320",2021-01-14,12421,1719,402,130,141,92,2,14,75,9,10,41,31,0,637,77,2581,0.03371000051,146,0,3.1905211337114,4.00189724275394,91.0126253052818,1719.28185584129,92
"321",2021-01-15,12517,1689,404,144,135,96,6,7,81,5,11,41,30,2,642,87,2923,0.03729000092,206,0.00485000014,3.51542897788431,4.02297898509441,94.015717632071,1689.3051388571,96
"322",2021-01-16,12578,1640,405,119,130.1,61,0,1,58,2,9,39,30,1,644,58,2470,0.03239000082,289,0,2.89972098678507,4.02064480029177,59.0086431836845,1640.2443934697,61
"323",2021-01-17,12658,1579,407,74,123.6,80,2,3,72,2,9,39,30,2,646,74,2036,0.02602999926,32,0,2.56272139716441,3.6881917538263,77.0097459157355,1579.20795676955,80
"324",2021-01-18,12779,1600,408,64,123.3,121,2,45,72,7,10,43,33,1,653,74,1021,0.03917999983,48,0,3.74207482005893,3.76681166865538,119.014230944461,1600.30769609646,121
"325",2021-01-19,12853,1541,415,81,112,74,3,24,47,8,9,45,36,7,661,50,2337,0.04107999802,89,0,3.95729412088788,3.35053324131507,74.0101685229124,1541.31339387616,74
"326",2021-01-20,12914,1499,415,166,111.1,61,1,8,50,2,7,37,30,0,663,51,3065,0.02250999928,163,0.00612999976,2.16828803451301,3.14800706728643,59.005682987315,1499.16703525461,61
"327",2021-01-21,12985,1468,417,81,104.1,71,1,9,60,3,7,37,30,2,666,61,2636,0.02427999973,117,0,2.32481217901489,3.02433435947264,70.0072879812135,1468.17538944953,71
"328",2021-01-22,13064,1436,418,95,97.1,79,1,3,74,5,6,37,31,1,671,75,2311,0.03072000027,111,0.00901000023,2.97250332987201,2.94677355261374,78.0114570590258,1436.21936449015,79
"329",2021-01-23,13112,1370,418,84,92.1,48,1,4,40,4,9,39,30,0,675,41,2122,0.03299000025,276,0,2.9192986042744,2.94957035511222,45.006151087624,1370.20553634256,48
"330",2021-01-24,13158,1286,419,44,87.9,46,2,9,35,2,8,37,29,1,677,37,1247,0.02244999886,36,0,2.18200690400779,2.89518257037556,46.0041490377074,1286.14420709437,46
"331",2021-01-25,13221,1227,419,29,82.9,63,1,18,43,4,7,38,31,0,681,44,825,0.02061000109,48,0,1.94768051537801,2.63884052684971,62.0044041280078,1227.12281511513,63
"332",2021-01-26,13283,1164,420,74,81.9,62,1,19,40,8,5,40,35,1,689,41,2354,0.02421000004,79,0,2.34238964628689,2.408139887621,60.0049355156553,1164.14012049324,62
"333",2021-01-27,13361,1123,422,80,69.6,78,0,27,50,1,4,30,26,2,690,50,2800,0.01963999987,175,0.0057099998,1.88205881011765,2.36724999842166,77.0048360717067,1123.10861817053,78
"334",2021-01-28,13399,1062,422,66,67.4,38,1,3,33,3,5,30,25,0,693,34,2355,0.02122999907,209,0.02871000051,2.18397183761466,2.3471299496502,37.0038160625808,1062.11919583708,38
"335",2021-01-29,13428,959,422,73,64.3,29,1,2,26,3,4,31,27,0,696,27,2847,0.01228999972,180,0.00555999994,1.18898015170268,2.09234092419744,29.0016497871108,959.058597994045,29
"336",2021-01-30,13447,862,423,42,58.3,19,1,6,12,2,5,33,28,1,698,13,2155,0.01577999949,216,0,1.43424288911641,1.8801901077463,19.0009581987391,862.06353594716,19
"337",2021-01-31,13490,804,424,25,55.6,43,3,5,35,4,6,32,26,1,702,38,922,0.01952000022,24,0,1.90247782271036,1.84025738184666,43.0037152901559,804.078607718035,43
"338",2021-02-01,13530,713,424,27,55.3,40,6,7,25,4,5,29,24,0,706,31,548,0.02920000076,29,0,2.77324097339341,1.95819459013458,38.0044181335481,713.101617071607,40
"339",2021-02-02,13572,650,425,59,53.1,42,4,5,31,3,5,27,22,1,709,35,2439,0.02213999987,107,0.02803999901,2.23879574143755,1.94339546087039,40.0040269112096,650.074785493892,42
"340",2021-02-03,13635,635,425,54,49.4,63,4,22,36,2,4,26,22,0,711,40,2865,0.01291000009,212,0,1.20205233207182,1.84625167829241,62.0024710009026,635.039227139328,63
"341",2021-02-04,13717,637,425,51,47.3,82,3,43,33,2,5,25,20,0,713,36,2814,0.01279000044,90,0,1.2393616128843,1.71130736047379,79.0022929262097,637.040572055433,82
"342",2021-02-05,13774,635,427,72,47.1,57,1,8,47,2,5,21,16,2,715,48,2435,0.01601999998,149,0,1.50962461111842,1.7571137118189,56.0037239148517,635.049264290226,57
"343",2021-02-06,13799,604,427,61,49.9,25,1,4,19,3,6,21,15,0,718,20,2369,0.01434999943,205,0.01463000059,1.43722994446853,1.75754043401206,24.001477222079,604.044612106784,25
"344",2021-02-07,13824,559,429,33,51,25,1,2,19,3,4,23,19,2,721,20,1004,0.0249000001,75,0,2.31692308622799,1.81674690022886,22.0023813934238,559.066559946194,25
"345",2021-02-08,13871,556,431,23,50.4,47,1,7,38,2,5,21,16,2,723,39,852,0.01407999992,29,0,1.36165265968672,1.61509142684219,46.0027291064954,556.038907261832,47
"346",2021-02-09,13926,575,431,43,48.1,55,5,8,39,0,2,18,16,0,723,44,2244,0.01782999992,149,0,1.67198160553615,1.53411797885628,52.0037807129862,575.049407044706,55
"347",2021-02-10,13983,592,432,41,46.3,57,0,6,50,3,4,19,15,1,726,50,2791,0.01253999949,100,0,1.21062395629851,1.53534249660295,56.0031107764705,592.03683159341,57
"348",2021-02-11,14043,618,433,51,46.3,60,1,11,46,1,3,16,13,1,727,47,2563,0.01521999955,58,0,1.48831968129149,1.57090793494683,58.0035948735623,618.04726876301,60
"349",2021-02-12,14094,621,435,52,43.4,51,0,8,41,3,2,16,14,2,730,41,2612,0.01570000052,173,0,1.47247401645386,1.56560070713761,49.0031025660362,621.046992524597,51
"350",2021-02-13,14127,620,435,46,41.3,33,0,3,29,6,2,21,19,0,736,29,2099,0.02191999912,46,0.02174000025,2.1916139004373,1.67336984370457,32.0032662662362,620.069830519533,33
"351",2021-02-14,14168,594,437,48,43.4,41,0,4,35,4,2,21,19,2,740,35,1175,0.01702000022,10,0,1.68763715261603,1.58347185318858,39.0030355448877,594.051517533237,41
"352",2021-02-15,14230,616,438,34,45,62,2,8,51,4,2,23,21,1,744,53,867,0.02653000116,26,0,2.5757571115028,1.75691534630516,61.0070156887684,616.081540835497,62
"353",2021-02-16,14281,611,438,61,47.6,51,3,13,32,3,2,24,22,0,747,35,1561,0.0333100009,23,0,3.28263329576389,1.98700844490913,48.0059044568341,611.103074946447,51
"354",2021-02-17,14338,627,439,50,48.9,57,5,6,44,2,2,25,23,1,749,49,2063,0.01842000008,222,0,1.66303983216805,2.05163928431906,55.0041878225269,627.053587035191,57
"355",2021-02-18,14410,643,439,68,51.3,72,3,12,53,3,3,26,23,0,752,56,2348,0.02128999949,116,0,2.02877105529708,2.12884662346272,68.0058386252952,643.067039929729,72
"356",2021-02-19,14464,648,440,58,52.1,54,2,16,33,1,3,26,23,1,753,35,2576,0.01514000058,96,0,1.45960484633533,2.12700817058864,51.0026253842673,648.048607114435,54
"357",2021-02-20,14512,626,440,66,55,48,0,3,44,4,3,26,23,0,757,44,2384,0.02559000015,68,0,2.48803264101142,2.16935370495637,47.0056259813415,626.080042370904,48
"358",2021-02-21,14552,612,440,53,55.7,40,0,7,31,2,4,24,20,0,759,31,1000,0.03,28,0,2.91828793774319,2.34516095997454,38.0046492122266,612.091784447828,40
"359",2021-02-22,14617,627,440,32,55.4,65,0,11,54,1,6,23,17,0,760,54,863,0.01506000042,66,0,1.399007574,2.17705388318842,65.0038824275748,627.045079297952,65
"360",2021-02-23,14672,633,440,47,53.4,55,0,7,47,3,6,25,19,0,763,47,2036,0.01965000033,84,0,1.88714154112641,1.97769791824021,54.0045581841857,633.061390012543,55
"361",2021-02-24,14719,639,441,60,54.9,47,2,10,35,1,6,24,18,1,764,37,2874,0.01878999949,41,0,1.85257147630394,2.00477386740248,47.0035226235521,639.060836660805,47
"362",2021-02-25,14752,635,441,44,51.4,33,1,5,25,1,6,23,17,0,765,26,2376,0.01851999998,128,0.00781000018,1.7972523951885,1.97169977310126,31.0024014411951,635.058650583035,33
"363",2021-02-26,14817,638,441,56,51.1,65,5,12,43,1,6,21,15,0,766,48,2639,0.01819000006,181,0,1.70224858717518,2.00636316464981,60.004199076213,638.055812721331,65
"364",2021-02-27,14864,644,442,71,51.9,47,0,5,34,3,6,23,17,1,769,34,2535,0.0209100008,47,0.02128000021,2.09167358783385,1.9497404427673,39.003654789486,644.069226012617,47
"365",2021-02-28,14929,655,442,50,51.4,65,2,8,54,7,6,28,22,0,776,56,1552,0.02576999903,94,0,2.42983222931713,1.87996105584929,64.006992844205,655.081791302755,65
"366",2021-03-01,15007,671,442,54,54.6,78,4,7,65,3,6,29,23,0,779,69,996,0.02911999941,45,0,2.78612098101441,2.0781201139942,76.0098795826517,671.096075361729,78
"367",2021-03-02,15072,681,443,62,56.7,65,1,6,57,3,4,29,25,1,782,58,2006,0.02592000008,41,0,2.54008403324279,2.17139761286797,64.0075712156354,681.088896514616,65
"368",2021-03-03,15132,692,443,65,57.4,60,0,5,51,6,5,32,27,0,788,51,2676,0.02092999935,109,0,2.01108360002154,2.19404220197049,56.0052709614251,692.071519711885,60
"369",2021-03-04,15190,689,443,61,59.9,58,3,3,51,1,5,31,26,0,789,54,2414,0.02029999971,225,0.00444000006,1.89477829910724,2.20797447395888,57.0052582556759,689.06709144742,58
"370",2021-03-05,15261,691,444,52,59.3,71,1,9,57,1,2,28,26,1,790,58,2440,0.0188499999,154,0,1.77309174078643,2.21809492447477,67.0052850455872,691.062964939668,71
"371",2021-03-06,15318,706,445,46,55.7,57,3,3,48,0,2,26,24,1,790,51,1957,0.02095000029,25,0,2.06857470068264,2.21479508345317,54.0054216430645,706.075052549089,57
"372",2021-03-07,15357,696,446,55,56.4,39,1,0,37,2,5,25,20,1,792,38,1752,0.01940999985,16,0.0625,1.97999546024887,2.15053268787199,38.003866671955,696.070821149492,39
"373",2021-03-08,15443,741,447,39,54.3,86,1,10,66,6,4,29,25,1,798,67,1170,0.02051000118,142,0,1.82901687352134,2.01380352965869,77.0062977012118,741.069650695492,86
"374",2021-03-09,15500,747,447,69,55.3,57,0,8,47,1,3,27,24,0,799,47,2105,0.03183000088,57,0,3.09908195432007,2.09366037552688,55.0074854938257,747.11897157208,57
"375",2021-03-10,15581,771,447,76,56.9,81,4,8,66,0,2,24,22,0,799,70,2655,0.01807999969,173,0,1.69739742492751,2.04884806479916,78.0061062012859,771.067255445591,81
"376",2021-03-11,15641,768,450,73,58.6,60,1,6,52,1,2,20,18,3,800,53,2321,0.02801000118,86,0,2.70092283916826,2.16401157052216,59.0073566074777,768.106601406469,60
"377",2021-03-12,15723,773,450,94,64.6,82,3,4,70,2,2,17,15,0,802,73,2361,0.02286999941,133,0,2.16503883749038,2.22000401290844,77.0081222824675,773.086007182841,82
"378",2021-03-13,15792,792,450,56,66,69,4,4,55,5,4,22,18,0,807,59,2353,0.01870000005,99,0,1.79449837347675,2.18085025187903,63.0054410738191,792.073039499403,69
"379",2021-03-14,15860,817,450,65,67.4,68,1,8,54,2,3,23,20,0,809,55,1535,0.02996999979,36,0,2.9283227038606,2.31632557239499,63.0082769658154,817.12295056493,68
"380",2021-03-15,15961,857,451,59,70.3,101,2,3,93,4,5,25,20,1,813,95,1000,0.03200000048,13,0,3.15893390720632,2.50631372006427,98.015422461051,857.13912683285,101
"381",2021-03-16,16045,870,452,85,72.6,84,4,4,73,5,6,27,21,1,818,77,1583,0.03411000013,9,0,3.39171672146922,2.54811868679986,81.0134214622763,870.151645093251,84
"382",2021-03-17,16134,898,453,77,72.7,89,3,5,77,3,5,27,22,1,821,80,2842,0.02674000025,175,0,2.51889561519722,2.66547557112411,85.0103559440343,898.116245471785,89
"383",2021-03-18,16230,936,454,63,71.3,96,2,3,87,2,5,24,19,1,823,89,2566,0.02845000029,161,0,2.67703339729153,2.66206279371314,92.0122442822794,936.128771328242,96
"384",2021-03-19,16359,990,456,118,74.7,129,6,6,109,2,4,24,20,2,825,115,2615,0.03823999882,97,0,3.68722702486357,2.87951824905217,121.02179150654,990.187596447606,129
"385",2021-03-20,16461,1042,457,84,78.7,102,4,5,88,4,4,27,23,1,829,92,1997,0.04356999874,151,0.00662,4.09724895175885,3.20848261737819,97.0193717884419,1042.2194065604,102
"386",2021-03-21,16545,1070,458,88,82,84,5,1,77,4,4,29,25,1,833,82,1306,0.04210999966,87,0,3.94800140387365,3.35415100309434,83.016637217268,1070.21709539606,84
"387",2021-03-22,16693,1144,459,55,81.4,148,5,4,136,4,7,30,23,1,837,141,1150,0.05478000164,131,0,4.9177987420765,3.60541740807579,145.035635216489,1144.28912544442,148
"388",2021-03-23,16815,1179,460,109,84.9,122,2,0,118,5,9,31,22,1,842,120,1966,0.0350999999,153,0,3.25656440789995,3.58610993470875,120.020083086343,1179.19731632332,122
"389",2021-03-24,16964,1264,460,89,86.6,149,6,3,134,4,9,33,24,0,846,140,3106,0.04572000027,47,0,4.50384779063178,3.8696745311994,143.032404198058,1264.29256361675,149
"390",2021-03-25,17119,1352,461,126,95.6,155,7,5,137,8,10,40,30,1,854,144,3005,0.0379399991,282,0,3.46850311212352,3.98274163331826,149.025668123368,1352.24099515829,155
"391",2021-03-26,17266,1436,462,107,94,147,9,2,129,4,11,42,31,1,858,138,2390,0.06736000061,117,0,6.42163547897487,4.37337141247702,140.045542227998,1436.47390318409,147
"392",2021-03-27,17395,1502,464,140,102,129,6,4,113,5,13,44,31,2,863,119,2476,0.06260000229,117,0,5.97753974816969,4.64198438339285,123.036556025485,1502.46140462419,129
"393",2021-03-28,17532,1560,465,145,110.1,137,3,6,124,5,13,45,32,1,868,127,2480,0.08265999794,157,0,7.77386404593098,5.18853618940104,133.050737632616,1560.62323391245,137
"394",2021-03-29,17741,1711,465,115,118.7,209,7,1,189,4,12,47,35,0,872,196,1644,0.08394000053,40,0,8.19461762893824,5.65665317323843,197.082541869753,1711.72055683239,209
"395",2021-03-30,17949,1841,466,168,127.1,208,8,5,187,6,12,48,36,1,878,195,1968,0.04065000057,64,0,3.93696855914173,5.75385376627297,200.039453550766,1841.37248198441,208
"396",2021-03-31,18156,1942,467,167,138.3,207,5,5,191,8,14,54,40,1,886,196,3021,0.07910999775,224,0,7.36490918960709,6.16257682326945,201.074184471149,1942.7350318519,207
"397",2021-04-01,18399,2079,468,146,141.1,243,13,5,208,4,14,52,38,1,890,221,2628,0.06925000191,100,0.01,6.7078081018871,6.62533467894996,226.076183766597,2079.71667896269,243
"398",2021-04-02,18590,2163,469,252,161.9,191,13,7,157,6,14,56,42,1,896,170,3119,0.09265999794,99,0,8.98093640692542,6.99094909722861,177.078462127517,2163.99831518718,191
"399",2021-04-03,18833,2336,469,227,174.3,243,13,3,218,11,13,60,47,0,907,231,2869,0.0968999958,36,0,9.56991696902582,7.5041458430652,234.1136082021,2337.14886909137,243
"400",2021-04-04,19052,2484,470,156,175.9,219,8,3,204,12,14,63,49,1,919,212,1803,0.08541000366,139,0,7.9296723274449,7.52640416899576,215.086393414715,2485.01227001016,219
"401",2021-04-05,19333,2625,471,189,186.4,281,7,4,265,5,16,66,50,1,924,272,2029,0.09906000137,162,0,9.17356197077727,7.66625336068705,276.12823200727,2626.23753315839,281
"402",2021-04-06,19589,2742,472,157,184.9,256,4,6,230,10,18,70,52,1,934,234,1719,0.1128600025,83,0,10.7661678300499,8.64185325653108,240.129469222625,2743.51711371127,256
"403",2021-04-07,19900,2894,473,224,193,311,2,5,295,12,22,76,54,1,946,297,3331,0.08975999832,44,0,8.85897938974578,8.85529185655089,302.135216496169,2895.31756410745,311
"404",2021-04-08,20179,3045,474,174,197,279,19,5,244,10,28,83,55,1,956,263,3336,0.07763999939,195,0.01026000023,7.39189289181223,8.95301825511162,268.099908157818,3046.15673133291,279
"405",2021-04-09,20452,3174,476,271,199.7,273,8,3,259,14,29,88,59,2,970,267,3392,0.1049499989,158,0,10.0278984864451,9.10258426647157,270.137597558396,3175.63571030093,273
"406",2021-04-10,20718,3304,479,382,221.9,266,9,1,244,14,25,92,67,3,984,253,3163,0.08125,97,0,7.88324386503068,8.86163096590084,254.102497912384,3305.33854981231,266
"407",2021-04-11,20965,3419,479,219,230.9,247,8,4,232,12,28,99,71,0,996,240,2683,0.1364099979,29,0,13.4951336418031,9.65669686795201,244.166447765307,3421.37118712326,247
"408",2021-04-12,21288,3521,480,297,246.3,323,17,6,294,16,27,99,72,1,1012,311,2117,0.07888999939,107,0,7.50944823330171,9.41896633402693,317.120021197116,3522.35882519307,323
"409",2021-04-13,21555,3575,482,315,268.9,267,15,0,247,11,28,102,74,2,1023,262,2671,0.07861999989,179,0,7.36821121776105,8.9335439608428,262.099209416552,3576.35371627547,267
"410",2021-04-14,21861,3680,484,413,295.9,306,12,10,281,14,28,101,73,2,1037,293,3875,0.1514799976,96,0.01042000055,14.8069833984588,9.78325881923038,303.222958352793,3682.80029603508,306
"411",2021-04-15,22116,3706,484,334,318.7,255,16,2,235,19,29,107,78,0,1056,251,3815,0.1116600037,98,0.01019999981,10.9118966035492,10.2861164923357,253.140754893003,3708.07823758354,248
"412",2021-04-16,22382,3775,486,346,329.4,266,7,10,242,16,24,111,87,2,1072,249,2939,0.1115999985,243,0,10.3077434189661,10.3260943398387,259.131902335082,3776.99972415636,256
"413",2021-04-17,22571,3737,486,376,328.6,189,5,8,175,15,23,119,96,0,1087,180,2929,0.1000300026,120,0,9.60931051542801,10.5726752898954,188.088890279112,3738.84546096134,172
"414",2021-04-18,22722,3677,486,250,333,151,3,6,139,9,21,117,96,0,1096,142,1938,0.05986000061,188,0.01595999956,5.59779685322013,9.44448432009785,148.040850277906,3678.05779205535,128
"415",2021-04-19,22921,3605,486,198,318.9,199,1,6,192,22,21,113,92,0,1118,193,2053,0.100340004,89,0.04493999958,9.80381364027171,9.77225080680786,199.097239315617,3606.81630949637,197
"416",2021-04-20,23077,3498,487,187,300.6,156,4,2,150,17,27,117,90,1,1135,154,2748,0.09425000191,221,0,8.723442413226,9.96585526330285,156.069039582538,3499.56818480336,156
"417",2021-04-21,23245,3365,488,220,273,168,2,2,160,10,24,107,83,1,1145,162,2435,0.1076000023,233,0.0085799998,9.89524533560345,9.26417839718065,164.082381769901,3366.71120157849,193
"418",2021-04-22,23371,3215,491,238,259.3,126,1,3,121,13,21,104,83,3,1158,122,2320,0.1495699978,212,0.00472000003,13.7441956912464,9.66879255256597,125.086172501071,3217.2708573028,151
"419",2021-04-23,23518,3083,494,189,236.9,147,1,4,142,19,29,108,79,3,1177,143,2473,0.07076000214,85,0,6.84087119985223,9.17352509269257,147.050273253076,3084.08386321141,193
"420",2021-04-24,23627,2933,494,228,215.7,109,2,1,106,18,32,118,86,0,1195,108,2400,0.06291999817,214,0.00467000008,5.81512531083091,8.63149863489298,109.032275454797,2933.87651767518,139
"421",2021-04-25,23723,2773,498,139,199.9,96,0,4,91,17,32,123,91,4,1212,91,1615,0.1343700027,93,0.01075000048,12.7638937005351,9.65522675593798,95.0596917220899,2774.81895764127,100
"422",2021-04-26,23910,2647,501,175,196.6,187,0,3,182,8,34,120,86,3,1220,182,1259,0.08737000465,31,0,8.5270415390969,9.47283074148444,185.079755254273,2648.15995691242,160
"423",2021-04-27,23979,2437,501,193,197.4,69,0,1,68,4,35,120,85,0,1224,68,2420,0.08760000229,318,0.00943000019,7.85210904317823,9.34835454576333,69.0274400420228,2437.98340268249,118
"424",2021-04-28,23982,2149,503,66,175.4,3,0,0,3,1,35,121,86,2,1225,3,NA,NA,NA,NA,NA,NA,NA,NA,146
