"","date","observed_cumulative_cases","observed_active_cases","observed_cumulative_deaths","observed_new_cases","observed_daily_average_cases","observed_new_episodes","observed_new_cases_community_outbreak","observed_new_cases_institution_outbreak","observed_new_cases_sporadic","observed_new_ICU_p_acute_care","observed_census_ICU","observed_census_ICU_p_acute_care","observed_census_acute_care","observed_new_deaths","cumulative_hosp","observed_new_community_cases","num_non_ltch_tests","non_ltch_pct_positivity","num_ltch_tests","ltch_pct_positivity","observed_pct_positivity","pct_positivity_7_day","adjusted_new_episodes","adjusted_active_cases","adjusted_episode_cases"
"1",2020-03-01,7,7,0,0,0,2,0,0,2,0,0,1,1,0,0,2,NA,NA,NA,NA,NA,NA,NA,NA,2
"2",2020-03-02,10,10,0,0,0,3,2,0,1,0,0,1,1,0,0,3,NA,NA,NA,NA,NA,NA,NA,NA,3
"3",2020-03-03,11,11,0,0,0,1,0,0,1,0,0,1,1,0,0,1,NA,NA,NA,NA,NA,NA,NA,NA,1
"4",2020-03-04,12,12,0,0,0,1,0,0,1,0,0,1,1,0,0,1,NA,NA,NA,NA,NA,NA,NA,NA,1
"5",2020-03-05,18,18,0,0,0,6,2,0,4,0,0,1,1,0,0,6,NA,NA,NA,NA,NA,NA,NA,NA,6
"6",2020-03-06,23,23,0,0,0,5,0,1,4,0,0,1,1,0,0,4,NA,NA,NA,NA,NA,NA,NA,NA,5
"7",2020-03-07,27,27,0,0,0,4,0,0,4,0,0,1,1,0,0,4,NA,NA,NA,NA,NA,NA,NA,NA,4
"8",2020-03-08,36,36,0,0,0,9,1,0,8,0,0,1,1,0,0,9,NA,NA,NA,NA,NA,NA,NA,NA,9
"9",2020-03-09,45,45,0,1,0.1,9,0,0,9,0,0,1,1,0,0,9,NA,NA,NA,NA,NA,NA,NA,NA,9
"10",2020-03-10,52,52,0,0,0.1,7,1,0,6,0,0,1,1,0,0,7,NA,NA,NA,NA,NA,NA,NA,NA,7
"11",2020-03-11,61,61,0,0,0.1,9,0,0,9,0,0,1,1,0,0,9,NA,NA,NA,NA,NA,NA,NA,NA,9
"12",2020-03-12,75,75,0,3,0.6,14,1,0,13,0,0,1,1,0,0,14,NA,NA,NA,NA,NA,NA,NA,NA,14
"13",2020-03-13,97,97,0,1,0.7,22,2,2,18,0,0,1,1,0,0,20,NA,NA,NA,NA,NA,NA,NA,NA,22
"14",2020-03-14,115,115,0,4,1.3,18,1,1,16,1,0,2,2,0,1,17,NA,NA,NA,NA,NA,NA,NA,NA,18
"15",2020-03-15,142,142,0,4,1.9,27,1,0,26,0,0,2,2,0,1,27,NA,NA,NA,NA,NA,NA,NA,NA,27
"16",2020-03-16,157,157,0,0,1.7,15,0,0,15,0,0,2,2,0,1,15,NA,NA,NA,NA,NA,NA,NA,NA,15
"17",2020-03-17,180,179,0,5,2.4,23,1,0,22,2,0,4,4,0,3,23,127,0,4,0,0,3.91631563163937,23,179,23
"18",2020-03-18,196,194,0,4,3,16,0,0,16,0,0,3,3,0,3,16,210,0.0190499997138977,1,0,1.89597153550641,4.9882989479044,15.6471281523404,189.721428847127,16
"19",2020-03-19,221,219,0,1,2.7,25,0,0,25,4,0,7,7,0,7,25,110,0.0272699999809265,9,0,2.52075630075791,1.12493485800177,24.2669458006999,212.578445214132,25
"20",2020-03-20,243,241,0,2,2.9,22,1,1,20,3,1,10,9,0,10,21,137,0.00730000019073486,4,0,0.709290798674238,3.33007145263098,21.826735800441,239.011587043156,22
"21",2020-03-21,263,261,0,4,2.9,20,0,2,18,3,1,10,9,0,13,18,204,0.0147099995613098,3,0,1.44968111618705,3.73673192615194,19.696464002778,256.598728040281,20
"22",2020-03-22,289,287,0,7,3.3,26,0,1,25,3,5,13,8,0,16,25,159,0.0314499998092651,2,0,3.10593165818208,3.21771174429362,25.0967725661998,276.630949059973,26
"23",2020-03-23,310,308,0,9,4.6,21,1,0,20,4,5,17,12,0,20,21,138,0.0362299990653992,3,0,3.54591480214545,4.14196392664783,20.1338107148062,295.295890483824,21
"24",2020-03-24,328,324,1,8,5,18,1,3,14,3,7,20,13,1,23,15,253,0.0197599995136261,4,0,1.94524508830638,2.97459838504624,17.6605851790856,316.66863986825,18
"25",2020-03-25,351,347,1,8,5.6,23,0,1,22,4,8,23,15,0,27,22,153,0.0588199996948242,2,0,5.80610319568265,3.86553159551176,21.514157941988,323.564218448629,23
"26",2020-03-26,365,357,1,19,8.1,14,1,3,10,2,7,25,18,0,29,11,274,0.025550000667572,3,0,2.5273285858898,4.22511871201689,13.6766151943249,346.504693124907,14
"27",2020-03-27,382,365,1,27,11.7,17,3,2,12,5,9,26,17,0,34,15,577,0.0294600009918213,4,0,2.92571782655437,3.34602638651584,16.4895080326302,352.578028794002,17
"28",2020-03-28,407,387,2,26,14.9,25,1,1,23,3,8,25,17,1,37,24,367,0.0817399978637695,3,0,8.10772411243336,4.96540532428532,22.7365264712917,350.501489349579,25
"29",2020-03-29,426,399,2,11,15.4,19,5,4,10,7,8,31,23,0,44,15,184,0.0434800004959106,0,0,4.34800004959107,5.24839487129029,18.2413420462856,378.819698431196,19
"30",2020-03-30,451,408,3,48,21,25,8,3,14,4,12,32,20,1,48,22,549,0.0783199977874756,0,0,7.83199977874756,5.20900568076375,22.9957099835468,370.829530603958,25
"31",2020-03-31,468,405,3,51,27.1,17,2,3,12,6,13,34,21,0,54,14,943,0.064689998626709,0,0,6.4689998626709,5.77371456142217,15.9465100583587,374.524040973949,17
"32",2020-04-01,495,408,3,37,31.3,27,6,4,16,3,15,33,18,0,57,22,575,0.0573899984359741,4,0.25,5.87206374795943,3.21467848547554,24.4972779521843,380.131336567781,27
"33",2020-04-02,512,404,6,32,33.1,17,5,4,7,6,14,34,20,3,63,12,107,0.0841100025177002,9,0,7.75842264602924,1.83967607694745,14.9170213465399,367.539718666843,17
"34",2020-04-03,540,410,6,26,33,28,3,4,20,5,14,37,23,0,68,23,217,0.110600004196167,2,0,10.9589958495745,5.22400512885283,24.0680010236575,357.733931291286,28
"35",2020-04-04,557,417,7,18,31.9,17,3,7,6,7,14,43,29,1,75,9,315,0.0253999996185303,3,0,2.51603769806196,4.48597303144282,15.7365944816409,404.795544316027,17
"36",2020-04-05,584,428,8,40,36,27,4,8,13,4,13,43,30,1,79,17,422,0.0663500022888184,5,0.2,6.79149905524153,4.16803340824819,23.6569883441992,394.187706548073,27
"37",2020-04-06,603,428,9,40,34.9,19,3,7,9,4,12,44,32,1,83,12,238,0.117650003433228,4,0.25,11.9837606682265,3.59324434773785,17.3272170666667,368.337408711113,19
"38",2020-04-07,626,426,9,25,31.1,23,2,11,10,4,14,45,31,0,87,12,285,0.108769998550415,6,0,10.6527318167932,4.25457155473089,21.5130120277056,373.211926983547,23
"39",2020-04-08,646,429,11,26,29.6,20,1,10,8,5,16,44,28,2,92,9,368,0.0434800004959106,6,0.333330001831055,4.81300005173301,3.67798247274579,18.4961240944578,404.981915169156,20
"40",2020-04-09,682,437,11,25,28.6,36,1,20,13,6,16,47,31,0,98,14,295,0.0949199962615967,5,0,9.33379963239034,5.46318495933137,32.4799715197461,389.553396723503,36
"41",2020-04-10,716,454,11,37,30.1,34,0,20,13,4,16,49,33,0,102,13,331,0.090629997253418,8,0,8.84912362562872,3.69357634669163,31.6618375760442,407.26725073262,34
"42",2020-04-11,760,484,11,31,32,44,0,34,8,6,19,54,35,0,108,8,225,0.102220001220703,11,0.363639984130859,11.4404830932617,2.56708449769668,40.9353678756154,419.589756474731,44
"43",2020-04-12,793,499,13,35,31.3,33,0,18,14,1,18,50,32,2,109,14,227,0.101319999694824,12,0.5,12.1337405567887,3.33071122415002,30.0239953775816,428.569549529515,33
"44",2020-04-13,817,506,16,16,27.9,24,0,19,5,3,20,52,32,3,112,5,165,0.0606099987030029,26,0.0384599995613098,5.75948155737672,3.44535165007856,23.6650202052331,472.10004476959,24
"45",2020-04-14,850,506,18,32,28.9,33,0,26,7,5,20,51,31,2,117,7,208,0.0673099994659424,18,0.166669998168945,7.52236276812258,5.20908466219806,32.3874838706271,461.723834076759,33
"46",2020-04-15,879,504,24,60,33.7,29,2,18,9,4,16,51,35,6,121,11,390,0.1,24,0.208330001831055,10.6280000106148,3.11945015201198,27.6400922549856,441.691499682976,29
"47",2020-04-16,949,553,24,21,33.1,70,1,55,13,7,13,53,40,0,128,14,310,0.0354800009727478,11,0,3.42641753942424,3.02345438851925,68.4420008517118,530.959033642617,70
"48",2020-04-17,981,557,26,73,38.3,32,0,26,6,0,13,49,36,2,128,6,378,0.0846599960327148,66,0.5,14.6399726352176,4.30285966680077,30.9782215680596,462.14490223487,32
"49",2020-04-18,1021,579,31,31,38.3,40,0,31,9,1,11,46,35,5,129,9,421,0.0617600011825562,8,0,6.06082995288022,4.31831817531008,39.3654880224352,538.17972944333,40
"50",2020-04-19,1038,582,35,38,38.7,17,0,13,4,5,15,47,32,4,134,4,452,0.0442500019073486,47,0.127659997940063,5.21062540386865,2.68942019689812,16.7575539796759,546.724104042842,17
"51",2020-04-20,1099,618,39,16,38.7,61,1,47,13,3,13,45,32,4,137,14,325,0.0523099994659424,43,0.0232599997520447,4.89155701515467,3.33488120713335,60.2033998726501,582.83579437841,61
"52",2020-04-21,1135,631,47,51,41.4,36,0,26,10,2,11,43,32,8,139,10,543,0.069980001449585,25,0.36,8.27449661745152,3.3430735371909,35.0374865685043,570.265402472624,36
"53",2020-04-22,1176,647,54,35,37.9,41,1,31,9,4,9,45,36,7,143,10,656,0.0243899989128113,122,0.106560001373291,3.7275269221524,4.94852879041518,40.5664032635814,618.94629115372,41
"54",2020-04-23,1221,662,57,50,42,45,0,35,10,5,11,48,37,3,148,10,775,0.0361299991607666,105,0.0285700011253357,3.522795394063,3.95689957913646,44.5902182283759,634.872446718487,45
"55",2020-04-24,1262,669,65,38,37,41,0,36,5,7,10,48,38,8,155,5,517,0.0406199979782104,94,0.106379995346069,5.07369206501887,5.56603129164666,40.704906716044,629.516518606684,41
"56",2020-04-25,1363,741,78,53,40.1,101,0,95,6,4,9,48,39,13,159,6,557,0.0502699995040894,28,0.0357100009918213,4.95731106864081,4.17789224760848,100.654010724161,698.270324433928,101
"57",2020-04-26,1417,760,87,88,47.3,54,0,41,13,5,9,50,41,9,164,13,358,0.0502799987792969,81,0.0123500001430511,4.32815252268233,3.7539982821509,53.3454977785338,721.736793206591,54
"58",2020-04-27,1478,784,95,87,57.4,61,0,54,7,8,11,56,45,8,172,7,269,0.0632000017166138,80,0.1,7.16355314090805,4.49782011162392,60.4167003137604,718.670435141169,61
"59",2020-04-28,1499,780,103,65,59.4,21,0,14,7,7,13,61,48,8,179,7,503,0.0616300010681152,11,0.272730007171631,6.61477054788909,3.95235498567886,20.4613855011284,719.982955840019,21
"60",2020-04-29,1524,769,111,29,58.6,25,0,17,8,7,13,62,49,8,186,8,668,0.0314400005340576,74,0.148649997711182,4.31294072606172,2.94420686384356,24.598644986396,730.419749317319,25
"61",2020-04-30,1544,759,122,30,55.7,20,0,10,10,2,11,56,45,11,188,10,603,0.0414599990844727,6,0.333330001831055,4.43355656139956,3.44551484539141,19.4842758494042,719.856536969781,20
"62",2020-05-01,1567,742,135,42,56.3,23,0,16,7,6,11,57,46,13,194,7,516,0.031010000705719,55,0.0909099960327148,3.67797025323123,1.99338721117642,22.7005174872708,710.254853650706,23
"63",2020-05-02,1588,743,139,22,51.9,21,0,15,6,4,12,57,45,4,198,6,508,0.0511800003051758,28,0.0357100009918213,5.03718660126871,4.41733368082991,20.648435912069,699.464647111209,21
"64",2020-05-03,1607,724,148,23,42.6,19,0,13,6,3,12,52,40,9,201,6,826,0.0205800008773804,231,0.0043299999833107,1.70286761786764,3.6534749315111,18.8811505015931,709.65882719223,19
"65",2020-05-04,1625,721,152,14,32.1,18,0,11,7,6,10,52,42,4,207,7,637,0.0109899997711182,24,0.125,1.51295459216373,3.28186990946069,17.8768061154088,708.311029887108,18
"66",2020-05-05,1650,721,156,29,27,25,0,24,1,3,9,50,41,4,210,1,923,0.0292499995231628,29,0.172409992218018,3.36109656871868,4.69383305904001,24.960902750445,692.81088307084,25
"67",2020-05-06,1666,694,161,23,26.1,16,0,11,5,4,10,52,42,5,214,5,598,0.0167200005054474,149,0.0134200000762939,1.60617674881196,4.84520871063607,15.9065824324088,681.033641618344,16
"68",2020-05-07,1689,672,167,32,26.4,23,0,16,7,6,10,54,44,6,220,7,813,0.0356699991226196,234,0.0128199994564056,3.05631224063884,5.00592417947669,22.7511366306709,648.109116544402,23
"69",2020-05-08,1702,639,173,16,22.7,13,0,8,5,4,8,54,46,6,224,5,715,0.00978999972343445,127,0.0472399997711182,1.54386339349022,2.28401606188567,12.910206667467,627.524412102277,13
"70",2020-05-09,1719,623,179,12,21.3,17,0,12,5,5,6,51,45,6,229,5,1100,0.0154499995708466,164,0.0304900002479553,1.74013920637626,1.99352210228267,16.8987909817211,610.389356322444,17
"71",2020-05-10,1731,554,185,25,21.6,12,0,8,4,3,5,52,47,6,232,4,907,0.0176400005817413,316,0.0126600003242493,1.6353262984548,2.26079293313219,11.9239096418834,543.461485400854,12
"72",2020-05-11,1751,535,188,14,21.6,20,0,14,6,1,5,51,46,3,233,6,517,0.00967000007629394,197,0.0152300000190735,1.12040616851561,1.6784242225907,19.9218026640809,528.027404213882,20
"73",2020-05-12,1774,518,193,13,19.3,23,0,17,6,4,6,51,45,5,237,6,835,0.0131700003147125,322,0.00310999989509583,1.03702422031165,2.71652070496625,22.9276222020275,511.75138344171,23
"74",2020-05-13,1795,500,195,21,19,21,0,15,6,2,7,47,40,2,239,6,1249,0.0144099998474121,224,0.0133899998664856,1.42548878340193,3.50451767723225,20.9005098076243,491.709150635357,21
"75",2020-05-14,1809,472,198,25,18,14,0,10,4,2,6,45,39,3,241,4,1046,0.0267700004577637,127,0.0236199998855591,2.6428951802461,2.54164242948619,13.8770283087115,457.48934042796,14
"76",2020-05-15,1829,458,201,17,18.1,20,0,12,8,1,5,44,39,3,242,8,1163,0.012039999961853,137,0.0146000003814697,1.23097846214588,4.05709424267294,19.885447213676,451.441852982949,20
"77",2020-05-16,1845,438,207,19,19.1,16,0,6,10,1,4,42,38,6,243,10,967,0.0134399998188019,25,0.04,1.4109354662078,3.46364435123163,15.8358758967483,430.811364277575,16
"78",2020-05-17,1857,398,212,15,17.7,12,0,9,3,1,2,42,40,5,244,3,353,0.0254999995231628,10,0.1,2.7552341134095,2.10866175552835,11.9038509544323,385.244226621346,12
"79",2020-05-18,1872,390,213,26,19.4,15,0,8,7,2,1,43,42,1,246,7,376,0.0398900008201599,17,0.0588199996948242,4.07088557333133,5.7530668718394,14.6685239529974,371.532048809855,15
"80",2020-05-19,1884,353,219,23,20.9,12,0,8,4,0,1,40,39,6,246,4,359,0.0390000009536743,31,0.225809993743896,5.38490003805894,2.03691832297806,11.7494451274311,330.888532495796,12
"81",2020-05-20,1899,339,223,17,20.3,15,0,9,6,3,1,41,40,4,249,6,675,0.0296300005912781,36,0.0555600023269653,3.0942912071566,2.77466333210407,14.7840378464909,326.798138326738,15
"82",2020-05-21,1907,325,229,11,18.3,8,0,1,7,0,1,38,37,6,249,7,478,0.0209200000762939,36,0,1.94547860631683,3.05258884729218,7.84158740246233,317.645129400037,8
"83",2020-05-22,1914,309,233,7,16.9,7,0,3,4,1,1,36,35,4,250,4,514,0.00583999991416931,14,0,0.568515143159664,1.31386297723829,6.97354746824619,306.956541922018,7
"84",2020-05-23,1923,305,236,6,15,9,1,3,5,1,0,35,35,3,251,6,582,0.00859000027179718,43,0,0.799900825309753,3.34084418323294,8.94417193041559,302.162073129459,9
"85",2020-05-24,1933,302,237,8,14,10,0,3,7,1,1,36,35,1,252,7,332,0.0150600004196167,25,0.04,1.68064989896716,3.17893065722198,9.86315135248346,296.095958350001,10
"86",2020-05-25,1948,298,240,6,11.1,15,1,7,7,0,1,35,34,3,252,8,401,0.0174600005149841,8,0,1.71184846124906,4.2027599125231,14.8406982599365,292.066010182633,15
"87",2020-05-26,1954,288,243,16,10.1,6,0,2,4,1,1,35,34,3,253,4,1123,0.00800999999046326,41,0.0731699991226196,1.03051545990701,3.1749729774069,5.9520509818358,284.547670692178,6
"88",2020-05-27,1959,261,243,8,8.9,5,0,1,4,1,1,33,32,0,254,4,1150,0.00957000017166138,13,0.0769199991226196,1.03228376491871,2.10426842957074,4.95196870408993,257.865957941868,5
"89",2020-05-28,1963,236,244,4,7.9,4,0,2,2,1,1,31,30,1,255,2,1403,0.00284999996423721,88,0,0.268179071081476,3.84600070156374,3.99376092661836,235.263789340967,4
"90",2020-05-29,1970,226,247,7,7.9,7,0,3,4,2,1,32,31,3,257,4,1380,0.0065200001001358,37,0,0.634975309681539,3.14554491906566,6.97045513256008,224.330714989645,7
"91",2020-05-30,1973,208,248,15,9.1,3,1,1,1,0,1,31,30,1,257,2,1020,0.0127499997615814,119,0,1.1417910234252,3.7395388246697,2.97343671169821,205.237418016613,3
"92",2020-05-31,1977,193,249,10,9.4,4,0,1,3,3,1,34,33,1,260,3,1309,0.00535000026226044,11,0.0909099960327148,0.606300022701422,4.01101503371625,3.97884202717049,191.638837081302,4
"93",2020-06-01,1988,184,250,5,9.3,11,0,5,6,0,1,31,30,1,260,6,763,0.00130999997258186,20,0,0.127653892602805,1.73113454911283,10.9910905575123,183.726777097044,11
"94",2020-06-02,1991,165,251,8,8.1,3,0,1,2,0,1,26,25,1,260,2,858,0.0104900002479553,9,0,1.03811075118174,1.95621500057418,2.97584878965845,163.007525146822,3
"95",2020-06-03,2001,156,251,8,8.1,10,0,7,3,0,0,22,22,0,260,3,1110,0.00449999988079071,141,0,0.399280564962245,2.0493440119792,9.98606635819148,155.275450625957,10
"96",2020-06-04,2008,146,254,8,8.7,7,0,2,5,0,0,20,20,3,260,5,1430,0.00559000015258789,21,0,0.550909732474203,1.21554948024347,6.96795829150925,145.06438211207,7
"97",2020-06-05,2012,137,256,15,9.9,4,0,1,3,1,0,21,21,2,261,3,1366,0.00952000021934509,29,0,0.932209340474939,4.72479343092174,3.96746881220736,135.514409090803,4
"98",2020-06-06,2015,128,257,2,8,3,0,0,3,0,0,21,21,1,261,3,1404,0.000710000023245811,68,0,0.0677201109128478,2.29594424721115,2.99763678012031,127.899169285133,3
"99",2020-06-07,2016,118,258,4,7.1,1,0,0,1,0,0,20,20,1,261,1,870,0.00230000004172325,22,0,0.22432735832951,1.17381426146552,0.997390559143034,117.692085978878,1
"100",2020-06-08,2019,110,258,0,6.4,3,0,0,3,0,0,19,19,0,261,3,701,0.0014300000667572,12,0,0.140593274445554,3.35079597764225,2.99509373483531,109.820103610628,3
"101",2020-06-09,2029,107,259,3,5.7,10,0,3,7,0,0,18,18,1,261,7,1338,0.00224000006914139,10,0,0.222338285794598,1.65093614786697,9.98189587627927,106.723265537412,10
"102",2020-06-10,2039,105,259,7,5.6,10,0,4,6,0,0,17,17,0,261,6,1281,0.00233999997377396,12,0,0.231828303666236,3.26493399824025,9.98381983583564,104.716847127124,10
"103",2020-06-11,2046,104,260,5,5.1,7,0,2,5,0,0,16,16,1,261,5,1529,0.00326999992132187,6,0,0.325721816267175,3.24749675325114,6.98105554708748,103.605955379419,7
"104",2020-06-12,2050,107,260,10,4.4,4,0,2,2,0,0,16,16,0,261,2,1596,0.00814999997615814,13,0,0.808415162333648,2.20845432100665,3.98119256099931,105.993802013463,4
"105",2020-06-13,2053,105,260,6,5,3,0,3,0,0,0,16,16,0,261,0,1479,0.00270000010728836,23,0.0434800004959106,0.332446083228058,1.02486385849205,3,104.593953533482,3
"106",2020-06-14,2056,102,260,1,4.6,3,0,1,2,0,0,16,16,0,261,2,768,0,13,0,0,2.16604228032177,3,102,3
"107",2020-06-15,2061,100,260,2,4.9,5,0,2,3,0,0,14,14,0,261,3,720,0.00555999994277954,17,0,0.543175028331244,5.32475538688649,4.98104489186741,99.3681630622469,5
"108",2020-06-16,2065,99,260,3,4.9,4,0,1,3,1,0,14,14,0,262,3,1250,0.000799999982118607,14,0,0.0791139222822989,1.24756853351701,3.99723917177072,98.9088926684339,4
"109",2020-06-17,2068,89,260,8,5,3,0,0,3,1,1,6,5,0,263,3,1098,0.0091100001335144,26,0,0.889927059305944,2.86429679160215,2.96894433145963,88.0786818333022,3
"110",2020-06-18,2070,75,260,2,4.6,2,0,0,2,0,1,6,5,0,263,2,1304,0.00230000004172325,122,0,0.210322584460527,4.27603219646593,1.99510693346437,74.8165100049139,2
"111",2020-06-19,2073,73,260,5,3.9,3,0,0,3,0,1,5,4,0,263,3,1875,0.0010700000077486,19,0,0.105926611115556,1.63728669804859,2.99630349286494,72.9100516597135,3
"112",2020-06-20,2079,73,261,1,3.1,6,0,0,6,1,1,5,4,1,264,6,1792,0.000560000017285347,158,0,0.0514625656910432,3.03693982940125,5.9964082351118,72.9563001938602,6
"113",2020-06-21,2085,77,261,1,3.1,6,0,0,6,0,1,4,3,0,264,6,1102,0.00363000005483627,86,0,0.336722227308887,3.32634853995706,5.97649889668567,76.6984025074662,6
"114",2020-06-22,2087,76,262,6,3.7,2,0,1,1,0,1,1,0,1,264,1,509,0.0039300000667572,10,0,0.385427752211834,0.76103003419879,1.99551659266386,75.6592610424537,2
"115",2020-06-23,2096,81,262,4,3.9,9,0,0,9,0,1,1,0,0,264,9,1255,0.00158999994397163,20,0,0.156505876837992,1.70637483385146,8.98361530447397,80.8525377402657,9
"116",2020-06-24,2098,75,263,3,3.1,2,0,0,2,1,1,2,1,1,265,2,1733,0.00289000004529953,24,0,0.285052366448724,3.21461327017645,1.99336837649295,74.7513141184856,2
"117",2020-06-25,2104,73,263,6,3.7,6,0,0,6,0,1,2,1,0,265,6,1796,0.00277999997138977,21,0.0476200008392334,0.32982388366758,1.23483991638528,5.97698035788266,72.7199276875724,6
"118",2020-06-26,2108,67,263,6,3.9,4,0,0,4,0,1,2,1,0,265,4,2028,0.00196999996900558,23,0,0.194790830674955,0.836554749707938,3.99093654637739,66.8481871518212,4
"119",2020-06-27,2111,69,263,3,4.1,3,0,0,3,0,1,1,0,0,265,3,1574,0.000640000030398369,80,0,0.0609044768952257,4.31109665731463,2.99787462441185,68.9511163614725,3
"120",2020-06-28,2113,68,263,2,4.3,2,0,0,2,0,1,1,0,0,265,2,880,0.00114000000059605,12,0,0.112466367771807,2.80956972231648,1.9973835172198,67.9110395854732,2
"121",2020-06-29,2117,69,263,1,3.6,4,0,0,4,2,1,3,2,0,267,4,854,0.00351000010967255,8,0,0.347742470262222,3.14409131598495,3.98381983514874,68.7208921563158,4
"122",2020-06-30,2120,68,263,10,4.4,3,0,0,3,0,1,3,2,0,267,3,1605,0.00435999989509583,11,0,0.433032167798812,3.98932404780892,2.98488853290857,67.6574734125941,3
"123",2020-07-01,2122,67,263,4,4.6,2,0,0,2,0,2,3,1,0,267,2,1601,0.00312000006437302,15,0,0.309103966773589,2.01466729157041,1.99280882611951,66.7590956750035,2
"124",2020-07-02,2128,66,263,4,4.3,6,0,1,5,0,1,3,2,0,267,5,1012,0.00197999998927116,12,0,0.195679686439689,2.52630273077999,5.98861898583221,65.8497706129852,6
"125",2020-07-03,2136,74,263,4,4,8,0,0,8,0,1,3,2,0,267,8,1334,0.00300000011920929,14,0,0.296884284794154,0.817540185156179,7.97237244754088,73.7444451397531,8
"126",2020-07-04,2139,74,263,4,4.1,3,0,0,3,0,1,3,2,0,267,3,1257,0.00317999988794327,40,0,0.308192741645697,1.28403202888739,2.98924503808373,73.7347109393986,3
"127",2020-07-05,2141,71,263,5,4.6,2,0,0,2,0,1,2,1,0,267,2,734,0.00272000014781952,47,0,0.255631255889824,2.45476754421626,1.99405284626535,70.78887604242,2
"128",2020-07-06,2147,71,263,0,4.4,6,0,1,5,0,1,2,1,0,267,5,602,0,10,0,0,0.674415745241444,6,71,6
"129",2020-07-07,2154,72,263,6,3.9,7,0,1,6,0,1,1,0,0,267,6,1272,0.0039300000667572,21,0,0.386617175940848,0.821123327889053,6.97301654165365,71.6761984998438,7
"130",2020-07-08,2167,78,263,5,4,13,0,1,12,0,1,1,0,0,267,12,1684,0.00296999990940094,39,0,0.29027741424441,2.38002985880722,12.9594809077114,77.7366259001242,13
"131",2020-07-09,2175,82,263,5,4.1,8,0,0,8,1,0,2,2,0,268,8,1504,0.00266000002622604,41,0,0.258941102876632,2.81394728054755,7.97590337626491,81.7530096067153,8
"132",2020-07-10,2191,95,263,12,5.3,16,0,0,16,0,0,2,2,0,268,16,1900,0.00684000015258789,14,0.0714300012588501,0.73124453017455,0.794158698265843,15.8639032265931,94.1919254078967,16
"133",2020-07-11,2198,100,263,7,5.7,7,0,0,7,1,1,2,1,0,269,7,1571,0.00381999999284744,25,0,0.376016290022765,2.40986419045713,6.96938248664078,99.5626069520111,7
"134",2020-07-12,2221,120,263,9,6.3,23,0,2,21,1,1,3,2,0,270,21,1068,0.00842999994754791,13,0,0.832862159480219,2.18055908450829,22.7965500247923,118.837428713099,23
"135",2020-07-13,2244,138,263,6,7.1,23,0,2,21,0,0,3,3,0,270,21,808,0.00619000017642975,65,0,0.572911814725686,3.05652101019295,22.8600501977724,137.080329871075,23
"136",2020-07-14,2263,148,263,4,6.9,19,0,2,17,1,0,4,4,0,271,17,1406,0.00356000006198883,66,0,0.340038049399205,4.0959963705833,18.9327578403465,147.414597668899,19
"137",2020-07-15,2284,168,263,15,8.3,21,0,0,21,1,0,5,5,0,272,21,1404,0.00782999992370606,46,0,0.758159992612641,2.15418085582843,20.8147981272234,166.518385017787,21
"138",2020-07-16,2306,186,263,7,8.6,22,0,1,21,0,0,5,5,0,272,21,1695,0.00708000004291534,25,0.04,0.75584884143846,2.3907101593332,21.8153626908114,184.364640975758,22
"139",2020-07-17,2336,213,263,17,9.3,30,0,0,29,0,1,5,4,0,272,29,1787,0.00726999998092651,21,0,0.718555860946664,0.891727399691504,28.7576049482758,211.219650137336,30
"140",2020-07-18,2362,232,263,16,10.6,26,0,0,24,2,1,6,5,0,274,24,1551,0.00708999991416931,81,0,0.673810653607635,3.5806652981677,23.8118889398982,230.181593085683,26
"141",2020-07-19,2380,250,263,28,13.3,18,0,0,18,0,1,6,5,0,274,18,2025,0.0212299990653992,22,0,2.10018310246377,1.36994472419956,17.5602611048478,243.892515345108,18
"142",2020-07-20,2410,275,263,47,19.1,30,0,0,27,2,3,8,5,0,276,27,1548,0.0148599994182587,35,0.0285700011253357,1.51631264301018,2.9341817831986,26.523768918843,270.149498247475,30
"143",2020-07-21,2434,294,263,23,21.9,24,0,0,23,0,3,8,5,0,276,23,1428,0.0161099994182587,15,0,1.59425358068423,1.81420161011996,22.5734691452796,288.547822987487,24
"144",2020-07-22,2461,314,263,13,21.6,27,0,1,23,2,3,9,6,0,278,23,1771,0.00902999997138977,16,0,0.894914938406899,3.55817192760974,23.7605720707135,310.731288269741,27
"145",2020-07-23,2480,322,263,29,24.7,19,0,1,17,1,3,10,7,0,279,17,1667,0.0101999998092651,32,0,1.0007886805206,3.55974124336857,17.8020951115505,318.251448583485,19
"146",2020-07-24,2503,337,263,34,27.1,23,0,1,18,0,3,7,4,0,279,18,2036,0.0122800004482269,83,0,1.17989999587494,3.29480607735151,18.7529511022313,332.374695636219,23
"147",2020-07-25,2515,336,263,26,28.6,12,0,1,10,0,3,7,4,0,279,10,2126,0.00800000011920929,320,0,0.695339339878943,2.38433789147843,10.9191161124328,333.282301377743,12
"148",2020-07-26,2522,338,263,21,27.6,7,0,0,6,2,4,9,5,0,281,6,1816,0.0121099996566772,73,0,1.16420113163186,3.05894427455533,5.91874604984709,333.422694141386,7
"149",2020-07-27,2537,340,264,22,24,15,0,1,13,1,4,9,5,1,282,13,1601,0.00874000012874603,24,0,0.861091704992148,3.16182928418697,13.869785911922,336.594400773345,15
"150",2020-07-28,2557,330,264,14,22.7,20,0,2,17,1,4,10,6,0,283,17,1488,0.00739000022411346,24,0,0.727269863325452,3.01744633055034,18.8561831643627,327.208261425864,20
"151",2020-07-29,2573,324,264,20,23.7,16,2,2,12,2,4,11,7,0,285,14,2254,0.00620999991893768,52,0,0.606996522865808,2.40881874149116,15.9011493669771,321.712313921469,16
"152",2020-07-30,2593,334,264,19,22.3,20,1,0,18,1,4,12,8,0,286,19,1891,0.00898999989032745,134,0,0.839510607042431,3.80380321211941,18.8144568161925,330.738346137278,20
"153",2020-07-31,2603,321,264,18,20,10,0,1,9,1,3,13,10,0,287,9,2129,0.00797999978065491,207,0,0.727286795077667,3.93137760935915,9.92385990265538,318.284336528042,10
"154",2020-08-01,2620,308,264,15,18.4,17,0,0,17,1,2,13,11,0,288,17,1629,0.00551999986171722,83,0.0120500004291534,0.583658283315251,3.33008265678099,16.8845822003182,305.908901041059,17
"155",2020-08-02,2628,293,264,2,15.7,8,0,0,8,0,2,13,11,0,288,8,1340,0.00149000003933907,11,0,0.147786828476266,3.58378322204268,7.98624720618228,292.496303926426,8
"156",2020-08-03,2637,279,264,10,14,9,0,1,7,0,1,12,11,0,288,7,1046,0.0114699995517731,47,0,1.09767790769942,2.42358102311236,7.91062044678683,275.437586379075,9
"157",2020-08-04,2649,267,264,20,14.9,12,0,1,11,1,1,11,10,0,289,11,1699,0.0058899998664856,12,0,0.584869069150148,2.36544445216518,11.9251629679938,265.183501132212,12
"158",2020-08-05,2658,247,264,12,13.7,9,1,0,8,1,1,12,11,0,290,9,1599,0.005,70,0,0.479029358897543,1.21054796253076,8.94985012478675,245.623664535814,9
"159",2020-08-06,2668,223,264,12,12.7,10,0,0,10,1,2,10,8,0,291,10,1639,0.00305000007152557,10,0,0.303150401287472,0.655861207168395,9.96473666659225,222.213627665007,10
"160",2020-08-07,2680,224,264,6,11,12,0,3,9,1,2,10,8,0,292,9,1689,0,39,0,0,2.04192464635396,12,224,12
"161",2020-08-08,2686,207,264,14,10.9,6,1,1,4,0,1,10,9,0,292,5,1518,0.00725000023841858,95,0,0.682300084433937,5.6367729654231,5.96031643821129,205.357100541947,6
"162",2020-08-09,2688,198,264,16,12.9,2,0,1,1,2,2,12,10,0,294,1,1589,0.00441000014543533,102,0,0.414399185753799,2.51913439111454,1.99517958855107,197.045558533112,2
"163",2020-08-10,2700,199,264,8,12.6,12,2,0,10,0,1,12,11,0,294,12,1384,0.00578000009059906,27,0,0.566939767922686,4.35467501585909,11.9208623073954,197.687633264307,12
"164",2020-08-11,2713,203,264,8,10.9,13,2,1,10,0,1,12,11,0,294,12,1460,0.00342000007629395,41,0,0.332658235269098,2.65798197982753,12.9535650757724,202.21447586515,13
"165",2020-08-12,2720,186,264,12,10.9,7,3,0,4,0,2,10,8,0,294,7,1486,0.00268999993801117,7,0,0.267738774808078,3.034038176503,6.97819909474142,185.420718803129,7
"166",2020-08-13,2742,189,264,11,10.7,22,0,0,22,0,2,9,7,0,294,22,1689,0.00532999992370605,56,0,0.515895121555274,2.07856233185969,21.8679770849233,187.865803138659,22
"167",2020-08-14,2753,184,264,6,10.7,11,4,1,6,1,2,10,8,0,295,10,1882,0.00477999985218048,36,0,0.469028139822923,2.53739517303473,10.9454412872226,182.996119684896,11
"168",2020-08-15,2757,176,264,2,9,4,0,0,4,1,2,11,9,0,296,4,2044,0.00734000027179718,21,0,0.726535620123653,0.695492045071488,3.96619490827494,174.512575964098,4
"169",2020-08-16,2761,158,264,26,10.4,4,0,1,3,0,2,11,9,0,296,3,1196,0.00501999974250793,22,0,0.492932651234769,1.21854159199886,3.98279819354924,157.094038193593,4
"170",2020-08-17,2784,172,265,8,10.4,23,1,4,18,1,1,9,8,1,297,19,1358,0.00662999987602234,32,0,0.647736678535132,3.23394323974797,22.8568414447702,170.70403834213,23
"171",2020-08-18,2810,191,265,15,11.4,26,1,1,24,0,1,7,6,0,297,25,1888,0.00583000004291534,77,0.0519500017166138,0.76372469278389,2.69571395864469,25.7779033248926,189.303181402179,26
"172",2020-08-19,2834,200,265,23,13,24,4,3,15,2,1,7,6,0,299,19,1519,0.0118499994277954,25,0.04,1.23057960691847,2.32918340469244,21.7280252848732,197.137108261823,24
"173",2020-08-20,2851,208,266,24,14.9,17,1,0,16,3,0,6,6,1,302,17,1607,0.00995999991893768,103,0,0.936007009925898,3.64137918845623,16.8149056174466,205.735315789935,17
"174",2020-08-21,2872,215,266,16,16.3,21,3,2,16,0,0,6,6,0,302,19,1804,0.00721000015735626,116,0.00861999988555908,0.729518764093518,4.09019516756752,20.838766499194,213.175515648774,21
"175",2020-08-22,2891,225,266,16,18.3,19,1,0,18,1,0,7,7,0,303,19,1864,0.00589999973773956,73,0,0.567764559171221,3.03094996975352,18.8745163633693,223.514009566216,19
"176",2020-08-23,2908,235,266,13,16.4,17,0,1,15,0,0,7,7,0,303,15,694,0.0172899997234344,5,0,1.71663230444399,5.43813446260983,15.7004745316201,230.307434328715,17
"177",2020-08-24,2927,251,266,19,18,19,2,0,17,1,1,8,7,0,304,19,1142,0.00962999999523163,58,0,0.91645499954621,2.63616205681154,18.7974510661263,248.324221978826,19
"178",2020-08-25,2941,253,266,23,19.1,14,0,1,13,4,2,11,9,0,308,13,1647,0.0145700001716614,73,0,1.3951622257399,2.80824540230635,13.789023891541,248.89408035076,14
"179",2020-08-26,2959,261,266,15,18,18,1,4,13,0,2,11,9,0,308,14,1832,0.0049099999666214,41,0,0.480251998870817,2.49673858885852,17.9217899735656,259.541941650045,18
"180",2020-08-27,2972,264,266,16,16.9,13,1,3,9,1,2,9,7,0,309,10,1469,0.00612999975681305,9,0,0.609267228874044,1.98819206866879,12.9291282698787,262.128986324798,13
"181",2020-08-28,3000,274,266,20,17.4,28,0,3,21,1,1,9,8,0,310,21,2137,0.00607999980449677,35,0,0.598202559033591,2.74171377644385,23.8538722231293,272.093380435116,28
"182",2020-08-29,3021,288,266,12,16.9,21,0,2,18,0,1,9,8,0,310,18,1790,0.00726000010967255,11,0.0909099960327148,0.777091068999096,3.34941160979295,19.837291725796,285.396667612736,21
"183",2020-08-30,3041,302,267,16,17.3,20,0,6,12,2,1,10,9,1,312,12,1402,0.00428000003099442,33,0,0.418157494317364,2.73444654137163,17.9416304497974,300.531032986569,20
"184",2020-08-31,3061,311,267,13,16.4,20,1,3,16,1,1,11,10,0,313,17,1353,0.00517000019550324,54,0,0.497157801315983,1.94271759051205,19.901687577881,309.201460983588,20
"185",2020-09-01,3086,315,267,18,15.7,25,1,2,22,0,1,11,10,0,313,23,1361,0.0154299998283386,22,0.0909099960327148,1.6630693911127,1.18434038749403,24.5550579798314,308.906228854213,25
"186",2020-09-02,3122,325,267,15,15.7,36,1,9,26,0,1,9,8,0,313,27,1528,0.00261999994516373,51,0,0.253537676770752,2.17394758545942,35.9203709587999,324.04150228185,36
"187",2020-09-03,3144,326,267,24,16.9,22,1,4,17,1,1,8,7,0,314,18,1493,0.00938000023365021,133,0.00751999974250793,0.922785997207461,4.16042478629061,21.8067859443313,322.500678769555,22
"188",2020-09-04,3166,330,267,24,17.4,22,0,3,19,3,1,11,10,0,317,19,2705,0.00813000023365021,258,0.00774999976158142,0.809691210614641,2.34223993149981,21.8210473055871,326.891874254934,22
"189",2020-09-05,3191,337,267,17,18.1,25,1,11,13,2,1,13,12,0,319,14,2256,0.00398999989032745,164,0,0.371960320354493,1.80417394454973,24.9394254962897,335.541885160688,25
"190",2020-09-06,3212,339,267,26,19.6,21,1,3,16,1,1,14,13,0,320,17,1310,0.00611000001430511,192,0.03125,0.932363516560566,2.97741215806196,19.8156261143528,335.323367809741,21
"191",2020-09-07,3253,364,267,29,21.9,41,2,6,33,0,1,12,11,0,320,35,1290,0.0147300004959106,44,0,1.4244153403092,2.13106880646168,40.4200775755173,357.96880678538,41
"192",2020-09-08,3305,401,267,24,22.7,52,0,14,36,3,1,14,13,0,323,36,1097,0.0127600002288818,4,0,1.27136423715562,3.52963462383951,49.4676004160523,395.069660189916,52
"193",2020-09-09,3350,432,267,15,22.7,45,2,10,31,0,1,13,12,0,323,33,1587,0.0144900000095367,29,0,1.42299690687715,4.53121172472132,42.4537604875251,424.849228200329,45
"194",2020-09-10,3427,494,267,33,24,77,1,21,52,2,2,14,12,0,325,53,1959,0.0127600002288818,61,0,1.23746734892968,3.65390813641815,73.2370873181685,486.889078022175,77
"195",2020-09-11,3457,508,267,60,29.1,30,0,1,25,0,1,12,11,0,325,25,2314,0.0155599999427795,93,0.0752699995040894,1.78670335776785,2.26464492817481,25.4804137159465,497.442006708033,30
"196",2020-09-12,3506,533,269,47,33.4,49,0,4,42,1,0,12,12,2,326,42,1900,0.0168400001525879,26,0,1.66126688940379,2.38202254705002,45.1883778039009,522.700127844742,49
"197",2020-09-13,3541,546,270,31,34.1,35,1,5,29,1,1,11,10,1,327,30,1199,0.0166799998283386,44,0,1.6089557356539,2.19496961834805,34.4385248150385,535.781151633701,35
"198",2020-09-14,3609,596,272,59,38.4,68,0,19,49,1,1,11,10,2,328,49,2394,0.0141999995708466,218,0.0412799978256226,1.6460121936674,3.38305428007292,67.0618023429729,584.588452987997,68
"199",2020-09-15,3682,645,273,41,40.9,73,0,15,55,1,1,11,10,1,329,55,2961,0.0121599996089935,28,0,1.20460886056306,4.45624789798536,69.2293202307318,635.9620281604,73
"200",2020-09-16,3759,685,274,41,44.6,77,0,7,67,1,0,11,11,1,330,67,1887,0.0190799999237061,162,0.00616999983787537,1.80592971350752,1.71555786996185,72.5925244403536,670.610137934958,77
"201",2020-09-17,3809,710,278,57,48,50,2,4,38,2,2,11,9,4,332,40,2512,0.0191100001335144,208,0.00481000006198883,1.80164707162801,4.95308546072217,43.1617087610626,695.120330508861,50
"202",2020-09-18,3897,778,278,47,46.1,88,1,6,78,0,2,11,9,0,332,79,2409,0.0128699994087219,281,0.0213499999046326,1.37558284568078,1.9601044984463,83.7359069067414,765.551083208163,88
"203",2020-09-19,3967,829,280,47,46.1,70,2,4,60,0,2,10,8,2,332,62,2101,0.0214199995994568,161,0,1.98954107685494,2.71004623176048,64.565139052608,809.814520558259,70
"204",2020-09-20,4010,861,280,76,52.6,43,1,4,34,2,2,11,9,0,334,35,2847,0.0186199998855591,112,0,1.79152212484578,2.02718156607309,38.2706173369845,843.057186489817,43
"205",2020-09-21,4119,941,280,55,52,109,2,22,82,1,3,12,9,0,335,84,2949,0.0189900004863739,73,0,1.85312744653596,2.64019461241796,104.189286288191,920.715695204614,109
"206",2020-09-22,4228,1020,280,85,58.3,109,0,27,81,3,3,15,12,0,338,81,2507,0.0135599994659424,64,0.03125,1.4000357316654,3.85384829882214,106.680864662266,1003.38866611742,109
"207",2020-09-23,4334,1079,281,67,62,106,0,26,75,2,3,16,13,1,340,75,1896,0.0168799996376038,7,0.571430015563965,1.89198578149472,3.21728368402024,99.3493904725455,1055.25323093169,106
"208",2020-09-24,4435,1132,282,38,59.3,101,2,18,75,2,3,18,15,1,342,77,2730,0.0128199994564056,55,0,1.25668217292594,1.76108021574977,93.8744069695204,1115.45232064282,101
"209",2020-09-25,4554,1195,284,57,60.7,119,5,16,86,3,3,20,17,2,345,91,3291,0.0133700001239777,59,0.0339000010490417,1.37315732745982,3.18853088233127,105.546460270116,1175.91230794274,119
"210",2020-09-26,4639,1242,286,76,64.9,85,3,14,66,3,4,21,17,2,348,69,3437,0.0299699997901916,12,0,2.98657260883992,2.34082140958601,80.6028931978569,1198.85207756142,85
"211",2020-09-27,4721,1272,287,109,69.6,82,2,12,64,2,4,22,18,1,350,66,2684,0.0331599998474121,13,0,3.30001629923819,2.39194044577274,75.4664747537491,1223.17205889044,82
"212",2020-09-28,4836,1342,288,86,74,115,3,11,97,6,4,27,23,1,356,100,3135,0.0258400011062622,192,0.0104200005531311,2.49501182970644,3.05329984934722,108.097729917772,1303.05153549649,115
"213",2020-09-29,4943,1373,291,58,70.1,107,5,18,74,4,3,27,24,3,360,79,2165,0.0263299989700317,79,0.0253200006484985,2.62944419881239,2.93227610302457,94.5836698885391,1331.00479439195,107
"214",2020-09-30,5026,1402,291,107,75.9,83,1,10,67,5,5,30,25,0,365,68,3170,0.0305999994277954,281,0.0142299997806549,2.92670611777675,2.27887118100313,75.6849880138057,1354.2698999317,83
"215",2020-10-01,5127,1438,293,105,85.4,101,2,11,78,3,5,29,24,2,368,80,3844,0.0226300001144409,120,0.00833000004291534,2.21971040476944,5.61718321557594,88.9343748122488,1400.87038725017,101
"216",2020-10-02,5223,1488,294,115,93.7,96,0,13,79,1,5,29,24,1,369,79,3362,0.021710000038147,197,0,2.05082945007727,1.8675017447335,90.1153884323042,1452.50250616796,96
"217",2020-10-03,5296,1501,295,65,92.1,73,2,6,64,5,6,31,25,1,374,66,3113,0.0301999998092651,485,0.0103100001811981,2.75188853513406,2.75188853513406,69.8872895021034,1452.95184155541,73
"218",2020-10-04,5353,1482,295,77,87.6,57,1,7,47,3,6,32,26,0,377,48,3118,0.0291899991035461,102,0,2.82653469580301,2.62100387679539,53.4218045968993,1433.27321692926,57
"219",2020-10-05,5431,1483,295,82,87,78,3,13,59,3,6,33,27,0,380,62,3821,0.0177999997138977,238,0.00839999973773956,1.72488294763206,3.83403267268577,73.7560110172281,1453.24458610563,78
"220",2020-10-06,5507,1456,296,139,98.6,76,5,15,53,2,7,34,27,1,382,58,2158,0.0194599997997284,55,0,1.89763576899295,1.83600570739736,71.7197167391473,1423.86047538273,76
"221",2020-10-07,5608,1470,296,174,108.1,101,12,22,63,3,10,36,26,0,385,75,2268,0.0313100004196167,76,0,3.02948297575472,2.38141898725055,94.3570131911395,1418.19745854633,101
"222",2020-10-08,5688,1429,296,85,105.3,80,5,14,55,2,9,36,27,0,387,60,2434,0.0271199989318848,182,0,2.52332100153698,2.3286037084276,72.238879921107,1387.05599012103,80
"223",2020-10-09,5771,1430,296,97,102.7,83,5,19,57,2,9,37,28,0,389,62,2508,0.0207299995422363,247,0.00810000002384186,1.95976547578285,2.18508082258805,79.5866132748096,1397.40091908028,83
"224",2020-10-10,5836,1415,297,67,103,65,5,7,51,6,9,43,34,1,395,56,2628,0.0300600004196167,21,0,2.98216991705371,1.05109736875991,61.0573899653266,1365.91440715959,65
"225",2020-10-11,5900,1380,297,140,112,64,6,6,48,5,10,46,36,0,400,54,2660,0.0233100008964539,238,0.0168099999427795,2.2776184393012,3.67828433812002,58.5693284339327,1343.43839331161,64
"226",2020-10-12,5962,1352,297,62,109.1,62,2,14,43,3,10,46,36,0,403,45,1994,0.0150499999523163,237,0.0126600003242493,1.47961093598233,3.60969083243423,58.2254931516677,1328.73037202344,62
"227",2020-10-13,6047,1374,298,74,99.9,85,4,10,68,1,7,45,38,1,404,72,2117,0.0302300000190735,18,0,2.9975133508374,5.41547657181823,79.4895080194581,1326.09144470466,85
"228",2020-10-14,6114,1379,300,84,87,67,1,16,49,2,7,45,38,2,406,50,3004,0.0296300005912781,110,0.0363599991798401,2.98677333609447,3.39928165146961,64.2628493395231,1331.08938478405,67
"229",2020-10-15,6200,1405,300,107,90.1,86,3,25,52,5,8,49,41,0,411,55,2119,0.021710000038147,105,0.00952000021934509,2.11344829603708,3.83417743148699,78.6478666242012,1370.45913830914,86
"230",2020-10-16,6275,1426,301,78,87.4,75,2,10,59,4,8,47,39,1,415,61,3126,0.0214299988746643,280,0.0035699999332428,1.99617664308598,2.33042123023616,69.583573574495,1392.88812979065,75
"231",2020-10-17,6322,1408,302,64,87,47,1,10,36,6,8,49,41,1,421,37,3037,0.0214000010490417,149,0,2.03991849296735,3.63053187472826,46.12202984111,1374.58967611575,47
"232",2020-10-18,6379,1374,305,74,77.6,57,1,11,40,2,6,47,41,3,423,41,1144,0.0271000003814697,37,0.0540500020980835,2.79443272769098,2.37408993311661,50.6672682885171,1329.33723483957,57
"233",2020-10-19,6443,1353,307,69,78.6,64,1,6,57,3,6,46,40,2,426,58,1334,0.0374799990653992,27,0,3.67364575703472,4.68495974400046,61.5214910859685,1295.18236964337,64
"234",2020-10-20,6521,1357,309,46,74.6,78,3,14,57,4,5,45,40,2,430,60,1595,0.0250799989700317,48,0.0208299994468689,2.49558358677117,1.32449919625083,72.2582389000283,1317.60716978897,78
"235",2020-10-21,6609,1381,312,69,72.4,88,1,46,40,4,4,44,40,3,434,41,2258,0.0305599999427795,446,0.00897000014781952,2.69989274913919,2.72589064213662,85.7123566623292,1337.62840367504,88
"236",2020-10-22,6674,1367,312,88,69.7,65,1,24,36,1,3,43,40,0,435,37,2238,0.0268099999427795,87,0.0114900004863739,2.62367354469915,3.67398226488401,59.8707847461277,1325.2800742691,65
"237",2020-10-23,6753,1369,313,92,71.7,79,1,13,64,2,3,36,33,1,437,65,2768,0.0245700001716614,65,0.0153799998760223,2.4359145946735,3.1347996314509,76.1582077974834,1330.20902268854,79
"238",2020-10-24,6818,1362,317,63,71.6,65,2,17,41,2,3,36,33,4,439,43,2358,0.0211999988555908,191,0,1.96114544140773,3.17340545976038,59.0190576735136,1330.92922212385,65
"239",2020-10-25,6888,1343,319,69,70.9,70,1,24,42,3,3,38,35,2,442,43,1751,0.0308400011062622,77,0,2.95409419787008,2.97200043941531,65.5223961599509,1296.85065215847,70
"240",2020-10-26,6961,1302,320,77,72,73,1,16,51,4,3,39,36,1,446,52,995,0.0392000007629395,121,0.0165299999713898,3.67420526484435,5.09316740714989,65.7775501252686,1246.35327429038,73
"241",2020-10-27,7039,1272,322,61,74.1,78,0,15,60,1,3,31,28,2,447,60,1354,0.0288000011444092,116,0,2.65273479928776,3.06682034256294,73.148557192621,1232.74941248357,78
"242",2020-10-28,7151,1278,325,94,77.7,112,2,69,38,2,2,29,27,3,449,40,1900,0.0405299997329712,166,0.01807000041008,3.87253724882471,2.30931647024478,107.198140968189,1220.43060393364,112
"243",2020-10-29,7215,1263,326,65,74.4,64,0,18,42,9,2,37,35,1,458,42,2190,0.0292199993133545,96,0,2.79929127280168,8.46009387817097,58.6323889648052,1221.87398244164,64
"244",2020-10-30,7265,1232,328,122,78.7,50,1,9,36,4,2,40,38,2,462,37,2789,0.0358599996566772,105,0.0571400022506714,3.66320799166528,3.45676265896321,44.4233746036534,1179.50263545138,50
"245",2020-10-31,7304,1162,329,83,81.6,39,0,5,32,2,2,39,37,1,464,32,2352,0.0276399993896484,322,0,2.43116224997955,2.67070266422989,36.0950405119015,1129.13865858842,39
"246",2020-11-01,7354,1122,332,50,78.9,50,1,6,40,1,2,37,35,3,465,41,1714,0.0256699991226196,104,0,2.42015283257261,3.82749186433727,45.8457713099897,1090.41354658069,50
"247",2020-11-02,7418,1075,332,56,75.9,64,3,8,47,6,2,42,40,0,471,50,1030,0.0174800002574921,14,0.0714300012588501,1.82034677038704,0.771351742607932,56.9412599355096,1052.23708861346,64
"248",2020-11-03,7489,1003,333,36,72.3,71,1,36,33,1,2,43,41,1,472,34,1456,0.0219799995422363,13,0,2.17854862719511,1.61055221211797,69.1383886899627,977.582466353899,71
"249",2020-11-04,7554,927,337,53,66.4,65,5,1,51,1,1,40,39,4,473,56,1466,0.0272900009155273,295,0.0033899998664856,2.32863096551825,2.13172052746231,55.4831106186142,901.890063275989,65
"250",2020-11-05,7601,884,337,45,63.6,47,0,6,34,5,2,43,41,0,478,34,2536,0.0240499997138977,41,0,2.36673648717286,1.45150873208012,39.0639607949208,859.66298066794,47
"251",2020-11-06,7675,878,341,79,57.4,74,1,12,58,4,3,46,43,4,482,59,2342,0.0234800004959106,116,0.0258599996566772,2.35923194148077,3.08675199066455,69.3808470815364,853.904809111677,74
"252",2020-11-07,7710,845,346,75,56.3,35,3,4,25,3,4,46,42,5,485,28,2499,0.0276099991798401,142,0,2.61254782091709,2.23809339275942,31.1490824208314,819.320523057233,35
"253",2020-11-08,7747,783,346,47,55.9,37,1,5,29,1,4,47,43,0,486,30,1176,0.0204099988937378,92,0.0108700001239777,1.97178223268467,3.78824395057803,34.3119097255026,765.040843835617,37
"254",2020-11-09,7817,751,350,31,52.3,70,3,24,41,7,4,46,42,4,493,44,711,0.0210999989509583,20,0.1,2.3258685710166,1.98341074743371,66.8095721940338,730.681561766351,70
"255",2020-11-10,7884,760,350,51,54.4,67,0,11,54,3,5,47,42,0,496,54,1374,0.0334800004959106,17,0,3.30708272332,5.7820634029157,62.9226769781782,730.763601915101,67
"256",2020-11-11,7940,759,353,78,58,56,0,6,48,2,5,46,41,3,498,48,2375,0.0261100006103516,241,0.0290499997138977,2.63808491516186,3.7756309552385,52.5270255156323,735.708590965936,56
"257",2020-11-12,7982,749,355,58,59.9,42,1,8,31,3,3,43,40,2,501,32,2318,0.0215700006484985,214,0.00467000007629395,2.01416435701211,3.47628327024555,39.250261003566,731.451421614717,42
"258",2020-11-13,8020,725,357,81,60.1,38,1,7,26,0,3,36,33,2,501,27,2719,0.0217000007629395,200,0,2.02131901591067,1.80719775825291,33.3651606449714,707.953387689047,38
"259",2020-11-14,8041,702,357,50,56.6,21,3,2,14,3,3,37,34,0,504,17,1710,0.015789999961853,245,0.0163300001621246,1.58576726212221,2.33575846179843,18.6864162242982,689.050834673963,21
"260",2020-11-15,8071,658,360,29,54,30,1,1,25,0,2,35,33,3,504,26,984,0.0152400004863739,306,0.00653999984264374,1.31762794034426,2.03244545604088,26.6014972164212,647.914814169429,30
"261",2020-11-16,8115,619,363,11,51.1,44,0,3,39,3,2,33,31,3,507,39,735,0.0122399997711182,53,0,1.1416751055548,2.50163097721404,41.4820684653355,610.779496924171,44
"262",2020-11-17,8156,597,363,39,49.4,41,1,10,29,1,2,32,30,0,508,30,1828,0.020789999961853,38,0,2.03666237568421,2.49217400763048,39.289268586605,582.856444873439,41
"263",2020-11-18,8197,589,363,66,47.7,41,3,6,30,1,2,32,30,0,509,33,2684,0.0204900002479553,20,0.05,2.07082694768906,2.17659233125405,38.2050808425101,574.811897461771,41
"264",2020-11-19,8217,573,364,53,47,20,2,1,17,0,2,30,28,1,509,19,2476,0.0121200001239777,187,0.0160399997234344,1.23952685900304,2.48729566505321,19.7260478213079,564.738179032076,20
"265",2020-11-20,8242,530,364,28,39.4,25,1,2,20,1,2,30,28,0,510,21,2643,0.00757000029087067,222,0.0225200009346008,0.872842966012306,2.53055995659579,22.7867835898485,524.618823934271,25
"266",2020-11-21,8271,498,365,27,36.1,29,4,4,19,2,2,31,29,1,512,23,1495,0.0187300002574921,71,0,1.7880811229215,2.12372135582942,26.5216120077072,487.641859992964,29
"267",2020-11-22,8298,484,368,26,35.7,27,3,4,19,3,4,31,27,3,515,22,1220,0.0147500002384186,36,0,1.4327229530948,2.45111811266482,25.6333513288619,475.933729234963,27
"268",2020-11-23,8338,467,370,20,37,40,2,10,25,1,3,27,24,2,516,27,922,0.0173500001430511,13,0,1.71087701945381,1.40900043323138,36.4626617297844,457.706038067012,40
"269",2020-11-24,8382,477,370,21,34.4,44,2,7,34,1,3,23,20,0,517,36,1403,0.00855000019073486,41,0.0975599956512451,1.10772923056108,0.910961905709608,42.536124609894,470.853651081095,44
"270",2020-11-25,8437,485,371,38,30.4,55,4,10,39,2,2,23,21,1,519,43,2618,0.0122200000286102,72,0.0138900005817413,1.22646989281736,2.48441558484945,52.3865339078767,478.080673146981,55
"271",2020-11-26,8482,500,372,60,31.4,45,3,4,37,3,2,23,21,1,522,40,3059,0.0143799996376038,224,0.00446000009775162,1.37031553193196,3.3749029761795,43.3624037009865,492.030046262332,45
"272",2020-11-27,8528,511,374,56,35.4,46,2,3,40,3,1,24,23,2,525,42,3154,0.0177600002288818,336,0.00298000007867813,1.63370546556817,2.50033760734067,44.2018431076903,501.289091143565,46
"273",2020-11-28,8573,514,375,60,40.1,45,2,3,40,2,1,25,24,1,527,42,2597,0.0119400000572205,191,0,1.11220158352229,3.03931576453824,44.4566270492231,507.350150078588,45
"274",2020-11-29,8618,526,377,23,39.7,45,0,4,38,5,1,28,27,2,532,38,898,0.0245000004768372,12,0,2.41769235474723,0.952814523580083,40.9313146654637,511.207145106156,45
"275",2020-11-30,8662,533,378,45,43.3,44,1,7,35,1,1,25,24,1,533,36,1135,0.0229099988937378,61,0,2.17415123280873,3.61651337043747,42.0895471353069,519.520239531071,44
"276",2020-12-01,8715,554,378,34,45.1,53,2,11,39,3,1,27,26,0,536,41,1906,0.0141700005531311,113,0.0176999998092651,1.43675686145195,2.62518408367467,51.3147763365447,544.741124157214,53
"277",2020-12-02,8757,568,379,50,46.9,42,1,5,34,6,1,31,30,1,542,35,2859,0.0101400005817413,81,0.0123500001430511,1.0200888324757,3.55783513196781,39.5846910854045,561.260129614564,42
"278",2020-12-03,8795,567,380,40,44,38,0,6,31,3,1,33,32,1,545,31,3327,0.0102199995517731,202,0,0.963500666158941,1.75985067122795,36.6525607099193,560.645223307234,38
"279",2020-12-04,8837,570,382,54,43.7,42,1,5,32,2,1,31,30,2,547,33,2994,0.0110199999809265,165,0.0121200001239777,1.10774548791865,1.95528421806862,37.574774651763,562.655198530452,42
"280",2020-12-05,8872,559,382,45,41.6,35,3,2,29,1,1,31,30,0,548,32,2277,0.0184500002861023,209,0,1.68988940673592,4.87634093753382,33.3709669305388,548.01157856785,35
"281",2020-12-06,8911,553,383,33,43,39,0,7,30,1,2,31,29,1,549,30,1397,0.0157500004768372,20,0,1.55276998349623,2.29462581173585,36.4581318837017,543.011564389568,39
"282",2020-12-07,8964,555,384,24,40,53,0,4,44,2,1,30,29,1,551,44,1068,0.0168499994277954,25,0.04,1.73795053878184,2.20949675139829,47.110480844644,543.77992883585,53
"283",2020-12-08,9011,560,384,57,43.3,47,1,1,44,0,1,27,26,0,551,45,2367,0.01942999958992,69,0,1.88796424586785,2.48557883504358,45.0117393685926,547.701645475819,47
"284",2020-12-09,9066,571,386,39,41.7,55,2,3,48,1,3,24,21,2,552,50,2911,0.00962000012397766,167,0.00598999977111816,0.942305078709412,2.11593909398477,52.4519417091117,564.741174318055,55
"285",2020-12-10,9110,569,386,57,44.1,44,2,0,42,1,3,23,20,0,553,44,3091,0.0139100003242493,252,0.00397000014781952,1.3160709255012,2.11600420845722,43.3264075864547,560.28922537938,44
"286",2020-12-11,9149,553,386,49,43.4,39,6,2,30,1,2,23,21,0,554,36,3047,0.0118099999427795,32,0,1.16872587936503,1.96298971784485,37.5105815047032,545.481988113913,39
"287",2020-12-12,9178,538,387,56,45,29,2,5,22,0,2,20,18,1,554,24,2616,0.0156700003147125,24,0,1.5527545766397,2.51938540206891,28.5665098081699,528.282594866474,29
"288",2020-12-13,9218,536,388,28,44.3,40,5,2,33,0,2,19,17,1,554,38,1502,0.0119799995422363,47,0,1.16165005244926,2.2330190896378,39.4865192949474,528.757219528732,40
"289",2020-12-14,9260,533,388,19,43.6,42,3,4,35,2,2,20,18,0,556,38,917,0.0174500000476837,20,0,1.70775347318313,2.11256631975434,41.2451268300491,522.411910537267,42
"290",2020-12-15,9308,543,389,51,42.7,48,2,7,38,1,1,20,19,1,557,40,2079,0.0134700000286102,49,0,1.31598355542672,1.96292782330432,46.3876839129746,534.687809118631,48
"291",2020-12-16,9362,559,389,54,44.9,54,3,4,46,0,1,18,17,0,557,49,2312,0.0168700003623962,94,0,1.62109064164007,5.27086895122137,52.0760071841105,548.458939100362,54
"292",2020-12-17,9400,555,390,60,45.3,38,1,5,30,1,0,17,17,1,558,31,3207,0.0134099996089935,83,0.0241000008583069,1.36796865706023,3.13966063073035,35.506709153657,546.168502589665,38
"293",2020-12-18,9441,544,390,23,41.6,41,3,4,34,0,0,16,16,0,558,37,3298,0.00727999985218048,170,0.00587999999523163,0.72113724082124,2.25018962699561,40.6896263355188,539.436668284384,41
"294",2020-12-19,9480,541,390,46,40.1,39,1,7,28,3,0,19,19,0,561,29,2799,0.0117900002002716,140,0,1.12283805922287,1.9708949338848,35.6212258444532,533.933902822386,39
"295",2020-12-20,9524,536,390,24,39.6,44,5,2,34,0,0,16,16,0,561,39,1360,0.0161800003051758,51,0,1.55951810170369,1.90875089286313,40.2925101021977,526.27654909687,44
"296",2020-12-21,9598,556,390,28,40.9,74,7,8,59,1,0,15,15,0,562,66,1365,0.00658999979496002,32,0.03125,0.715486737302823,1.84858601702951,73.4506985578426,551.37255148728,74
"297",2020-12-22,9680,598,390,67,43.1,82,5,7,68,2,0,15,15,0,564,73,3021,0.0225099992752075,48,0,2.21579367254487,1.47794470582083,78.1184429373902,582.586696939169,82
"298",2020-12-23,9780,665,390,52,42.9,100,5,6,88,1,1,13,12,0,565,93,2652,0.0199800002574921,199,0.0150800001621246,1.96379799070964,1.77574435160676,96.8755575256402,649.809094134954,100
"299",2020-12-24,9853,693,390,55,42.1,73,11,5,55,2,1,13,12,0,567,66,3469,0.01557000041008,144,0,1.49494413015686,2.23005938215828,69.8522848519381,680.94899094535,73
"300",2020-12-25,9916,722,390,52,46.3,63,6,2,54,0,1,10,9,0,567,60,2537,0.0295600008964539,161,0,2.77960423551903,2.94888319570339,60.0600102691782,698.655456905778,63
"301",2020-12-26,10009,765,390,86,52,93,5,4,83,2,2,12,10,0,569,88,951,0.0199800002574921,50,0,1.89819982466283,1.84595271557421,90.0569238685993,748.108485903164,93
"302",2020-12-27,10120,830,391,35,53.6,111,8,6,95,2,4,12,8,1,571,103,1480,0.0270300006866455,32,0.0625,2.77806885028012,2.15999548720759,105.671523880177,803.178299228607,111
"303",2020-12-28,10254,926,391,65,58.9,134,15,7,110,1,2,13,11,0,572,125,1188,0.04125,39,0.0256399989128113,4.07538385962507,2.46587530764881,126.074244203695,882.102001060971,134
"304",2020-12-29,10374,1003,391,112,65.3,120,5,15,100,3,4,12,8,0,575,105,1880,0.0505299997329712,25,0.04,5.03918107600976,1.74730881690661,113.845192428834,944.206933391622,120
"305",2020-12-30,10511,1094,391,88,70.4,137,12,10,115,3,5,13,8,0,578,127,2458,0.0573600006103516,62,0,5.59487625000969,3.55897163153186,128.734684767316,1022.80114279877,137
"306",2020-12-31,10637,1182,391,147,83.6,126,0,9,117,2,5,13,8,0,580,117,2652,0.0331800007820129,144,0,3.14711595400209,2.0943260967444,121.716844692787,1138.72914894764,126
"307",2021-01-01,10754,1237,392,88,88.7,117,0,5,111,2,6,13,7,1,582,111,2759,0.0391400003433228,134,0.0149300003051758,3.80186246070242,4.08563829596986,111.091095354729,1182.29445904324,117
"308",2021-01-02,10866,1296,392,133,95.4,112,2,8,100,2,6,15,9,0,584,102,2369,0.0295499992370605,431,0,2.50014100687844,2.65064076371723,107.033598780412,1258.30925509229,112
"309",2021-01-03,10989,1323,393,107,105.7,123,0,5,118,3,5,18,13,1,587,118,1516,0.0600299978256226,126,0.0238100004196167,5.72506313986087,2.81638538365168,115.141719914596,1234.89402921195,123
"310",2021-01-04,11165,1435,393,115,112.9,176,4,30,141,5,8,21,13,0,592,145,1386,0.0533900022506714,155,0.00644999980926514,4.86685873393035,4.38300291416844,166.791156828146,1353.76075895441,176
"311",2021-01-05,11308,1510,395,106,112,143,2,19,122,6,8,23,15,2,598,124,2417,0.0575099992752075,97,0.0103100001811981,5.56888378145397,6.02770426727318,134.967420073373,1412.1839057322,143
"312",2021-01-06,11492,1605,395,132,118.3,184,11,42,130,7,7,28,21,0,605,141,2627,0.0513899993896484,211,0.0142200005054474,4.86264793880394,4.87007276423832,175.024514021982,1514.21521280341,184
"313",2021-01-07,11609,1640,395,188,124.1,117,2,7,107,6,9,32,23,0,611,109,2311,0.048899998664856,91,0.0109899997711182,4.74637747267502,4.36882643461247,109.98197499525,1549.45356873588,117
"314",2021-01-08,11741,1671,395,186,138.1,132,6,13,112,0,11,30,19,0,611,118,2661,0.0368300008773804,249,0,3.36785678126148,2.1016261611449,126.37724541579,1605.53709398123,132
"315",2021-01-09,11841,1682,397,154,141.1,100,6,2,92,4,11,30,19,2,615,98,3020,0.0324499988555908,375,0.00266999989748001,2.91606027998348,2.71699564278379,96.6757950725327,1624.94578889796,100
"316",2021-01-10,11934,1666,397,119,142.9,93,5,3,83,5,11,34,23,0,620,88,1824,0.0509899997711182,78,0,4.88989272252994,2.68286909590522,85.9945028385272,1571.23683782939,93
"317",2021-01-11,12098,1717,397,66,135.9,164,2,25,135,3,13,34,21,0,623,137,1608,0.0342000007629395,115,0,3.1917354165297,3.33730960046844,156.913574758924,1653.25261212461,164
"318",2021-01-12,12238,1745,398,159,143.4,140,1,22,115,4,13,35,22,1,627,116,2211,0.0705600023269653,74,0.0135099995136261,6.87124311198813,3.59118593039792,128.728318172253,1605.5251311257,140
"319",2021-01-13,12327,1733,402,172,149.1,89,0,9,76,2,11,34,23,4,629,76,2532,0.0375200009346008,173,0.0115600001811981,3.58597125315181,3.46395621124364,81.8298076628424,1660.71127210139,89
"320",2021-01-14,12419,1721,402,130,140.9,92,2,14,75,9,10,41,31,0,638,77,2581,0.0337100005149841,146,0,3.19052113418313,2.48171942189727,88.1422938674519,1657.12841228422,92
"321",2021-01-15,12514,1689,404,144,134.9,95,6,7,80,5,11,41,30,2,643,86,2923,0.0372900009155273,206,0.00485000014305115,3.51542897748658,2.28327490837835,89.4832459572216,1619.93258629939,95
"322",2021-01-16,12575,1640,405,119,129.9,61,0,1,58,2,9,39,30,1,645,58,2470,0.0323900008201599,289,0,2.89972098679938,1.76354742875526,57.0436370871568,1584.68215211961,61
"323",2021-01-17,12655,1579,407,74,123.4,80,2,3,72,2,9,39,30,2,647,74,2036,0.026029999256134,32,0,2.5627213967838,2.46636175898851,74.7940364581409,1531.92950766763,80
"324",2021-01-18,12776,1600,408,63,123,121,2,45,72,7,10,43,33,1,654,74,1021,0.0391799998283386,48,0,3.74207481990026,1.92581303396861,115.7788614736,1530.35376159136,121
"325",2021-01-19,12850,1542,415,81,111.9,74,3,24,47,8,9,45,36,7,662,50,2337,0.0410799980163574,89,0,3.95729412053699,4.15480829556039,71.6983803852416,1471.01805108085,74
"326",2021-01-20,12911,1500,415,166,111,61,1,8,50,2,7,37,30,0,664,51,3065,0.0225099992752075,163,0.00612999975681305,2.16828803404187,1.56058751672095,57.7136700988256,1462.16676761252,61
"327",2021-01-21,12982,1468,417,81,104,71,1,9,60,3,7,37,30,2,667,61,2636,0.0242799997329712,117,0,2.32481217929938,3.53915100426212,68.3503837616271,1428.30103872243,71
"328",2021-01-22,13061,1438,418,95,97,79,1,3,74,5,6,37,31,1,672,75,2311,0.0307200002670288,111,0.00901000022888184,2.97250332958338,2.69872711730913,75.4067234731941,1388.27824472604,79
"329",2021-01-23,13109,1371,418,84,92,48,1,4,40,4,9,39,30,0,676,41,2122,0.0329900002479553,276,0,2.91929860409346,2.55923132505747,43.6077167697009,1324.4434071039,48
"330",2021-01-24,13155,1287,419,44,87.7,46,2,9,35,2,8,37,29,1,678,37,1247,0.0224499988555908,36,0,2.18200690357925,1.79327654962042,45.060875738693,1254.33370474859,46
"331",2021-01-25,13218,1228,419,29,82.9,63,1,18,43,4,7,38,31,0,682,44,825,0.0206100010871887,48,0,1.94768051511234,2.16783343944598,61.0031366900002,1200.17845125728,63
"332",2021-01-26,13280,1165,420,74,81.9,62,1,19,40,8,5,40,35,1,690,41,2354,0.024210000038147,79,0,2.3423896461076,2.60262049592699,58.8828584309502,1133.25683102578,62
"333",2021-01-27,13358,1124,422,80,69.6,78,0,27,50,1,4,30,26,2,691,50,2800,0.0196399998664856,175,0.00570999979972839,1.88205880978528,3.12938206729844,75.9053673189844,1099.39265733077,78
"334",2021-01-28,13396,1063,422,66,67.4,38,1,3,33,3,5,30,25,0,694,34,2355,0.0212299990653992,209,0.0287100005149841,2.18397183723271,4.98344507291989,36.1362438220232,1035.99491714149,38
"335",2021-01-29,13425,961,422,73,64.3,29,1,2,26,3,4,31,27,0,697,27,2847,0.0122899997234344,180,0.00555999994277954,1.18898015204223,2.25201133595479,28.6265748321156,947.708830135671,29
"336",2021-01-30,13444,864,423,42,58.3,19,1,6,12,2,5,33,28,1,699,13,2155,0.0157799994945526,216,0,1.43424288953019,3.38430486666267,18.7831141226193,849.585430918695,19
"337",2021-01-31,13486,805,424,25,55.6,42,3,5,34,4,6,32,26,1,703,37,922,0.0195200002193451,24,0,1.90247782264653,2.49565727669016,41.1811835806224,787.185210335163,42
"338",2021-02-01,13526,714,424,26,55.1,40,6,7,25,4,5,29,24,0,707,31,548,0.0292000007629395,29,0,2.77324097367259,4.56128594999114,36.9999665709038,690.966971987913,40
"339",2021-02-02,13568,651,425,59,53,42,4,5,31,3,5,27,22,1,710,35,2439,0.0221399998664856,107,0.0280399990081787,2.23879574109322,3.34519408908067,39.0885187646081,634.04644902171,42
"340",2021-02-03,13631,636,425,54,49.3,63,4,22,36,2,4,26,22,0,712,40,2865,0.0129100000858307,212,0,1.20205233168362,5.50574682966426,61.4406951537494,627.107052944616,63
"341",2021-02-04,13713,638,425,51,47.1,82,3,43,33,2,5,25,20,0,714,36,2814,0.0127900004386902,90,0,1.23936161275738,3.82106494143226,78.4810019129773,628.802200568876,82
"342",2021-02-05,13771,637,427,72,47,58,1,8,48,2,5,21,16,2,716,49,2435,0.0160199999809265,149,0,1.50962461120573,2.73564052690951,56.1395408377456,625.814030890693,58
"343",2021-02-06,13796,606,427,61,49.7,25,1,4,19,3,6,21,15,0,719,20,2369,0.0143499994277954,205,0.0146300005912781,1.43722994427581,2.31687171017723,23.6656344936813,595.868725158544,25
"344",2021-02-07,13821,561,429,33,50.9,25,1,2,19,3,4,23,19,2,722,20,1004,0.0249000000953674,75,0,2.31692308579693,2.7037073599508,21.4609775813749,545.880421157566,25
"345",2021-02-08,13868,558,431,23,50.4,47,1,7,38,2,5,21,16,2,724,39,852,0.0140799999237061,29,0,1.36165266004513,3.9865363245606,45.3822736008994,549.16176075133,47
"346",2021-02-09,13923,577,431,43,48.1,55,5,8,39,0,2,18,16,0,724,44,2244,0.0178299999237061,149,0,1.67198160588368,2.27922950861713,51.1442451136274,565.777941603705,55
"347",2021-02-10,13980,594,432,41,46.3,57,0,6,50,3,4,19,15,1,727,50,2791,0.0125399994850159,100,0,1.21062395581734,2.27063472881711,55.2958835613595,585.635096708951,57
"348",2021-02-11,14040,620,433,51,46.3,60,1,11,46,1,3,16,13,1,728,47,2563,0.0152199995517731,58,0,1.48831968146488,2.04951111844799,57.1863094004395,609.26620911218,60
"349",2021-02-12,14091,623,435,52,43.4,51,0,8,41,3,2,16,14,2,731,41,2612,0.0157000005245209,173,0,1.47247401687786,3.4311312726669,48.2977419720355,612.329103623856,51
"350",2021-02-13,14124,622,435,46,41.3,33,0,3,29,6,2,21,19,0,737,29,2099,0.0219199991226196,46,0.0217400002479553,2.19161390068926,1.72289349823138,31.260688843151,606.143050359997,33
"351",2021-02-14,14165,597,437,48,43.4,41,0,4,35,4,2,21,19,2,741,35,1175,0.0170200002193451,10,0,1.6876371525511,0.875839824893371,38.3129120408504,585.280242525362,41
"352",2021-02-15,14227,619,438,34,45,62,2,8,51,4,2,23,21,1,745,53,867,0.0265300011634827,26,0,2.57575711184093,2.57790086866114,59.4120164724825,600.45355087673,62
"353",2021-02-16,14278,614,438,61,47.6,51,3,13,32,3,2,24,22,0,748,35,1561,0.0333100008964539,23,0,3.28263329541442,1.26478059670304,46.6635410294366,590.554691202117,51
"354",2021-02-17,14335,629,439,49,48.7,57,5,6,44,2,2,25,23,1,750,49,2063,0.0184200000762939,222,0,1.66303983183345,2.33152104105217,54.0520968922518,616.832019290334,57
"355",2021-02-18,14407,645,439,68,51.1,72,3,12,53,3,3,26,23,0,753,56,2348,0.0212899994850159,116,0,2.02877105482213,3.21346342372126,66.6784418330375,629.778481826949,72
"356",2021-02-19,14461,649,440,58,52,54,2,16,33,1,3,26,23,1,754,35,2576,0.0151400005817413,96,0,1.45960484650321,7.36789262824127,50.4057508667472,637.980923214826,54
"357",2021-02-20,14509,627,440,66,54.9,48,0,3,44,4,3,26,23,0,758,44,2384,0.0255900001525879,68,0,2.48803264126303,2.38664498931502,45.7265732573116,608.853668916691,48
"358",2021-02-21,14551,616,440,53,55.6,42,0,7,33,2,4,24,20,0,760,33,1000,0.03,28,0,2.91828793774319,4.66986090239479,38.8797697502572,595.089035338135,42
"359",2021-02-22,14616,631,440,32,55.3,65,0,11,54,1,6,23,17,0,761,54,863,0.0150600004196167,66,0,1.39900757396439,4.22742182987856,64.1212222722443,620.731319514558,65
"360",2021-02-23,14671,637,440,47,53.3,55,0,7,47,3,6,25,19,0,764,47,2036,0.019650000333786,84,0,1.88714154149001,3.69024913559254,52.9682664608458,623.016717777847,55
"361",2021-02-24,14717,643,441,60,54.9,46,2,10,34,1,6,24,18,1,765,36,2874,0.0187899994850159,41,0,1.85257147581254,1.06134342721001,45.2242126574501,629.143576076122,46
"362",2021-02-25,14750,639,441,43,51.3,33,1,5,25,1,6,23,17,0,766,26,2376,0.0185199999809265,128,0.00781000018119812,1.79725239528254,2.23931821455076,30.4564398185677,625.640963233261,33
"363",2021-02-26,14815,642,441,56,51,65,5,12,43,1,6,21,15,0,767,48,2639,0.0181900000572205,181,0,1.70224858691506,2.43858728990682,59.0495496486234,629.287726550338,65
"364",2021-02-27,14861,647,442,71,51.7,46,0,4,34,3,6,23,17,1,770,34,2535,0.0209100008010864,47,0.0212800002098083,2.09167358794017,2.21528764897999,37.1727475816797,631.257873098434,46
"365",2021-02-28,14926,658,442,49,51.1,65,2,8,54,7,6,28,22,0,777,56,1552,0.0257699990272522,94,0,2.42983222905804,4.4043547683517,62.4171872824053,639.401950568262,65
"366",2021-03-01,15004,674,442,54,54.3,78,4,7,65,3,6,29,23,0,780,69,996,0.0291199994087219,45,0,2.78612098089213,2.08439203037456,73.7637812872447,652.156356342071,78
"367",2021-03-02,15067,683,443,62,56.4,63,1,6,54,3,4,29,25,1,783,55,2006,0.0259200000762939,41,0,2.54008403287961,1.27699608049181,59.3749153435028,662.81940326568,63
"368",2021-03-03,15126,693,443,65,57.1,59,0,5,51,6,5,32,27,0,789,51,2676,0.0209299993515015,109,0,2.01108360016581,3.23061710627477,54.8069311235221,676.78829938433,59
"369",2021-03-04,15184,690,443,61,59.7,58,3,3,51,1,5,31,26,0,790,54,2414,0.0202999997138977,225,0.00444000005722046,1.89477829944008,3.54728827212227,55.8098070378101,674.791978816463,58
"370",2021-03-05,15257,694,444,52,59.1,73,1,10,57,1,2,28,26,1,791,58,2440,0.0188499999046326,154,0,1.77309174122218,4.35208158050662,66.8037432086097,679.686168737503,73
"371",2021-03-06,15313,707,446,46,55.6,56,3,3,47,0,2,26,24,2,791,50,1957,0.0209500002861023,25,0,2.06857470029779,1.84125727891946,51.7968869738314,689.987981809977,56
"372",2021-03-07,15353,698,447,54,56.3,40,1,0,38,2,5,25,20,1,793,39,1752,0.0194099998474121,16,0.0625,1.97999545999242,3.04513283462027,38.1017566361629,681.923746975429,40
"373",2021-03-08,15436,740,448,38,54,83,1,9,65,6,4,29,25,1,799,66,1170,0.0205100011825562,142,0,1.82901687374929,2.20796459001398,73.5958068066111,724.256015710488,83
"374",2021-03-09,15493,747,448,70,55.1,57,0,8,47,1,3,27,24,0,800,47,2105,0.0318300008773804,57,0,3.09908195406502,2.31545606203876,53.3056772784135,720.071083552657,57
"375",2021-03-10,15574,771,448,76,56.7,81,5,8,65,0,2,24,22,0,800,70,2655,0.0180799996852875,173,0,1.69739742448509,3.50376231158731,76.6178766798392,755.776898859372,81
"376",2021-03-11,15635,768,451,73,58.4,61,1,7,52,1,2,20,18,3,801,53,2321,0.0280100011825562,86,0,2.70092283941474,3.53514300090811,58.3348503791878,743.87103945691,61
"377",2021-03-12,15717,773,451,94,64.4,82,5,4,67,2,2,17,15,0,803,72,2361,0.0228699994087219,133,0,2.16503883736938,4.30931061174011,74.1867261284227,753.532490239871,82
"378",2021-03-13,15785,792,451,56,65.9,68,5,3,54,5,4,22,18,0,808,59,2353,0.0187000000476837,99,0,1.79449837325448,2.98210650448341,60.7684266107344,775.467692808502,68
"379",2021-03-14,15853,817,451,65,67.4,68,2,10,51,2,3,23,20,0,810,53,1535,0.0299699997901916,36,0,2.92832270387932,2.12089760593439,61.1946557788237,789.170448515075,68
"380",2021-03-15,15960,863,452,58,70.3,107,4,3,97,4,5,25,20,1,814,101,1000,0.0320000004768372,13,0,3.15893390689409,1.71280759637072,100.28869087787,831.288517104965,107
"381",2021-03-16,16046,880,453,85,72.4,86,7,4,72,5,6,27,21,1,819,79,1583,0.0341100001335144,9,0,3.39171672181867,2.4727230289286,79.8831788679229,845.280979794585,86
"382",2021-03-17,16134,907,454,77,72.6,88,3,5,76,3,5,27,22,1,822,79,2842,0.0267400002479553,175,0,2.51889561500461,3.31214903244152,81.6852586090584,880.424424790075,88
"383",2021-03-18,16228,944,455,63,71.1,94,6,3,81,2,5,24,19,1,824,87,2566,0.0284500002861023,161,0,2.67703339692477,3.0827252229246,87.290817524499,914.603813139391,94
"384",2021-03-19,16355,996,457,118,74.6,127,7,6,106,2,4,24,20,2,826,113,2615,0.0382399988174438,97,0,3.6872270246171,6.38150470567314,114.153329028607,953.280670022055,127
"385",2021-03-20,16458,1050,458,84,78.6,103,5,6,87,4,4,27,23,1,830,92,1997,0.0435699987411499,151,0.00662000000476837,4.09724895189927,4.62310668447594,93.6152443535215,999.956593165191,103
"386",2021-03-21,16542,1077,459,88,81.9,84,5,1,76,4,4,29,25,1,834,81,1306,0.0421099996566772,87,0,3.94800140356213,3.95629928929508,78.2801319658685,1027.53953243507,84
"387",2021-03-22,16692,1154,460,55,81.4,150,6,6,135,4,7,30,23,1,838,141,1150,0.0547800016403198,131,0,4.91779874210521,3.77817731721166,138.934058273604,1087.98512941659,150
"388",2021-03-23,16815,1190,461,108,84.7,123,2,0,119,5,9,31,22,1,843,121,1966,0.0350999999046326,153,0,3.25656440832976,4.42021874805101,116.41636255903,1144.9212516136,123
"389",2021-03-24,16972,1283,461,88,86.3,157,7,2,141,4,9,33,24,0,847,148,3106,0.0457200002670288,47,0,4.50384779033909,2.32411235904268,142.246270674573,1215.78354915863,157
"390",2021-03-25,17125,1369,462,126,95.3,153,7,4,136,8,10,40,30,1,855,143,3005,0.0379399991035461,282,0,3.46850311244771,2.11090155620327,141.230431394461,1313.76545859452,153
"391",2021-03-26,17274,1453,463,107,93.7,149,10,2,130,4,11,42,31,1,859,140,2390,0.0673600006103516,117,0,6.42163547900839,4.42648141776896,131.542234457199,1344.46333333079,149
"392",2021-03-27,17396,1512,465,137,101.3,122,7,3,106,5,13,44,31,2,864,113,2476,0.0626000022888184,117,0,5.97753974805686,4.51086466767479,108.142830321042,1406.86689774704,122
"393",2021-03-28,17535,1573,466,143,109.1,139,3,5,126,5,13,45,32,1,869,129,2480,0.0826599979400635,157,0,7.77386404593695,5.08584020693119,122.334808644987,1430.75700774081,139
"394",2021-03-29,17745,1722,466,114,117.6,210,7,1,190,4,12,47,35,0,873,197,1644,0.0839400005340576,40,0,8.19461762933437,2.40716908518243,179.2215329817,1557.85522738319,210
"395",2021-03-30,17957,1856,467,170,126.4,212,9,6,189,6,12,48,36,1,879,198,1968,0.0406500005722046,64,0,3.93696855935525,2.32484771655609,194.932400023789,1771.00269921289,212
"396",2021-03-31,18167,1961,468,168,137.9,210,7,5,193,8,14,54,40,1,887,200,3023,0.0793900012969971,224,0,7.3913142568778,4.21943202202171,187.804418014636,1792.39731863351,210
"397",2021-04-01,18412,2104,469,145,140.6,245,11,4,213,4,15,53,38,1,891,224,2634,0.0721299982070923,100,0.01,6.98575037591372,2.52962641947534,209.797698779846,1933.02838496784,245
"398",2021-04-02,18611,2196,470,248,160.7,199,14,7,164,6,15,57,42,1,897,178,3130,0.0939299964904785,99,0,9.10501359601108,3.8665488924077,166.147635985858,1963.41690238733,199
"399",2021-04-03,18863,2376,470,227,173.6,252,14,3,226,11,14,61,47,0,908,240,2885,0.101909999847412,36,0,10.0654005326869,3.15960729236237,214.899922412696,2097.80923188569,252
"400",2021-04-04,19095,2538,471,155,175.3,232,9,2,217,12,15,64,49,1,920,226,1818,0.0929599952697754,139,0,8.63573180380438,2.74878217240212,205.297546166372,2283.04943438165,232
"401",2021-04-05,19381,2683,472,186,185.6,286,7,4,271,5,17,67,50,1,925,278,2045,0.105620002746582,162,0,9.78671978326961,2.97904568489902,250.351934742903,2377.5620176806,286
"402",2021-04-06,19657,2819,473,156,183.6,276,6,6,249,10,19,70,51,1,935,255,1749,0.128640003204346,83,0,12.2811880788428,3.77578003395006,224.571123393799,2416.28234057694,276
"403",2021-04-07,19975,2969,474,222,191.3,318,2,6,301,12,23,76,53,1,947,303,3364,0.098100004196167,44,0,9.68334548462165,3.27949417501684,274.870237090381,2634.57337927836,318
"404",2021-04-08,20274,3142,475,175,195.6,299,22,5,261,10,29,83,54,1,957,283,3366,0.0858600044250488,194,0.0103100001811981,8.1742953631985,2.75145379628951,261.090726208411,2843.24050087218,299
"405",2021-04-09,20576,3300,477,266,198.1,302,13,2,282,14,30,88,58,2,971,295,3418,0.110299997329712,158,0,10.542656344322,4.23327815944128,260.822605806291,2895.30372596868,302
"406",2021-04-10,20863,3458,480,383,220.4,287,13,2,261,14,26,92,66,3,985,274,3187,0.0875399971008301,97,0,8.49543150914572,6.597173438992,248.922957812752,3116.27586903831,287
"407",2021-04-11,21136,3598,480,208,228,273,9,4,253,13,28,100,72,0,998,262,2714,0.145909996032715,29,0,14.43673821483,4.44380044211451,222.00173120771,2993.77949956237,273
"408",2021-04-12,21454,3695,481,266,239.4,318,17,3,295,16,27,100,73,1,1014,312,2125,0.0804699993133545,107,0,7.66123425362358,4.18372439319178,287.195278358285,3365.71010748033,318
"409",2021-04-13,21693,3719,483,250,252.9,239,13,0,222,12,28,104,76,2,1026,235,2670,0.0767799997329712,178,0,7.19812497496605,3.72289591265143,215.323291092856,3407.60561520992,239
"410",2021-04-14,21967,3789,485,394,277.4,274,12,10,250,12,28,101,73,2,1038,262,3971,0.171490001678467,97,0.0103100001811981,16.7646722390061,8.31655203537851,220.906979927868,3050.10132422401,274
"411",2021-04-15,22198,3794,485,323,298.6,231,15,3,211,19,29,107,78,0,1057,226,3902,0.130959997177124,98,0.0101999998092651,12.8001377241611,5.63594011218018,195.349749812885,3229.09270261099,231
"412",2021-04-16,22435,3835,487,354,311.1,237,3,10,219,20,24,114,90,2,1077,222,2970,0.120539999008179,244,0.00409999996423721,11.1700123536268,3.5144318545889,203.154913626031,3336.70762953076,237
"413",2021-04-17,22616,3778,490,403,314,181,6,7,167,16,23,123,100,3,1093,173,2935,0.101870002746582,121,0.00825999975204468,9.81635857431989,6.11794789201757,160.245695992813,3346.60254023612,181
"414",2021-04-18,22778,3717,490,294,326.3,162,6,8,146,10,22,121,99,0,1103,152,1949,0.0646500015258789,188,0.0159599995613098,6.03665572725616,3.47797687993828,149.3265403554,3455.99177961199,162
"415",2021-04-19,23003,3652,491,256,324.9,225,6,4,215,22,22,115,93,1,1125,221,2084,0.112279996871948,88,0.0340899991989136,10.9112077997534,5.14950133613311,196.95016464677,3188.47964384618,225
"416",2021-04-20,23192,3538,492,188,316,189,8,2,179,17,27,118,91,1,1142,187,2775,0.100539999008179,221,0,9.31236639678558,3.4185922951833,168.743384835266,3154.74917404904,189
"417",2021-04-21,23387,3429,493,206,289.1,195,4,2,184,12,25,110,85,1,1154,188,2521,0.136850004196167,236,0.0211899995803833,12.6949474239937,4.79584632540288,162.237794045291,2922.6350839431,195
"418",2021-04-22,23564,3319,496,238,277,177,8,4,161,14,22,106,84,3,1168,169,2358,0.163269996643066,213,0.00939000010490417,15.0521478843522,5.57160218682853,143.40962990682,2737.87314592151,177
"419",2021-04-23,23772,3236,499,189,253.4,208,7,8,184,21,29,112,83,3,1189,191,2507,0.0805700016021729,86,0.0116299998760223,7.82835225630487,4.08815130601781,181.607222439844,2941.32445976615,208
"420",2021-04-24,23927,3113,500,227,228.3,155,3,2,148,18,31,118,87,1,1207,151,2464,0.0852299976348877,214,0.00467000007629395,7.87924175461875,3.54598719849426,139.160302773865,2827.68226844398,155
"421",2021-04-25,24076,2979,505,139,206.1,149,2,5,138,21,30,124,94,5,1228,140,1621,0.135719995498657,93,0.0215100002288818,12.9523070434428,3.71507575255211,123.906901405185,2530.16899490032,149
"422",2021-04-26,24238,2838,510,172,194.1,162,4,7,147,11,31,122,91,5,1239,151,1304,0.115030002593994,31,0,11.2358893919527,3.49907556746836,138.264432531237,2467.07589088511,162
"423",2021-04-27,24397,2738,511,189,194.3,159,3,5,147,10,31,119,88,1,1249,150,2425,0.0610300016403198,332,0.00903999984264374,5.47693267774876,2.99643678574202,145.443609727366,2563.56402289018,159
"424",2021-04-28,24563,2633,513,186,191.4,166,3,7,154,13,27,114,87,2,1262,157,2408,0.0689400005340576,38,0,6.78689784489006,3.09886169506054,151.60529540542,2425.13211976097,166
"425",2021-04-29,24686,2525,513,159,180.1,123,2,6,111,13,29,112,83,0,1275,113,2728,0.0652500009536743,111,0.00901000022888184,6.30511139933179,3.26242418271642,110.712254171896,2339.80921932776,123
"426",2021-04-30,24838,2432,516,178,178.6,152,4,3,138,13,27,109,82,3,1288,142,2122,0.0669199991226196,179,0,6.17141408684045,2.85347828530232,134.806149789129,2257.41236821945,152
"427",2021-05-01,24962,2377,520,136,165.6,124,3,5,113,7,29,110,81,4,1295,116,2051,0.089709997177124,70,0.0285700011253357,8.76921755252498,2.29697887980121,109.167294665581,2134.53154672489,124
"428",2021-05-02,25058,2314,520,128,164,96,0,4,90,8,27,108,81,0,1303,90,1279,0.0695900011062622,21,0,6.84658549345457,1.79159966909446,86.8322679652909,2129.70964524092,96
"429",2021-05-03,25164,2197,523,103,154.1,106,3,3,100,10,22,98,76,3,1313,103,943,0.144219999313354,139,0,12.5692661139088,4.33082817008097,90.9404372754718,1875.77806499234,106
"430",2021-05-04,25269,2102,524,141,147.3,105,1,2,99,9,23,95,72,1,1322,100,2375,0.0349499988555908,55,0,3.4158949498777,2.19306855744471,98.0265319791162,2018.47770220102,105
"431",2021-05-05,25351,1988,525,114,137,82,1,2,75,8,23,89,66,1,1330,76,1874,0.0629699993133545,65,0.0307699990272522,6.18905769210922,4.00927642876466,72.5285386065196,1844.87808881264,82
"432",2021-05-06,25455,1913,527,121,131.6,104,3,6,90,12,22,88,66,2,1342,93,2122,0.0490100002288818,246,0,4.39185897321314,2.39438837336468,94.2488739736817,1815.2698485124,104
"433",2021-05-07,25568,1817,530,109,121.7,113,5,4,103,19,23,95,72,3,1361,108,2305,0.0477199983596802,82,0.0122000002861023,4.64997889579067,3.69382228544224,106.158290542237,1718.71864736338,113
"434",2021-05-08,25658,1743,534,136,121.7,90,1,3,86,4,21,86,65,4,1365,87,1905,0.0540700006484985,86,0.0116299998760223,5.22368313534544,4.79608045805552,84.7135845133255,1637.08940007731,90
"435",2021-05-09,25741,1680,537,69,113.3,83,0,5,77,4,22,83,61,3,1369,77,1151,0.157250003814697,123,0.00813000023365021,14.2853017597689,4.72531620687474,69.2048506412282,1400.83310489952,83
"436",2021-05-10,25834,1612,538,82,110.3,93,4,3,85,9,22,85,63,1,1378,89,692,0.0780299997329712,14,0,7.64826626277848,1.81980349918006,84.0819503374412,1468.58543757253,93
"437",2021-05-11,25966,1582,540,124,107.9,132,1,6,123,5,21,79,58,2,1383,124,1886,0.0403000020980835,85,0.0117599999904633,3.90692054572171,3.79546799319385,124.364642398355,1510.10374414676,132
"438",2021-05-12,26063,1523,541,117,108.3,97,3,3,90,8,22,80,58,1,1391,93,2099,0.0414499998092651,173,0.00578000009059906,3.87339302884336,3.1754735890163,91.8097519656844,1454.37905638427,97
"439",2021-05-13,26157,1498,541,78,102.1,94,1,1,91,7,20,77,57,0,1398,92,1669,0.0713000011444092,54,0.0185199999809265,6.96458397614562,2.86395885545353,85.5467065161803,1376.64093870911,94
"440",2021-05-14,26240,1419,541,128,104.9,83,2,5,74,7,21,70,49,0,1405,76,1751,0.0548299980163574,105,0,5.17280854130613,3.76905340256487,76.4269577635854,1333.61648771747,83
"441",2021-05-15,26314,1369,542,85,97.6,74,2,8,64,6,19,63,44,1,1411,66,1764,0.0442199993133545,61,0,4.2741960980141,3.34296171413817,70.7185665948846,1300.93511618783,74
"442",2021-05-16,26383,1341,543,47,94.4,69,2,3,63,7,19,66,47,1,1418,65,799,0.0363000011444092,20,0,3.54135542300158,1.64039059540391,65.3223852680688,1285.75874837662,69
"443",2021-05-17,26455,1306,545,88,95.3,72,7,5,57,10,19,70,51,2,1428,64,716,0.168990001678467,19,0,16.4621552655486,3.96666518215011,56.7444760404337,1055.9107142001,72
"444",2021-05-18,26531,1271,546,97,91.4,76,1,6,68,5,16,63,47,1,1433,69,1913,0.0240499997138977,55,0,2.33778706568528,2.31442104090477,73.1236266412779,1236.436658856,77
"445",2021-05-19,26601,1254,550,91,87.7,70,2,5,63,4,14,56,42,4,1437,65,2013,0.0561399984359741,122,0.0163900005817413,5.38685699871608,4.7888328540993,65.9270036650702,1175.42250147689,72
"446",2021-05-20,26661,1210,553,73,87,60,5,8,46,11,15,62,47,3,1448,51,1483,0.0492199993133545,64,0.0156299996376038,4.78303677818431,2.95956182066825,56.1624788175736,1142.67841900518,65
"447",2021-05-21,26739,1170,554,77,79.7,78,4,10,61,3,13,58,45,1,1451,65,1678,0.0393300008773804,193,0.0103600001335144,3.63416469791622,3.13297722939769,72.2522122828447,1120.53982109121,78
"448",2021-05-22,26794,1132,558,80,79,55,0,11,44,8,15,57,42,4,1459,44,1359,0.050770001411438,100,0,4.7290220643005,2.85946488115075,52.5795883608719,1069.72940964789,66
"449",2021-05-23,26840,1098,559,39,77.9,46,0,3,43,5,12,58,46,1,1464,43,819,0.0305299997329712,14,0.0714300012588501,3.12173947165994,2.03801576931945,44.4385419279171,1058.12834969426,62
"450",2021-05-24,26888,1048,561,65,74.6,48,2,10,36,5,11,56,45,2,1469,38,717,0.0697399997711182,31,0.032260000705719,6.81866843018302,4.3806372462752,44.9859643481546,964.876069391212,63
"451",2021-05-25,26943,978,563,56,68.7,55,1,14,39,3,11,53,42,2,1472,40,1022,0.055770001411438,19,0.0526300001144409,5.57126911091873,4.43029383070755,51.4077353112085,914.619128359047,68
"452",2021-05-26,26991,928,566,80,67.1,48,1,8,39,1,8,47,39,3,1473,40,1362,0.0286299991607666,60,0.0333299994468689,2.88283114091253,3.5547896297449,46.6586429013651,896.880515311671,67
"453",2021-05-27,27028,872,566,61,65.4,37,0,9,27,3,9,42,33,0,1476,27,1336,0.0553900003433228,112,0,5.11056909245022,2.65304589869547,34.3949142312806,820.161674432468,63
"454",2021-05-28,27052,809,569,67,64,24,0,3,19,1,7,34,27,3,1477,19,1557,0.0321099996566772,196,0.0101999998092651,2.96602791945593,1.78901587930055,21.3444677663137,781.088127523566,62
"455",2021-05-29,27079,761,570,47,59.3,27,0,5,22,5,9,37,28,1,1482,22,1064,0.0310199999809265,103,0.00971000015735626,2.913916880541,2.96319099230157,26.2542984324015,735.205504866253,63
"456",2021-05-30,27097,706,571,45,60.1,18,0,1,15,3,8,35,27,1,1485,15,694,0.0878999996185303,33,0,8.39100409013205,3.72848670380552,14.5359011223499,637.089746158601,64
"457",2021-05-31,27097,635,571,24,54.3,0,0,0,0,0,8,35,27,0,1485,0,NA,NA,NA,NA,NA,NA,NA,NA,65
