"","date","observed_cumulative_cases","observed_active_cases","observed_cumulative_deaths","observed_new_cases","observed_daily_average_cases","observed_new_episodes","observed_new_cases_community_outbreak","observed_new_cases_institution_outbreak","observed_new_cases_sporadic","observed_new_ICU_p_acute_care","observed_census_ICU","observed_census_ICU_p_acute_care","observed_census_acute_care","observed_new_deaths","cumulative_hosp","observed_new_community_cases","num_non_ltch_tests","non_ltch_pct_positivity","num_ltch_tests","ltch_pct_positivity","observed_pct_positivity","pct_positivity_7_day","adjusted_new_episodes","adjusted_active_cases","adjusted_episode_cases"
"1",2020-03-01,7,7,0,0,0,2,0,0,2,0,0,1,1,0,0,2,NA,NA,NA,NA,NA,NA,NA,NA,2
"2",2020-03-02,10,10,0,0,0,3,2,0,1,0,0,1,1,0,0,3,NA,NA,NA,NA,NA,NA,NA,NA,3
"3",2020-03-03,11,11,0,0,0,1,0,0,1,0,0,1,1,0,0,1,NA,NA,NA,NA,NA,NA,NA,NA,1
"4",2020-03-04,12,12,0,0,0,1,0,0,1,0,0,1,1,0,0,1,NA,NA,NA,NA,NA,NA,NA,NA,1
"5",2020-03-05,18,17,0,0,0,6,2,0,4,0,0,1,1,0,0,6,NA,NA,NA,NA,NA,NA,NA,NA,6
"6",2020-03-06,23,22,0,0,0,5,0,1,4,0,0,1,1,0,0,4,NA,NA,NA,NA,NA,NA,NA,NA,5
"7",2020-03-07,27,26,0,0,0,4,0,0,4,0,0,1,1,0,0,4,NA,NA,NA,NA,NA,NA,NA,NA,4
"8",2020-03-08,36,35,0,0,0,9,1,0,8,0,0,1,1,0,0,9,NA,NA,NA,NA,NA,NA,NA,NA,9
"9",2020-03-09,45,44,0,1,0.1,9,0,0,9,0,0,1,1,0,0,9,NA,NA,NA,NA,NA,NA,NA,NA,9
"10",2020-03-10,52,51,0,0,0.1,7,1,0,6,0,0,1,1,0,0,7,NA,NA,NA,NA,NA,NA,NA,NA,7
"11",2020-03-11,61,60,0,0,0.1,9,0,0,9,0,0,1,1,0,0,9,NA,NA,NA,NA,NA,NA,NA,NA,9
"12",2020-03-12,75,74,0,3,0.6,14,1,0,13,0,0,1,1,0,0,14,NA,NA,NA,NA,NA,NA,NA,NA,14
"13",2020-03-13,97,96,0,1,0.7,22,2,2,18,0,0,1,1,0,0,20,NA,NA,NA,NA,NA,NA,NA,NA,22
"14",2020-03-14,115,114,0,4,1.3,18,1,1,16,1,0,2,2,0,1,17,NA,NA,NA,NA,NA,NA,NA,NA,18
"15",2020-03-15,142,140,0,4,1.9,27,1,0,26,0,0,2,2,0,1,27,NA,NA,NA,NA,NA,NA,NA,NA,27
"16",2020-03-16,157,155,0,0,1.7,15,0,0,15,0,0,2,2,0,1,15,NA,NA,NA,NA,NA,NA,NA,NA,15
"17",2020-03-17,180,177,0,5,2.4,23,1,0,22,2,0,4,4,0,3,23,127,0,4,0,0,0,23,177,23
"18",2020-03-18,196,192,0,4,3,16,0,0,16,0,0,3,3,0,3,16,210,0.01904999971,1,0,1.89597153511848,0.947985767559242,15.8165744430514,189.798893316617,16
"19",2020-03-19,221,217,0,1,2.7,25,0,0,25,4,0,7,7,0,7,25,110,0.02726999998,9,0,2.52075630067227,1.47224261193025,24.6189526716431,213.692509189862,25
"20",2020-03-20,243,239,0,2,2.9,22,1,1,20,3,1,10,9,0,10,21,137,0.00730000019,4,0,0.709290798602837,1.2815046585984,21.9099359086948,237.974984865621,22
"21",2020-03-21,263,259,0,4,2.9,20,0,2,18,3,1,10,9,0,13,18,204,0.01470999956,3,0,1.44968111605797,1.31513995009031,19.8422196054457,256.729715433914,20
"22",2020-03-22,289,285,0,7,3.3,26,0,1,25,3,5,13,8,0,16,25,159,0.03144999981,2,0,3.10593165825466,1.61360523478437,25.5304952882111,279.647646285607,26
"23",2020-03-23,310,306,0,9,4.6,21,2,0,19,4,5,17,12,0,20,21,138,0.03622999907,3,0,3.54591480259574,1.88964945875742,20.5497480086155,299.439185268398,21
"24",2020-03-24,328,322,1,8,5,18,1,3,14,3,7,20,13,1,23,15,253,0.01975999951,4,0,1.94524508794942,2.16754161417877,17.8235695112063,318.212625507228,18
"25",2020-03-25,351,345,1,8,5.6,23,0,1,22,4,8,23,15,0,27,22,153,0.05881999969,2,0,5.80610319520645,2.72613185133419,22.2276476322225,332.888110596217,23
"26",2020-03-26,365,355,1,19,8.1,14,1,3,10,2,7,25,18,0,29,11,274,0.02555000067,3,0,2.52732858612996,2.72707074925672,13.8319020389389,349.575020347573,14
"27",2020-03-27,382,363,1,27,11.7,17,3,2,12,5,9,26,17,0,34,15,577,0.02946000099,4,0,2.92571782637349,3.04370318179539,16.7346422672509,356.578342867471,17
"28",2020-03-28,407,385,2,26,14.9,25,1,1,23,3,8,25,17,1,37,24,367,0.08173999786,3,0,8.10772411205946,3.99485218122417,23.8234286881735,366.125835206116,25
"29",2020-03-29,426,397,2,11,15.4,19,5,4,10,7,8,31,23,0,44,15,184,0.0434800005,0,0,4.34800005,4.17229052290208,18.6056436390206,386.56270164608,19
"30",2020-03-30,451,407,3,48,21,25,8,3,14,4,12,32,20,1,48,22,549,0.07831999779,0,0,7.831999779,4.78458837667411,23.9581543127347,387.725854785592,25
"31",2020-03-31,468,404,3,51,27.1,17,2,3,12,6,13,34,21,0,54,14,943,0.06468999863,0,0,6.468999863,5.4308390588242,16.4523876568327,388.197472382886,17
"32",2020-04-01,495,406,3,37,31.3,27,6,4,16,3,15,33,18,0,57,22,575,0.05738999844,4,0.25,5.87206374835924,5.44026199498888,25.2188732808728,391.584661456108,27
"33",2020-04-02,512,402,6,32,33.1,17,5,4,7,6,14,34,20,3,63,12,107,0.08411000252,9,0,7.75842264624138,6.18756114643337,15.4370591929112,383.141482962524,17
"34",2020-04-03,539,407,6,26,33,27,3,4,19,5,14,37,23,0,68,22,217,0.1106000042,2,0,10.9589958499543,7.3351722926592,24.5421880892225,380.030479650615,27
"35",2020-04-04,556,415,7,18,31.9,17,3,7,6,7,14,43,29,1,75,9,315,0.02539999962,3,0,2.51603769820755,6.53635994782321,15.8630797434211,408.686454835527,17
"36",2020-04-05,583,426,8,40,36,27,4,8,13,4,13,43,30,1,79,17,422,0.06635000229,5,0.2,6.79149905535831,6.88543123430297,24.3018919966492,408.506234739562,27
"37",2020-04-06,602,426,9,40,34.9,19,3,7,9,4,12,44,32,1,83,12,238,0.1176500034,4,0.25,11.9837606649587,7.47853993229707,18.1304742976384,395.131837566163,19
"38",2020-04-07,625,424,9,25,31.1,23,2,11,10,4,14,45,31,0,87,12,285,0.1087699986,6,0,10.6527318216495,8.07621592638985,22.2270519765657,396.689169838654,23
"39",2020-04-08,645,427,11,26,29.6,20,1,10,8,5,16,44,28,2,92,9,368,0.0434800005,6,0.3333300018,4.81300005208556,7.92492111263647,18.7380813480993,414.573415070931,20
"40",2020-04-09,681,435,11,25,28.6,36,1,20,13,6,16,47,31,0,98,14,295,0.09491999626,5,0,9.33379963223333,8.14997496777818,33.2098772614765,410.449757767306,36
"41",2020-04-10,715,451,11,36,30,34,0,20,13,4,16,49,33,0,102,13,331,0.09062999725,8,0,8.84912362529498,7.8485646499697,32.3044126654742,426.868470163759,34
"42",2020-04-11,759,481,11,31,31.9,44,0,34,8,5,19,53,34,0,107,8,225,0.1022200012,11,0.3636399841,11.4404830911441,9.1234854203892,41.4465958628902,447.726576256272,44
"43",2020-04-12,792,496,13,35,31.1,33,0,18,14,1,18,49,31,2,108,14,227,0.1013199997,12,0.5,12.1337405572803,9.88666277780663,30.9728572826287,459.609800870273,33
"44",2020-04-13,816,503,16,16,27.7,24,0,19,5,3,20,51,31,3,111,5,165,0.0606099987,26,0.03845999956,5.75948155709948,8.99748004811246,23.8258748725953,485.483012183088,24
"45",2020-04-14,849,503,18,32,28.7,33,0,26,7,5,20,50,30,2,116,7,208,0.06730999947,18,0.1666699982,7.52236276874336,8.55028446912587,32.6816093067564,480.121354471213,33
"46",2020-04-15,878,501,24,60,33.6,29,2,18,9,4,16,50,34,6,120,11,390,0.1,24,0.2083300018,10.6280000104348,9.38099874889005,28.2931092768403,468.804340699728,29
"47",2020-04-16,948,550,24,21,33,70,1,55,13,7,13,52,39,0,127,14,310,0.03548000097,11,0,3.42641753915888,8.53708702130798,68.709947661613,538.605086706225,70
"48",2020-04-17,980,554,26,73,38.3,32,0,26,6,0,13,49,36,2,127,6,378,0.08465999603,66,0.5,14.6399726349865,9.36435116554963,31.4688715485943,504.959139653543,32
"49",2020-04-18,1020,576,31,31,38.3,40,0,31,9,1,11,46,35,5,128,9,421,0.06176000118,8,0,6.06082995262937,8.59582928861896,39.6701756922058,554.891244301174,40
"50",2020-04-19,1037,579,35,38,38.7,17,0,13,4,5,15,47,32,4,133,4,452,0.04425000191,47,0.1276599979,5.21062540373146,7.60681283811198,16.8739746550744,560.757831322015,17
"51",2020-04-20,1098,615,39,16,38.7,61,1,47,13,3,13,45,32,4,136,14,325,0.05230999947,43,0.02325999975,4.89155701548913,7.48282361788192,60.5859209992708,596.810101039395,61
"52",2020-04-21,1134,628,47,51,41.4,36,0,26,10,2,11,43,32,8,138,10,543,0.06998000145,25,0.36,8.2744966174912,7.59027131056019,35.4996779611337,596.579775959199,36
"53",2020-04-22,1175,645,54,35,37.9,41,1,31,9,4,9,45,36,7,142,10,656,0.02438999891,122,0.1065600014,3.72752692233419,6.60448944083153,40.7746130120147,630.462539274946,41
"54",2020-04-23,1220,660,57,50,42,45,0,35,10,5,11,48,37,3,147,10,775,0.03612999916,105,0.02857000113,3.52279539405114,6.61825770581614,44.7869922177097,645.941486368841,45
"55",2020-04-24,1261,667,65,38,37,41,0,36,5,7,10,48,38,8,154,5,517,0.04061999798,94,0.1063799953,5.07369206446154,5.25164619574115,40.8466081940921,646.537533091891,41
"56",2020-04-25,1362,739,78,53,40.1,101,0,95,6,4,9,48,39,13,158,6,557,0.0502699995,28,0.03571000099,4.95731106824274,5.09400064082877,100.820152057899,716.848728464605,101
"57",2020-04-26,1416,758,87,88,47.3,54,0,41,13,5,9,50,41,9,163,13,358,0.05027999878,81,0.01235000014,4.32815252268337,4.96793308639333,53.6597846064588,738.16282551506,54
"58",2020-04-27,1477,782,95,87,57.4,61,0,54,7,8,11,56,45,8,171,7,269,0.06320000172,80,0.1,7.16355314116905,5.29250396149046,60.6967962433052,748.127808894955,61
"59",2020-04-28,1498,778,103,65,59.4,21,0,14,7,7,13,61,48,8,178,7,503,0.06163000107,11,0.2727300072,6.61477054813424,5.05540023729661,20.7200239545454,746.882662376619,21
"60",2020-04-29,1523,767,111,29,58.6,25,0,17,8,7,13,62,49,8,185,8,668,0.03144000053,74,0.1486499977,4.31294072558491,5.13903078061814,24.7913725127136,746.997839656415,25
"61",2020-04-30,1543,757,122,30,55.7,20,0,10,10,2,11,56,45,11,187,10,603,0.04145999908,6,0.3333300018,4.43355656092611,5.26913951874314,19.7319225373417,736.706536076769,20
"62",2020-05-01,1566,741,135,42,56.3,23,0,16,7,6,11,57,46,13,193,7,516,0.03101000071,55,0.09090999603,3.67797025359194,5.06975068861891,22.8443266384817,724.520862730706,23
"63",2020-05-02,1587,742,139,22,51.9,21,0,15,6,4,12,57,45,4,197,6,508,0.05118000031,28,0.03571000099,5.03718660171642,5.08116147911515,20.8172542267724,719.400439377524,21
"64",2020-05-03,1606,723,148,23,42.6,19,0,13,6,3,12,52,40,9,200,6,826,0.02058000088,231,0.00432999998,1.702867618,4.7061207784461,18.9382210975767,715.555642257987,19
"65",2020-05-04,1624,720,152,14,32.1,18,0,11,7,6,10,52,42,4,206,7,637,0.01098999977,24,0.125,1.51295459205598,3.89889241428708,17.9359628515375,713.413321872429,18
"66",2020-05-05,1649,720,156,29,27,25,0,24,1,3,9,50,41,4,209,1,923,0.02924999952,29,0.1724099922,3.36109656835714,3.4340818457475,24.9796769427115,705.367398752288,25
"67",2020-05-06,1665,694,161,23,26.1,16,0,11,5,4,10,52,42,5,213,5,598,0.01672000051,149,0.01342000008,1.60617674925033,3.0474012776997,15.951440814885,687.259985106037,16
"68",2020-05-07,1688,672,167,32,26.4,23,0,16,7,6,10,54,44,6,219,7,813,0.03566999912,234,0.01281999946,3.05631224051576,2.85065208906965,22.8706388666776,659.581331201053,23
"69",2020-05-08,1701,639,173,16,22.7,13,0,8,5,4,8,54,46,6,223,5,715,0.00978999972,127,0.04723999977,1.54386339318171,2.54577968043962,12.9533247207465,633.034899311398,13
"70",2020-05-09,1718,623,179,12,21.3,17,0,12,5,5,6,51,45,6,228,5,1100,0.01544999957,164,0.03049000025,1.74013920632911,2.07477290967001,16.9473907576576,616.444888404139,17
"71",2020-05-10,1730,554,185,25,21.6,12,0,8,4,3,5,52,47,6,231,4,907,0.01764000058,316,0.01266000032,1.63532629821586,2.06512414970084,11.9604476344335,548.521997369036,12
"72",2020-05-11,1750,535,188,14,21.6,20,0,14,6,1,5,51,46,3,232,6,517,0.00967000008,197,0.01523000002,1.12040616880952,2.00904580352278,19.9593524108124,531.375589964102,20
"73",2020-05-12,1773,518,193,13,19.3,23,0,17,6,4,6,51,45,5,236,6,835,0.01317000031,322,0.0031099999,1.03702422010804,1.67703546805862,22.9623774523472,514.751920052638,23
"74",2020-05-13,1794,500,195,21,19,21,0,15,6,2,7,47,40,2,238,6,1249,0.01440999985,224,0.01338999987,1.42548878367481,1.65122290154783,20.9482842168461,495.690351403845,21
"75",2020-05-14,1808,472,198,25,18,14,0,10,4,2,6,45,39,3,240,4,1046,0.02677000046,127,0.02361999989,2.64289518049361,1.59216332154467,13.9360783493503,464.45724522333,14
"76",2020-05-15,1828,458,201,17,18.1,20,0,12,8,1,5,44,39,3,241,8,1163,0.01203999996,137,0.01460000038,1.23097846196462,1.54746547422794,19.9404545622665,454.59102368976,20
"77",2020-05-16,1844,438,207,19,19.1,16,0,6,10,1,4,42,38,6,242,10,967,0.01343999982,25,0.04,1.4109354663246,1.50043636851301,15.9146870025026,434.263290709614,16
"78",2020-05-17,1856,398,212,15,17.7,12,0,9,3,1,2,42,40,5,243,3,353,0.02549999952,10,0.1,2.75523411310193,1.66042319921102,11.9500209712054,391.369448846585,12
"79",2020-05-18,1871,390,213,26,19.4,15,0,8,7,2,1,43,42,1,245,7,376,0.03989000082,17,0.05881999969,4.07088557329517,2.08192025699468,14.827696148186,380.400213970363,15
"80",2020-05-19,1883,353,219,23,20.9,12,0,8,4,0,1,40,39,6,245,4,359,0.03900000095,31,0.2258099937,5.3849000373718,2.70304537374665,11.8697596100242,341.506285584635,12
"81",2020-05-20,1898,339,223,17,20.3,15,0,9,6,3,1,41,40,4,248,6,675,0.02963000059,36,0.05556000233,3.09429120705063,2.94144571994319,14.8877411769834,332.657376499561,15
"82",2020-05-21,1906,325,229,11,18.3,8,0,1,7,0,1,38,37,6,248,7,478,0.02092000008,36,0,1.94547860666148,2.84181478082432,7.91765588800912,321.176880514709,8
"83",2020-05-22,1913,309,233,7,16.9,7,0,3,4,1,1,36,35,4,249,4,514,0.00583999991,14,0,0.568515142753788,2.7471771637942,6.98624976631218,307.937794447616,7
"84",2020-05-23,1922,305,236,6,15,9,1,3,5,1,0,35,35,3,250,6,582,0.00859000027,43,0,0.7999008251424,2.65988650076817,8.97098013110211,303.524823331024,9
"85",2020-05-24,1932,302,237,8,14,10,0,3,7,1,1,36,35,1,251,7,332,0.01506000042,25,0.04,1.6806498990028,2.50637447018258,9.92886499855249,298.931032794693,10
"86",2020-05-25,1947,298,240,6,11.1,15,1,7,7,0,1,35,34,3,251,8,401,0.01746000051,8,0,1.71184846076039,2.1693691683919,14.9171937047813,294.915465503103,15
"87",2020-05-26,1953,288,243,16,10.1,6,0,2,4,1,1,35,34,3,252,4,1123,0.00800999999,41,0.07316999912,1.03051545985309,1.54731422874637,5.97507572388793,286.205452119931,6
"88",2020-05-27,1958,260,243,8,8.9,5,0,1,4,1,1,33,32,0,253,4,1150,0.00957000017,13,0.07691999912,1.0322837647515,1.25274173698935,4.97503295527236,258.377142092703,5
"89",2020-05-28,1962,235,244,4,7.9,4,0,2,2,1,1,31,30,1,254,2,1403,0.00284999996,88,0,0.268179070682763,1.01312751756382,3.99675688067497,234.618933479309,4
"90",2020-05-29,1969,225,247,7,7.9,7,0,3,4,2,1,32,31,3,256,4,1380,0.0065200001,37,0,0.634975309668313,1.02262182712304,6.98464234593358,224.136131958764,7
"91",2020-05-30,1972,207,248,15,9.1,3,1,1,1,0,1,31,30,1,256,2,1020,0.01274999976,119,0,1.14179102328358,1.07146328400035,2.98619219418083,205.570892097716,3
"92",2020-05-31,1976,192,249,10,9.4,4,0,1,3,3,1,34,33,1,259,3,1309,0.00535000026,11,0.09090999603,0.606300022475,0.917984730210664,3.98900191960555,191.296122854755,4
"93",2020-06-01,1987,182,250,5,9.3,11,0,5,6,0,1,31,30,1,259,6,763,0.00130999997,20,0,0.127653892351213,0.691671220437924,10.9953688018516,181.859520322831,11
"94",2020-06-02,1990,163,251,8,8.1,3,0,1,2,0,1,26,25,1,259,2,858,0.01049000025,9,0,1.03811075138408,0.692756262085208,2.98744601123883,161.976849915965,3
"95",2020-06-03,2000,154,251,8,8.1,10,0,7,3,0,0,22,22,0,259,3,1110,0.00449999988,141,0,0.399280564892086,0.602327233533863,9.99275718358924,153.628202090914,10
"96",2020-06-04,2007,144,254,8,8.7,7,0,2,5,0,0,20,20,3,259,5,1430,0.00559000015,21,0,0.550909732219159,0.642717328039062,6.98334446835881,143.520320688734,7
"97",2020-06-05,2011,135,256,15,9.9,4,0,1,3,1,0,21,21,2,260,3,1366,0.00952000022,29,0,0.932209340539068,0.68517933244917,3.98309003316566,134.239051492455,4
"98",2020-06-06,2014,126,257,2,8,3,0,0,3,0,0,21,21,1,260,3,1404,0.00071000002,68,0,0.0677201106032609,0.531740630637696,2.99877157975734,125.948406349808,3
"99",2020-06-07,2015,117,258,4,7.1,1,0,0,1,0,0,20,20,1,260,1,870,0.00230000004,22,0,0.224327358161435,0.477173107164329,0.998643592155545,116.841300282199,1
"100",2020-06-08,2018,109,258,0,6.4,3,0,0,3,0,0,19,19,0,260,3,701,0.00143000007,12,0,0.140593274764376,0.47902159036621,2.99744968484008,108.90733854919,3
"101",2020-06-09,2028,106,259,3,5.7,10,0,3,7,0,0,18,18,1,260,7,1338,0.00224000007,10,0,0.222338285879822,0.362482666722744,9.99058933434186,105.85749563432,10
"102",2020-06-10,2038,104,259,7,5.6,10,0,4,6,0,0,17,17,0,260,6,1281,0.00233999997,12,0,0.231828303292343,0.338560915065638,9.9915894236424,103.854216676468,10
"103",2020-06-11,2045,103,260,5,5.1,7,0,2,5,0,0,16,16,1,260,5,1529,0.00326999992,6,0,0.325721816135505,0.306391212767973,6.99015252463771,102.797142007537,7
"104",2020-06-12,2049,106,260,10,4.4,4,0,2,2,0,0,16,16,0,260,2,1596,0.00814999998,13,0,0.80841516271473,0.288706330221639,3.99022374553626,105.481858513422,4
"105",2020-06-13,2052,104,260,6,5,3,0,3,0,0,0,16,16,0,260,0,1479,0.00270000011,23,0.0434800005,0.332446083501331,0.326524326349935,3,103.790944012187,3
"106",2020-06-14,2055,101,260,1,4.6,3,0,1,2,0,0,16,16,0,260,2,768,0,13,0,0,0.294477560898301,3,101,3
"107",2020-06-15,2060,99,260,2,4.9,5,0,2,3,0,0,14,14,0,260,3,720,0.00555999994,17,0,0.543175028059701,0.35198923994049,4.99014698597161,98.6748505370631,5
"108",2020-06-16,2064,98,260,3,4.9,4,0,1,3,1,0,14,14,0,261,3,1250,0.00079999998,14,0,0.0791139220727848,0.331528616539485,3.99856489981359,97.9531200605771,4
"109",2020-06-17,2067,88,260,8,5,3,0,0,3,1,1,6,5,0,262,3,1098,0.00911000013,26,0,0.889927058962633,0.425542724492384,2.98385701966542,87.5264725768522,3
"110",2020-06-18,2069,74,260,2,4.6,2,0,0,2,0,1,6,5,0,262,2,1304,0.00230000004,122,0,0.210322584302945,0.409057119944875,1.99745654559878,73.905892187155,2
"111",2020-06-19,2072,72,260,5,3.9,3,0,0,3,0,1,5,4,0,262,3,1875,0.00107000001,19,0,0.105926611338437,0.308701612605405,2.99807852656403,71.9538846375368,3
"112",2020-06-20,2078,72,261,1,3.1,6,0,0,6,1,1,5,4,1,263,6,1792,0.00056000002,158,0,0.0514625659405128,0.268561110096716,5.99813297240133,71.9775956688159,6
"113",2020-06-21,2084,76,261,1,3.1,6,0,0,6,0,1,4,3,0,263,6,1102,0.00363000005,86,0,0.336722226860269,0.316664285362469,5.98778394199462,75.8452632652652,6
"114",2020-06-22,2086,75,262,6,3.7,2,0,1,1,0,1,1,0,1,263,1,509,0.00393000007,10,0,0.385427752529865,0.294128960286778,1.99766948966329,74.8252117247467,2
"115",2020-06-23,2095,80,262,4,3.9,9,0,0,9,0,1,1,0,0,263,9,1255,0.00158999994,20,0,0.156505876447059,0.305184953768817,8.99148310664244,79.9242942812661,9
"116",2020-06-24,2097,74,263,3,3.1,2,0,0,2,1,1,2,1,1,264,2,1733,0.00289000005,24,0,0.285052366912351,0.21877428347592,1.99655283002725,73.8724547110082,2
"117",2020-06-25,2103,72,263,6,3.7,6,0,0,6,0,1,2,1,0,264,6,1796,0.00277999997,21,0.04762000084,0.329823883531095,0.23584589765137,5.98803420929368,71.8564105115242,6
"118",2020-06-26,2107,66,263,6,3.9,4,0,0,4,0,1,2,1,0,264,4,2028,0.00196999997,23,0,0.194790830773281,0.248540786142062,3.9952887456429,65.9222643031078,4
"119",2020-06-27,2110,68,263,3,4.1,3,0,0,3,0,1,1,0,0,264,3,1574,0.00064000003,80,0,0.0609044768573156,0.249889630558748,2.99889521308258,67.9749581632053,3
"120",2020-06-28,2112,67,263,2,4.3,2,0,0,2,0,1,1,0,0,264,2,880,0.00114,12,0,0.112466367713004,0.217853079251996,1.99863993170825,66.9544377122265,2
"121",2020-06-29,2116,68,263,1,3.6,4,0,0,4,2,1,3,2,0,266,4,854,0.00351000011,8,0,0.347742470294664,0.21246946750411,3.991589423271,67.8570201956069,4
"122",2020-06-30,2119,67,263,10,4.4,3,0,0,3,0,1,3,2,0,266,3,1605,0.0043599999,11,0,0.433032168285891,0.251973223481086,2.99214494074938,66.8245703434028,3
"123",2020-07-01,2121,66,263,4,4.6,2,0,0,2,0,2,3,1,0,266,2,1601,0.00312000006,15,0,0.309103966340347,0.255409166256514,1.99626197136067,65.8766450549022,2
"124",2020-07-02,2127,65,263,4,4.3,6,0,1,5,0,1,3,2,0,266,5,1012,0.00197999999,12,0,0.195679686511719,0.23624570953946,5.99408405947539,64.9230927731801,6
"125",2020-07-03,2135,73,263,4,4,8,0,0,8,0,1,3,2,0,266,8,1334,0.00300000012,14,0,0.296884284872404,0.250830488696478,7.98563898131029,72.8689557044564,8
"126",2020-07-04,2138,73,263,4,4.1,3,0,0,3,0,1,3,2,0,266,3,1257,0.00317999989,40,0,0.308192741845027,0.286157383694722,2.99440948634974,72.8639641678437,3
"127",2020-07-05,2140,70,263,5,4.6,2,0,0,2,0,1,2,1,0,266,2,734,0.00272000015,47,0,0.25563125609475,0.3066095106064,1.99690862279219,69.8918017977265,2
"128",2020-07-06,2146,70,263,0,4.4,6,0,1,5,0,1,2,1,0,266,5,602,0,10,0,0,0.25693201485002,6,70,6
"129",2020-07-07,2153,71,263,6,3.9,7,0,1,6,0,1,1,0,0,266,6,1272,0.00393000007,21,0,0.386617176259861,0.250301301703444,6.98597378647942,70.8340231400065,7
"130",2020-07-08,2166,77,263,5,4,13,0,1,12,0,1,1,0,0,266,12,1684,0.00296999991,39,0,0.29027741430296,0.247611794269531,12.9789378576886,76.8648512535016,13
"131",2020-07-09,2174,81,263,5,4.1,8,0,0,8,1,0,2,2,0,267,8,1504,0.00266000003,41,0,0.258941103244013,0.256649139517002,7.98747438577013,80.8731781559226,8
"132",2020-07-10,2190,94,263,12,5.3,16,0,0,16,0,0,2,2,0,267,16,1900,0.00684000015,14,0.07143000126,0.731244529918495,0.318700603095015,15.9292558286443,93.5843779932854,16
"133",2020-07-11,2197,99,263,7,5.7,7,0,0,7,1,1,2,1,0,268,7,1571,0.00381999999,25,0,0.376016289742481,0.32838968136608,6.98408477617439,98.7749132630378,7
"134",2020-07-12,2220,119,263,9,6.3,23,0,2,21,1,1,3,2,0,269,21,1068,0.00842999995,13,0,0.832862159722479,0.410851239027184,22.8942451054692,118.400722264325,23
"135",2020-07-13,2243,137,263,6,7.1,23,0,2,21,0,0,3,3,0,269,21,808,0.00619000018,65,0,0.572911815056128,0.492695784035203,22.9272529939445,136.525412389067,23
"136",2020-07-14,2262,147,263,4,6.9,19,0,2,17,1,0,4,4,0,270,17,1406,0.00356000006,66,0,0.340038049209239,0.486041623027971,18.96504699748,146.69775933115,19
"137",2020-07-15,2283,167,263,15,8.3,21,0,0,21,1,0,5,5,0,271,21,1404,0.00782999992,46,0,0.758159992253793,0.552881991306661,20.9037306124641,166.234429156262,21
"138",2020-07-16,2305,185,263,7,8.6,22,0,1,21,0,0,5,5,0,271,21,1695,0.00708000004,25,0.04,0.755848841151163,0.623868811007683,21.9040240770408,184.15449782155,22
"139",2020-07-17,2335,212,263,17,9.3,30,0,0,29,0,1,5,4,0,271,29,1787,0.00726999998,21,0,0.718555860855089,0.622056143998625,28.8740011489655,211.078904951058,30
"140",2020-07-18,2361,231,263,16,10.6,26,0,0,24,2,1,6,5,0,273,24,1551,0.00708999991,81,0,0.673810653211397,0.664598195922755,23.902218394063,230.058852042856,26
"141",2020-07-19,2379,249,263,28,13.3,18,0,0,18,0,1,6,5,0,273,18,2025,0.02122999907,22,0,2.10018310291891,0.845644044950816,17.7714202696412,245.837980396704,18
"142",2020-07-20,2409,274,263,47,19.1,30,0,0,27,2,3,8,5,0,275,27,1548,0.01485999942,35,0.02857000113,1.51631264319078,0.980415591827195,26.7524513448577,271.487839573741,30
"143",2020-07-21,2433,293,263,23,21.9,24,0,0,23,0,3,8,5,0,275,23,1428,0.01610999942,15,0,1.59425358085655,1.15958923920538,22.7782859127861,290.175555323754,24
"144",2020-07-22,2460,313,263,13,21.6,27,0,1,23,2,3,9,6,0,277,23,1771,0.00902999997,16,0,0.894914938269166,1.17912566006472,23.8755434825081,311.306309131523,27
"145",2020-07-23,2479,321,263,29,24.7,19,0,1,17,1,3,10,7,0,278,17,1667,0.01019999981,32,0,1.0007886805927,1.21411706569923,17.8971274851267,319.057524866215,19
"146",2020-07-24,2502,336,263,34,27.1,23,0,1,18,0,3,7,4,0,278,18,2036,0.01228000045,83,0,1.1798999960453,1.2800233707264,18.8715820432173,333.602864806723,23
"147",2020-07-25,2514,335,263,26,28.6,12,0,1,10,0,3,7,4,0,278,10,2126,0.00800000012,320,0,0.69533933994767,1.28309889740301,10.9579559201787,333.591523325988,12
"148",2020-07-26,2521,337,263,21,27.6,7,0,0,6,2,4,9,5,0,280,6,1816,0.01210999966,73,0,1.1642011319513,1.14938718726478,5.95776355873369,334.627719882209,7
"149",2020-07-27,2536,339,264,22,24,15,0,1,13,1,4,9,5,1,281,13,1601,0.00874000013,24,0,0.861091705115692,1.0557841961112,13.9323136946317,337.234949421549,15
"150",2020-07-28,2556,329,264,14,22.7,20,0,2,17,1,4,10,6,0,282,17,1488,0.00739000022,24,0,0.727269862920635,0.93192937926321,18.9252428796997,327.553229848306,20
"151",2020-07-29,2572,323,264,20,23.7,16,2,2,12,2,4,11,7,0,284,14,2254,0.00620999992,52,0,0.606996522969644,0.890798177077563,15.9486166648203,321.81451305264,16
"152",2020-07-30,2592,333,264,19,22.3,20,1,0,18,1,4,12,8,0,285,19,1891,0.00898999989,134,0,0.839510607011852,0.867758452280299,18.9035531962684,331.309642860914,20
"153",2020-07-31,2602,320,264,18,20,10,0,1,9,1,3,13,10,0,286,9,2129,0.00797999978,207,0,0.727286795017979,0.80309942356211,9.96042177958968,318.592774385411,10
"154",2020-08-01,2619,307,264,15,18.4,17,0,0,17,1,2,13,11,0,287,17,1629,0.00551999986,83,0.01205000043,0.583658283155958,0.78714498687758,16.9400049215391,305.916559465442,17
"155",2020-08-02,2627,292,264,2,15.7,8,0,0,8,0,2,13,11,0,287,8,1340,0.00149000004,11,0,0.147786828541821,0.641942943533369,7.99285118979034,291.739068427347,8
"156",2020-08-03,2636,278,264,10,14,9,0,1,7,0,1,12,11,0,287,7,1046,0.01146999955,47,0,1.09767790752973,0.675740972449661,7.95353980648358,276.154866600348,9
"157",2020-08-04,2648,266,264,20,14.9,12,0,1,11,1,1,11,10,0,288,11,1699,0.00588999987,12,0,0.584869069499123,0.655398001960873,11.9610991231571,265.059306069072,12
"158",2020-08-05,2657,246,264,12,13.7,9,1,0,8,1,1,12,11,0,289,9,1599,0.005,70,0,0.479029358897543,0.637116978522002,8.9739317011125,245.287466497075,9
"159",2020-08-06,2667,222,264,12,12.7,10,0,0,10,1,2,10,8,0,290,10,1639,0.00305000007,10,0,0.30315040113584,0.560494091968286,9.98166984243382,221.593070502031,10
"160",2020-08-07,2679,223,264,6,11,12,0,3,9,1,2,10,8,0,291,9,1689,0,39,0,0,0.456595978394289,12,223,12
"161",2020-08-08,2685,206,264,14,10.9,6,1,1,4,0,1,10,9,0,291,5,1518,0.00725000024,95,0,0.682300084582765,0.470687664312404,5.97937217300232,205.150133527695,6
"162",2020-08-09,2687,197,264,16,12.9,2,0,1,1,2,2,12,10,0,293,1,1589,0.00441000015,102,0,0.414399186182732,0.508775143975391,1.9974943122788,196.506379518924,2
"163",2020-08-10,2699,198,264,8,12.6,12,2,0,10,0,1,12,11,0,293,12,1384,0.00578000009,27,0,0.566939767863926,0.432955409737419,11.958863606039,197.321249499643,12
"164",2020-08-11,2712,202,264,8,10.9,13,2,1,10,0,1,12,11,0,293,12,1460,0.00342000008,41,0,0.33265823562958,0.396925290613198,12.9758627617766,201.59368982324,13
"165",2020-08-12,2719,185,264,12,10.9,7,3,0,4,0,2,10,8,0,293,7,1486,0.00268999994,7,0,0.267738775006028,0.366740921485839,6.98866771826845,184.700503982809,7
"166",2020-08-13,2741,188,264,11,10.7,22,0,0,22,0,2,9,7,0,293,22,1689,0.00532999992,56,0,0.515895121196562,0.397133024351656,21.9313734522132,187.413554955276,22
"167",2020-08-14,2752,183,264,6,10.7,11,4,1,6,1,2,10,8,0,294,10,1882,0.00477999985,36,0,0.469028139608968,0.464137044295794,10.9716399527436,182.481011135208,11
"168",2020-08-15,2756,175,264,2,9,4,0,0,4,1,2,11,9,0,295,4,2044,0.00734000027,21,0,0.726535619945763,0.470456406490508,3.982427847905,174.231218345844,4
"169",2020-08-16,2760,157,264,26,10.4,4,0,1,3,0,2,11,9,0,295,3,1196,0.00501999974,22,0,0.492932650988506,0.481675472891333,3.99105836595141,156.532054484791,4
"170",2020-08-17,2783,171,265,8,10.4,23,1,4,18,1,1,9,8,1,296,19,1358,0.00662999988,32,0,0.647736678923741,0.493217888757021,22.9255850589377,170.33026553044,23
"171",2020-08-18,2809,190,265,15,11.4,26,1,1,24,0,1,7,6,0,296,25,1888,0.00583000004,77,0.05195000172,0.763724692517048,0.554798811169516,25.8845524045279,189.122598274412,26
"172",2020-08-19,2833,199,265,23,13,24,4,3,15,2,1,7,6,0,298,19,1519,0.01184999943,25,0.04,1.23057960713536,0.692347501473707,21.8586254076432,197.519287164263,24
"173",2020-08-20,2850,207,266,24,14.9,17,1,0,16,3,0,6,6,1,301,17,1607,0.00995999992,103,0,0.936007010025731,0.75236348559216,16.9037864866703,205.82845898475,17
"174",2020-08-21,2871,214,266,16,16.3,21,3,2,16,0,0,6,6,0,301,19,1804,0.00721000016,116,0.00861999989,0.72951876436875,0.789576431986414,20.9161895603249,213.056029784712,21
"175",2020-08-22,2890,224,266,16,18.3,19,1,0,18,1,0,7,7,0,302,19,1864,0.00589999974,73,0,0.567764559388745,0.766894851906841,18.9347726204198,223.23100352495,19
"176",2020-08-23,2907,234,266,13,16.4,17,0,1,15,0,0,7,7,0,302,15,694,0.01728999972,5,0,1.716632304103,0.941709088066055,15.8443043098434,231.571147233557,17
"177",2020-08-24,2926,250,266,19,18,19,2,0,17,1,1,8,7,0,303,19,1142,0.00963,58,0,0.916455,0.980097419648377,18.8947134738077,248.614650971154,19
"178",2020-08-25,2940,252,266,23,19.1,14,0,1,13,4,2,11,9,0,307,13,1647,0.01457000017,73,0,1.39516222558081,1.07030278151463,13.890332962357,249.87414665492,14
"179",2020-08-26,2958,260,266,15,18,18,1,4,13,0,2,11,9,0,307,14,1832,0.00490999997,41,0,0.480251999201281,0.963113123238332,17.9593458141656,259.244993691646,18
"180",2020-08-27,2971,263,266,16,16.9,13,1,3,9,1,2,9,7,0,308,10,1469,0.00612999976,9,0,0.609267229190798,0.916436011690485,12.9631603182146,262.031116369043,13
"181",2020-08-28,2999,273,266,20,17.4,28,0,3,21,1,1,9,8,0,309,21,2137,0.0060799998,35,0,0.59820255859116,0.897676553722258,23.9240416343168,272.012541246119,28
"182",2020-08-29,3020,287,266,12,16.9,21,0,2,18,0,1,9,8,0,309,18,1790,0.00726000011,11,0.09090999603,0.777091069029983,0.927580340813863,19.9154229615617,285.651466109345,21
"183",2020-08-30,3040,301,267,16,17.3,20,0,6,12,2,1,10,9,1,311,12,1402,0.00428000003,33,0,0.418157494220209,0.742083939402035,17.9696590495233,300.238947825544,20
"184",2020-08-31,3060,309,267,13,16.4,20,1,3,16,1,1,11,10,0,312,17,1353,0.0051700002,54,0,0.497157801748401,0.682184339651807,19.9488964310383,308.071117481814,20
"185",2020-09-01,3085,313,267,18,15.7,25,1,2,22,0,1,11,10,0,312,23,1361,0.01542999983,22,0.09090999603,1.66306939127187,0.720456791893387,24.7687156444328,309.852521595977,25
"186",2020-09-02,3121,323,267,15,15.7,36,1,9,26,0,1,9,8,0,312,27,1528,0.00261999995,51,0,0.253537677238759,0.688069031613026,35.9586081991005,322.504831418869,36
"187",2020-09-03,3143,324,267,24,16.9,22,1,4,17,1,1,8,7,0,313,18,1493,0.00938000023,133,0.00751999974,0.922785996851783,0.732857426993167,21.8995658168823,322.192184703882,22
"188",2020-09-04,3165,328,267,24,17.4,22,0,3,19,3,1,11,10,0,316,19,2705,0.00813000023,258,0.00774999976,0.809691210267634,0.763070091518377,21.9069789844373,326.394163520813,22
"189",2020-09-05,3190,335,267,17,18.1,25,1,11,13,2,1,13,12,0,318,14,2256,0.00398999989,164,0,0.371960320323967,0.705194270274661,24.9685128973734,334.24655861572,25
"190",2020-09-06,3211,337,267,26,19.6,21,1,3,16,1,1,14,13,0,319,17,1310,0.00611000001,192,0.03125,0.932363516185087,0.7786522734125,19.904161006668,335.100132896888,21
"191",2020-09-07,3252,362,267,29,21.9,41,2,6,33,0,1,12,11,0,319,35,1290,0.0147300005,44,0,1.42441534070465,0.911117636120536,40.6985517704104,358.882164025387,41
"192",2020-09-08,3304,399,267,24,22.7,52,0,14,36,3,1,14,13,0,322,36,1097,0.01276000023,4,0,1.27136423726703,0.855159756976987,49.7232545161054,395.932737553501,52
"193",2020-09-09,3349,430,267,15,22.7,45,2,10,31,0,1,13,12,0,322,33,1587,0.01449000001,29,0,1.42299690692265,1.02222536121754,42.716060412608,426.300181133982,45
"194",2020-09-10,3426,492,267,33,24,77,1,21,52,2,2,14,12,0,324,53,1959,0.01276000023,61,0,1.23746734903812,1.0671798401013,73.6034319979418,488.318651754478,77
"195",2020-09-11,3456,506,267,60,29.1,30,0,1,25,0,1,12,11,0,324,25,2314,0.01555999994,93,0.0752699995,1.78670335748484,1.20675300398948,25.729914970061,500.533478994035,30
"196",2020-09-12,3505,531,269,47,33.4,49,0,4,42,1,0,12,12,2,325,42,1900,0.01684000015,26,0,1.66126688914849,1.39093965667869,45.5781124100824,525.666135470327,49
"197",2020-09-13,3540,544,270,31,34.1,35,1,5,29,1,1,11,10,1,326,30,1199,0.01667999983,44,0,1.60895573581416,1.48759568805428,34.7081407904066,538.70761966604,35
"198",2020-09-14,3608,594,272,59,38.4,68,0,19,49,1,1,11,10,2,327,49,2394,0.01419999957,218,0.04127999783,1.64601219362634,1.5192523813288,67.5123174916323,588.088093674074,68
"199",2020-09-15,3681,643,273,41,40.9,73,0,15,55,1,1,11,10,1,328,55,2961,0.01215999961,28,0,1.20460886066276,1.50971589895677,69.5993946049104,638.31655874468,73
"200",2020-09-16,3758,683,274,41,44.6,77,0,7,67,1,0,11,11,1,329,67,1887,0.01907999992,162,0.00616999984,1.80592971318302,1.56442058556539,73.2683831534355,675.541876026813,77
"201",2020-09-17,3808,708,278,57,48,50,2,4,38,2,2,11,9,4,331,40,2512,0.01911000013,208,0.00481000006,1.80164707128824,1.64501768874398,43.5642496322404,700.287218490655,50
"202",2020-09-18,3896,776,278,47,46.1,88,1,6,78,0,2,11,9,0,331,79,2409,0.01286999941,281,0.0213499999,1.37558284574684,1.58628618706712,84.3429144850681,769.545590384972,88
"203",2020-09-19,3966,826,280,47,46.1,70,2,4,60,0,2,10,8,2,331,62,2101,0.0214199996,161,0,1.98954107690539,1.63318249960382,65.2541480137187,816.063326763413,70
"204",2020-09-20,4009,858,280,76,52.6,43,1,4,34,2,2,11,9,0,333,35,2847,0.01861999989,112,0,1.79152212527307,1.65926341238366,38.6208611649275,848.705682271651,43
"205",2020-09-21,4118,938,280,55,52,109,2,22,82,1,3,12,9,0,334,84,2949,0.01899000049,73,0,1.85312744688981,1.68885130570702,105.058776795607,927.489674217606,109
"206",2020-09-22,4227,1017,280,85,58.3,109,0,27,81,3,3,15,12,0,337,81,2507,0.01355999947,64,0.03125,1.40003573206107,1.71676943019249,107.314303094063,1008.39069440324,109
"207",2020-09-23,4333,1076,281,67,62,106,0,26,75,2,3,16,13,1,339,75,1896,0.01687999964,7,0.5714300156,1.89198578174672,1.72906315427302,100.142000207757,1063.69056298062,106
"208",2020-09-24,4434,1130,282,38,59.3,101,2,18,75,2,3,18,15,1,341,77,2730,0.01281999946,55,0,1.25668217327828,1.65121102598588,94.4149079050011,1121.41358354093,101
"209",2020-09-25,4553,1193,284,57,60.7,119,5,16,86,3,3,20,17,2,344,91,3291,0.01337000012,59,0.03390000105,1.37315732707075,1.65086452331787,106.244438636156,1183.09467354873,119
"210",2020-09-26,4638,1240,286,76,64.9,85,3,14,66,3,4,21,17,2,347,69,3437,0.02996999979,12,0,2.98657260882082,1.79329759930579,81.7539650633744,1217.60748809542,85
"211",2020-09-27,4720,1270,287,109,69.6,82,2,12,64,2,4,22,18,1,349,66,2684,0.03315999985,13,0,3.30001629949574,2.00879676705188,76.6830536849273,1244.65876030087,82
"212",2020-09-28,4835,1340,288,86,74,115,3,11,97,6,4,27,23,1,355,100,3135,0.02584000111,192,0.01042000055,2.49501183004058,2.10049453607342,109.491377223887,1319.78445480009,115
"213",2020-09-29,4942,1371,291,58,70.1,107,5,18,74,4,3,27,24,3,359,79,2165,0.02632999897,79,0.02532000065,2.62944419881462,2.27612431703821,95.7439726362502,1349.20236056075,107
"214",2020-09-30,5025,1400,291,107,75.9,83,1,10,67,5,5,30,25,0,364,68,3170,0.03059999943,281,0.01422999978,2.92670611797392,2.42394150792781,76.7966385931828,1375.22491221259,83
"215",2020-10-01,5126,1436,293,105,85.4,101,2,11,78,3,5,29,24,2,367,80,3844,0.02263000011,120,0.00833000004,2.21971040432997,2.56151696950663,89.9262718093672,1416.72657897814,101
"216",2020-10-02,5222,1486,294,115,93.7,96,0,13,79,1,5,29,24,1,368,79,3362,0.02171000004,197,0,2.05082945025232,2.65832727281828,91.0203641100039,1467.57292490463,96
"217",2020-10-03,5295,1498,295,65,92.1,73,2,6,64,5,6,31,25,1,373,66,3113,0.03019999981,485,0.01031000018,2.75188853518149,2.62480097658409,70.9017964952319,1473.07410833117,73
"218",2020-10-04,5352,1479,295,77,87.6,57,1,7,47,3,6,32,26,0,376,48,3118,0.0291899991,102,0,2.82653469545963,2.55716074743607,54.1796416383696,1453.72270798226,57
"219",2020-10-05,5430,1480,295,82,87,78,3,13,59,3,6,33,27,0,379,62,3821,0.01779999971,238,0.00839999974,1.72488294727839,2.4471423356129,74.3533647597106,1464.56419103825,78
"220",2020-10-06,5506,1453,296,139,98.6,76,5,15,53,2,7,34,27,1,381,58,2158,0.0194599998,55,0,1.89763576901943,2.34259827421359,72.3344987088578,1436.32804524087,76
"221",2020-10-07,5607,1467,296,174,108.1,101,12,22,63,3,10,36,26,0,384,75,2268,0.03131000042,76,0,3.02948297579181,2.35728068247329,95.6261547053315,1440.12758603628,101
"222",2020-10-08,5687,1426,296,85,105.3,80,5,14,55,2,9,36,27,0,386,60,2434,0.02711999893,182,0,2.52332100136162,2.40065362490638,73.084555955624,1404.24294654533,80
"223",2020-10-09,5771,1428,296,97,102.7,84,5,19,58,2,9,37,28,0,388,63,2508,0.02072999954,247,0.00810000002,1.95976547554483,2.38764448566246,81.2534606522148,1411.0784414502,84
"224",2020-10-10,5836,1413,297,67,103,65,5,7,51,6,9,43,34,1,394,56,2628,0.03006000042,21,0,2.98216991709173,2.42054182593535,61.9902160515648,1387.52098715823,65
"225",2020-10-11,5900,1378,297,140,112,64,6,6,48,5,10,46,36,0,399,54,2660,0.0233100009,238,0.01680999994,2.27761843960386,2.34212521795595,59.2563256869443,1359.02253327054,64
"226",2020-10-12,5962,1350,297,63,109.3,62,2,14,43,3,10,46,36,0,402,45,1994,0.01504999995,237,0.01266000032,1.47961093573017,2.30708635916335,58.5974052592664,1337.92215777799,62
"227",2020-10-13,6047,1372,298,74,100,85,4,10,68,1,7,45,38,1,403,72,2117,0.03023000002,18,0,2.99751335092927,2.46421172800761,80.6950265573512,1347.13300606508,85
"228",2020-10-14,6114,1377,300,84,87.1,67,1,16,49,2,7,45,38,2,405,50,3004,0.02963000059,110,0.03635999918,2.98677333597174,2.45811035089046,65.097015447486,1352.13180542376,67
"229",2020-10-15,6200,1404,300,107,90.3,86,3,25,52,5,8,49,41,0,410,55,2119,0.02171000004,105,0.00952000022,2.11344829621673,2.39955710729833,79.2971504549274,1386.05816797669,86
"230",2020-10-16,6275,1425,301,78,87.6,75,2,10,59,4,8,47,39,1,414,61,3126,0.02142999887,280,0.00356999993,1.99617664263124,2.40475870259639,70.2637304231208,1407.80025988438,75
"231",2020-10-17,6322,1407,302,64,87.1,47,1,10,36,6,8,49,41,1,420,37,3037,0.02140000105,149,0,2.03991849305869,2.27015135630596,46.5436242180075,1389.64538580369,47
"232",2020-10-18,6379,1374,305,74,77.7,57,1,11,40,2,6,47,41,3,422,41,1144,0.02710000038,37,0.0540500021,2.79443272755461,2.34398196887035,51.3072355924644,1350.78394400113,57
"233",2020-10-19,6443,1352,307,69,78.6,64,1,6,57,3,6,46,40,2,425,58,1334,0.03747999907,27,0,3.67364575748567,2.65741551483542,62.7116516063202,1321.96815468526,64
"234",2020-10-20,6521,1356,309,46,74.6,78,3,14,57,4,5,45,40,2,429,60,1595,0.02507999897,48,0.02082999945,2.49558358677724,2.5857112628137,73.0946189047985,1335.53838724845,78
"235",2020-10-21,6609,1378,312,69,72.4,88,1,46,40,4,4,44,40,3,433,41,2258,0.03055999994,446,0.00897000015,2.69989274894305,2.5447283218096,86.3306728831981,1355.5040788548,88
"236",2020-10-22,6675,1365,312,88,69.7,66,2,24,36,1,3,43,40,0,434,38,2238,0.02680999994,87,0.01149000049,2.62367354444516,2.6176176429851,61.3971608570912,1343.3453834192,66
"237",2020-10-23,6754,1367,313,92,71.7,79,1,13,64,2,3,36,33,1,436,65,2768,0.02457000017,65,0.01537999988,2.4359145945203,2.68043735039782,77.042621952364,1346.86560321356,79
"238",2020-10-24,6819,1360,317,63,71.6,65,2,17,41,2,3,36,33,4,438,43,2358,0.02119999886,191,0,1.96114544181561,2.66918405736309,59.4900984767194,1343.87288205438,65
"239",2020-10-25,6889,1341,319,69,70.9,70,1,24,42,3,3,38,35,2,441,43,1751,0.03084000111,77,0,2.95409419822812,2.69199283888788,66.2319299224456,1317.0469308372,70
"240",2020-10-26,6962,1300,320,77,72,73,1,16,51,4,3,39,36,1,445,52,995,0.03920000076,121,0.01652999997,3.6742052645672,2.69207276847095,66.8447531056407,1271.11882764102,73
"241",2020-10-27,7040,1270,322,61,74.1,78,0,15,60,1,3,31,28,2,446,60,1354,0.02880000114,116,0,2.65273479888163,2.71452294162872,74.037605492272,1249.62931625309,78
"242",2020-10-28,7152,1276,325,94,77.7,112,2,69,38,2,2,29,27,3,448,40,1900,0.04052999973,166,0.01807000041,3.87253724855082,2.88204358442984,108.063379528038,1246.12180694441,112
"243",2020-10-29,7216,1261,326,65,74.4,64,0,18,42,9,2,37,35,1,457,42,2190,0.02921999931,96,0,2.79929127248031,2.907131831292,59.2891050461919,1239.65622531543,64
"244",2020-10-30,7266,1230,328,122,78.7,50,1,9,36,4,2,40,38,2,461,37,2789,0.03585999966,105,0.05714000225,3.66320799198307,3.08245945950097,45.1804577400366,1202.75575730392,50
"245",2020-10-31,7305,1160,329,83,81.6,39,0,5,32,2,2,39,37,1,463,32,2352,0.02763999939,322,0,2.43116225001047,3.14960471781452,36.5295949527927,1142.94781703873,39
"246",2020-11-01,7355,1120,332,50,78.9,50,1,6,40,1,2,37,35,3,464,41,1714,0.02566999912,104,0,2.42015283232563,3.07332737982845,46.4000228645695,1103.61038069068,50
"247",2020-11-02,7419,1072,332,56,75.9,64,3,8,47,6,2,42,40,0,470,50,1030,0.01748000026,14,0.07143000126,1.82034677063602,2.80849045212399,57.449658601707,1060.2006804206,64
"248",2020-11-03,7490,1000,333,36,72.3,71,1,36,33,1,2,43,41,1,471,34,1456,0.02197999954,13,0,2.17854862697345,2.74074957042283,69.5521276761486,986.827284592605,71
"249",2020-11-04,7555,924,337,53,66.4,65,5,1,51,1,1,40,39,4,472,56,1466,0.02729000092,295,0.00338999987,2.32863096594946,2.5201915300512,56.2115089895555,910.989898327666,65
"250",2020-11-05,7602,881,337,45,63.6,47,0,6,34,5,2,43,41,0,477,34,2536,0.02404999971,41,0,2.36673648678929,2.4583979892382,39.5134394719686,868.39235808248,47
"251",2020-11-06,7676,875,341,79,57.4,74,1,12,58,4,3,46,43,4,481,59,2342,0.0234800005,116,0.02585999966,2.35923194188609,2.2721156963672,70.1583516000619,862.517926272104,74
"252",2020-11-07,7711,841,346,75,56.3,35,3,4,25,3,4,46,42,5,484,28,2499,0.02760999918,142,0,2.61254782093222,2.29802792078459,31.5576863613678,827.714793925369,35
"253",2020-11-08,7748,779,346,47,55.9,37,1,5,29,1,4,47,43,0,485,30,1176,0.02040999889,92,0.01087000012,1.97178223230915,2.2339749779251,34.6423252728448,769.712379584871,37
"254",2020-11-09,7818,747,350,31,52.3,70,3,24,41,7,4,46,42,4,492,44,711,0.02109999895,20,0.1,2.32586857092339,2.30619237796615,67.3812062798419,736.494570250952,70
"255",2020-11-10,7885,756,350,51,54.4,67,0,11,54,3,5,47,42,0,495,54,1374,0.0334800005,17,0,3.30708272372394,2.46741153464479,63.9201911830273,740.882676562382,67
"256",2020-11-11,7941,755,353,78,58,56,0,6,48,2,5,46,41,3,497,48,2375,0.02611000061,241,0.02904999971,2.63808491509404,2.51161924166545,53.2343362979889,742.956748020451,56
"257",2020-11-12,7983,745,355,58,59.9,42,1,8,31,3,3,43,40,2,500,32,2318,0.02157000065,214,0.00467000008,2.01416435718088,2.46125179457853,39.6102797830466,735.926826199054,42
"258",2020-11-13,8021,721,357,81,60.1,38,1,7,26,0,3,36,33,2,500,27,2719,0.02170000076,200,0,2.02131901563686,2.41297851940007,33.6700055188608,712.187925151802,38
"259",2020-11-14,8042,698,357,50,56.6,21,3,2,14,3,3,37,34,0,503,17,1710,0.01578999996,245,0.01633000016,1.5857672619335,2.26629558240025,18.8369966913072,691.307275913672,21
"260",2020-11-15,8072,654,360,29,54,30,1,1,25,0,2,35,33,3,503,26,984,0.01524000049,306,0.00653999984,1.31762794055814,2.17284496929297,26.7928551242183,648.789509663028,30
"261",2020-11-16,8116,615,363,11,51.1,44,0,3,39,3,2,33,31,3,506,39,735,0.01223999977,53,0,1.14167510545051,2.00367447422541,41.7307751217675,610.754530766334,44
"262",2020-11-17,8157,593,363,39,49.4,41,1,10,29,1,2,32,30,0,507,30,1828,0.02078999996,38,0,2.03666237550268,1.82218585305094,39.6305562310438,585.697328166966,41
"263",2020-11-18,8198,585,363,66,47.7,41,3,6,30,1,2,32,30,0,508,33,2684,0.02049000025,20,0.05,2.07082694789201,1.74114900059351,38.58679478059,577.674998383186,41
"264",2020-11-19,8218,569,364,53,47,20,2,1,17,0,2,30,28,1,508,19,2476,0.01212000012,187,0.01603999972,1.23952685860909,1.63048650079754,19.8575975066261,564.735420066855,20
"265",2020-11-20,8243,526,364,28,39.4,25,1,2,20,1,2,30,28,0,509,21,2643,0.00757000029,222,0.02252000093,0.872842965896335,1.46641849369175,22.8891684359497,523.223933205217,25
"266",2020-11-21,8272,496,365,27,36.1,29,4,4,19,2,2,31,29,1,511,23,1495,0.01873000026,71,0,1.78808112316092,1.4953204738671,26.7513301655105,490.637380960574,29
"267",2020-11-22,8299,482,368,26,35.7,27,3,4,19,3,4,31,27,3,514,22,1220,0.01475000024,36,0,1.43272295324841,1.51176261853714,25.8094131419806,477.824415201576,27
"268",2020-11-23,8339,465,370,20,37,40,2,10,25,1,3,27,24,2,515,27,922,0.01735000014,13,0,1.71087701915294,1.59307717763748,36.7206873482806,460.189615442611,40
"269",2020-11-24,8383,475,370,21,34.4,44,2,7,34,1,3,23,20,0,516,36,1403,0.00855000019,41,0.09755999565,1.10772923048615,1.46037244263512,42.7588739301224,471.818475466893,44
"270",2020-11-25,8438,483,371,38,30.4,55,4,10,39,2,2,23,21,1,518,43,2618,0.01222000003,72,0.01389000058,1.22646989294796,1.33975000621454,52.6811155086525,479.418111411143,55
"271",2020-11-26,8483,498,372,60,31.4,45,3,4,37,3,2,23,21,1,521,40,3059,0.01437999964,224,0.0044600001,1.37031553217058,1.35843410243761,43.6685724376289,493.87372684848,45
"272",2020-11-27,8529,509,374,56,35.4,46,2,3,40,3,1,24,23,2,524,42,3154,0.01776000023,336,0.00298000008,1.63370546568195,1.46712874526413,44.5851117806212,503.971949912766,46
"273",2020-11-28,8574,512,375,60,40.1,45,2,3,40,2,1,25,24,1,526,42,2597,0.01194000006,191,0,1.11220158378121,1.37057452535274,44.7175504738287,508.556805776198,45
"274",2020-11-29,8619,526,377,23,39.7,45,0,4,38,5,1,28,27,2,531,38,898,0.02450000048,12,0,2.41769235505934,1.51128443989716,41.4444889722554,518.310557879114,45
"275",2020-11-30,8663,533,378,45,43.3,44,1,7,35,1,1,25,24,1,532,36,1135,0.02290999889,61,0,2.17415123245401,1.57746647036874,42.5267394525907,525.99311467308,44
"276",2020-12-01,8716,553,378,34,45.1,53,2,11,39,3,1,27,26,0,535,41,1906,0.01417000055,113,0.01769999981,1.43675686116048,1.62447041760793,51.6438153597759,548.195851072099,53
"277",2020-12-02,8758,567,379,50,46.9,42,1,5,34,6,1,31,30,1,541,35,2859,0.01014000058,81,0.01235000014,1.02008883229796,1.59498740894365,39.7841191654337,563.502730480026,42
"278",2020-12-03,8796,566,380,40,44,38,0,6,31,3,1,33,32,1,544,31,3327,0.01021999955,202,0,0.963500665991783,1.53687099948953,36.8193983291285,562.702563041507,38
"279",2020-12-04,8838,569,382,54,43.7,42,1,5,32,2,1,31,30,2,546,33,2994,0.01101999998,165,0.01212000012,1.10774548781007,1.46173385979355,37.7789645253521,565.188812573495,42
"280",2020-12-05,8873,558,382,45,41.6,35,3,2,29,1,1,31,30,0,547,32,2277,0.01845000029,209,0,1.68988940709292,1.54426069169522,33.673023671573,552.298350273055,35
"281",2020-12-06,8912,551,383,33,43,39,0,7,30,1,2,31,29,1,548,30,1397,0.01575000048,20,0,1.55276998380804,1.42070035294504,36.7183326986151,545.826710564563,39
"282",2020-12-07,8965,553,384,24,40,53,0,4,44,2,1,30,29,1,550,44,1068,0.01684999943,25,0.04,1.73795053899726,1.3583859681655,47.5376209589306,547.188736142924,53
"283",2020-12-08,9012,558,384,58,43.4,47,1,1,44,0,1,27,26,0,550,45,2367,0.01942999959,69,0,1.88796424587562,1.42284416598195,45.4862943644658,551.630050119376,47
"284",2020-12-09,9067,569,386,39,41.9,55,2,3,48,1,3,24,21,2,551,50,2911,0.00962000012,167,0.00598999977,0.94230507832716,1.41173220112898,52.7151149974332,565.758008670789,55
"285",2020-12-10,9111,567,386,57,44.3,44,2,0,42,1,3,23,20,0,552,44,3091,0.01391000032,252,0.00397000015,1.31607092512474,1.46209938100511,43.6498613748297,562.487986352919,44
"286",2020-12-11,9150,551,386,49,43.6,39,6,2,30,1,2,23,21,0,553,36,3047,0.01180999994,32,0,1.16872587908996,1.47081086547367,37.7455964235362,547.106211926901,39
"287",2020-12-12,9179,536,387,56,45.1,29,2,5,22,0,2,20,18,1,553,24,2616,0.01567000031,24,0,1.55275457617273,1.45122017534222,28.774668394807,530.96759415069,29
"288",2020-12-13,9219,534,388,28,44.4,40,5,2,33,0,2,19,17,1,553,38,1502,0.01197999954,47,0,1.16165005223241,1.39534589940284,39.7330886979707,530.249193808325,40
"289",2020-12-14,9261,531,388,19,43.7,42,3,4,35,2,2,20,18,0,555,38,917,0.01745000005,20,0,1.70775347340982,1.39103203289035,41.6076109993221,525.516880016843,42
"290",2020-12-15,9309,541,389,51,42.7,48,2,7,38,1,1,20,19,1,556,40,2079,0.01347000003,49,0,1.3159835555625,1.30932050570276,46.6817132903328,536.695172251751,48
"291",2020-12-16,9363,557,389,54,44.9,54,3,4,46,0,1,18,17,0,556,49,2312,0.01687000036,94,0,1.62109064140981,1.40628987185742,52.519701279641,551.540277811429,54
"292",2020-12-17,9400,552,390,60,45.3,37,1,5,29,1,0,17,17,1,557,30,3207,0.01340999961,83,0.02410000086,1.36796865716261,1.41370383357712,34.7518550435286,547.434132800926,37
"293",2020-12-18,9441,541,390,23,41.6,41,3,4,34,0,0,16,16,0,557,37,3298,0.00727999985,170,0.00588,0.721137240637255,1.34976259951245,40.8386653323456,538.641025535107,41
"294",2020-12-19,9480,538,390,46,40.1,39,1,7,28,3,0,19,19,0,560,29,2799,0.0117900002,140,0,1.12283805919701,1.2883459542302,35.8031102200067,534.347355115987,39
"295",2020-12-20,9524,533,390,24,39.6,44,5,2,34,0,0,16,16,0,560,39,1360,0.01618000031,51,0,1.55951810216868,1.34518424707824,40.6322411961571,527.973963014147,44
"296",2020-12-21,9598,553,390,28,40.9,74,7,8,59,1,0,15,15,0,561,66,1365,0.00658999979,32,0.03125,0.715486736818182,1.20343185613658,73.7144687977208,550.607594623327,74
"297",2020-12-22,9681,596,390,66,43,83,5,7,69,2,0,15,15,0,563,74,3021,0.02250999928,48,0,2.21579367301662,1.33197615863002,80.0085539459562,588.014839889052,83
"298",2020-12-23,9781,663,390,53,42.9,100,5,6,88,1,1,13,12,0,564,93,2652,0.01998000026,199,0.01508000016,1.9637979909281,1.38093435141835,97.8956981216488,655.127396286593,100
"299",2020-12-24,9855,692,390,56,42.3,74,11,5,56,2,1,13,12,0,566,67,3469,0.01557000041,144,0,1.49494413014918,1.39907370470214,71.3943693919504,685.744830137756,74
"300",2020-12-25,9918,721,390,52,46.4,63,6,2,54,0,1,10,9,0,566,60,2537,0.0295600009,161,0,2.77960423585248,1.69314041830432,60.9915781059721,708.882130240098,63
"301",2020-12-26,10011,763,390,86,52.1,93,5,4,83,2,2,12,10,0,568,88,951,0.01998000026,50,0,1.8981998249011,1.80390638483348,90.9899737707125,754.242613489246,93
"302",2020-12-27,10122,828,391,35,53.7,111,8,6,95,2,4,12,8,1,570,103,1480,0.02703000069,32,0.0625,2.77806885060847,1.97798506318202,107.269831979187,814.091464842398,111
"303",2020-12-28,10256,924,391,65,59,134,15,7,110,1,2,13,11,0,571,125,1188,0.04125,39,0.02563999891,4.07538385961614,2.45797036643887,128.919745611027,901.230759556709,134
"304",2020-12-29,10376,1000,391,112,65.6,120,5,15,100,3,4,12,8,0,574,105,1880,0.05052999973,25,0.04,5.03918107571654,2.86131142396743,116.800682700234,969.530311430798,120
"305",2020-12-30,10513,1091,391,88,70.6,137,12,10,115,3,5,13,8,0,577,127,2458,0.05736000061,62,0,5.5948762499754,3.38003688954561,132.70362424697,1054.09176420035,137
"306",2020-12-31,10639,1179,391,147,83.6,126,0,9,117,2,5,13,8,0,579,117,2652,0.03318000078,144,0,3.14711595381116,3.61606143578304,123.77358224226,1156.56455951816,126
"307",2021-01-01,10756,1235,392,88,88.7,117,0,5,111,2,6,13,7,1,581,111,2759,0.03914000034,134,0.01493000031,3.80186246040788,3.76209832500524,113.44831282333,1206.60960663795,117
"308",2021-01-02,10868,1293,392,133,95.4,112,4,8,100,2,6,15,9,0,583,104,2369,0.02954999924,431,0,2.50014100712714,3.8480899224661,110.42780687198,1273.45340659106,112
"309",2021-01-03,10991,1320,393,107,105.7,123,0,5,118,3,5,18,13,1,586,118,1516,0.06002999783,126,0.02381000042,5.72506314026797,4.26908910670317,118.915204312045,1274.30567535508,123
"310",2021-01-04,11167,1432,393,115,112.9,176,5,30,141,5,8,21,13,0,591,146,1386,0.05339000225,155,0.00644999981,4.86685873387735,4.38215694588335,171.703551135652,1389.85948785105,176
"311",2021-01-05,11310,1508,395,105,111.9,143,2,19,122,6,8,23,15,2,597,124,2417,0.05750999928,97,0.01031000018,5.5688837819101,4.45782876105386,138.824601886011,1457.22177132342,143
"312",2021-01-06,11494,1604,395,132,118.1,184,11,42,130,7,7,28,21,0,604,141,2627,0.05138999939,211,0.01422000051,4.86264793887033,4.35322471661028,178.854279769056,1556.83875708912,184
"313",2021-01-07,11610,1638,395,188,124,116,2,7,106,6,9,32,23,0,610,108,2311,0.04889999866,91,0.01098999977,4.74637747220358,4.58169064780919,111.900482587629,1590.99065257905,116
"314",2021-01-08,11743,1670,395,186,138,133,6,13,113,0,11,30,19,0,610,119,2661,0.03683000088,249,0,3.36785678150103,4.51968983653679,129.576691938115,1635.99223140043,133
"315",2021-01-09,11843,1681,397,153,140.9,100,6,2,92,4,11,30,19,2,614,98,3020,0.03244999886,375,0.0026699999,2.91606028040353,4.57910687557627,98.2720521784648,1651.36040522448,100
"316",2021-01-10,11936,1665,397,120,142.7,93,5,3,83,5,11,34,23,0,619,88,1824,0.05098999977,78,0,4.88989272242271,4.45979681588409,88.3981032748718,1615.77093128025,93
"317",2021-01-11,12100,1716,397,66,135.7,164,2,25,135,3,13,34,21,0,622,137,1608,0.03420000076,115,0,3.19173541625537,4.22049348479524,159.356036223857,1682.88290627839,164
"318",2021-01-12,12240,1743,398,160,143.6,140,1,22,115,4,13,35,22,1,626,116,2211,0.07056000233,74,0.01350999951,6.87124311227002,4.4065448177038,133.180506989147,1670.58296277657,140
"319",2021-01-13,12329,1731,402,172,149.3,89,1,9,76,2,11,34,23,4,628,77,2532,0.03752000093,173,0.01156000018,3.58597125271349,4.22416243396711,84.3304263580165,1693.46711721723,89
"320",2021-01-14,12421,1719,402,130,141,92,2,14,75,9,10,41,31,0,637,77,2581,0.03371000051,146,0,3.1905211337114,4.00189724275394,89.5145419152468,1685.83763054947,92
"321",2021-01-15,12517,1689,404,144,135,96,6,7,81,5,11,41,30,2,642,87,2923,0.03729000092,206,0.00485000014,3.51542897788431,4.02297898509441,92.1507073997851,1653.09821607169,96
"322",2021-01-16,12578,1640,405,119,130.1,61,0,1,58,2,9,39,30,1,644,58,2470,0.03239000082,289,0,2.89972098678507,4.02064480029177,57.9830671975294,1611.24534834393,61
"323",2021-01-17,12658,1579,407,74,123.6,80,2,3,72,2,9,39,30,2,646,74,2036,0.02602999926,32,0,2.56272139716441,3.6881917538263,75.8533228306527,1554.53238850812,80
"324",2021-01-18,12779,1600,408,64,123.3,121,2,45,72,7,10,43,33,1,653,74,1021,0.03917999983,48,0,3.74207482005893,3.76681166865538,117.325626903143,1563.79733844634,121
"325",2021-01-19,12853,1541,415,81,112,74,3,24,47,8,9,45,36,7,661,50,2337,0.04107999802,89,0,3.95729412088788,3.35053324131507,72.8036000529804,1504.12695363286,74
"326",2021-01-20,12914,1499,415,166,111.1,61,1,8,50,2,7,37,30,0,663,51,3065,0.02250999928,163,0.00612999976,2.16828803451301,3.14800706728643,58.3313556176074,1479.34709942732,61
"327",2021-01-21,12985,1468,417,81,104.1,71,1,9,60,3,7,37,30,2,666,61,2636,0.02427999973,117,0,2.32481217901489,3.02433435947264,69.1425165274399,1447.36416823413,71
"328",2021-01-22,13064,1436,418,95,97.1,79,1,3,74,5,6,37,31,1,671,75,2311,0.03072000027,111,0.00901000023,2.97250332987201,2.94677355261374,76.6519945001296,1410.19018802915,79
"329",2021-01-23,13112,1370,418,84,92.1,48,1,4,40,4,9,39,30,0,675,41,2122,0.03299000025,276,0,2.9192986042744,2.94957035511222,44.2762802453365,1345.81716917344,48
"330",2021-01-24,13158,1286,419,44,87.9,46,2,9,35,2,8,37,29,1,677,37,1247,0.02244999886,36,0,2.18200690400779,2.89518257037556,45.5118358353443,1269.0329968717,46
"331",2021-01-25,13221,1227,419,29,82.9,63,1,18,43,4,7,38,31,0,681,44,825,0.02061000109,48,0,1.94768051537801,2.63884052684971,61.481822624521,1212.54991727926,63
"332",2021-01-26,13283,1164,420,74,81.9,62,1,19,40,8,5,40,35,1,689,41,2354,0.02421000004,79,0,2.34238964628689,2.408139887621,59.4193010411285,1147.51381492375,62
"333",2021-01-27,13361,1123,422,80,69.6,78,0,27,50,1,4,30,26,2,690,50,2800,0.01963999987,175,0.0057099998,1.88205881011765,2.36724999842166,76.4310013378012,1110.22029004701,78
"334",2021-01-28,13399,1062,422,66,67.4,38,1,3,33,3,5,30,25,0,693,34,2355,0.02122999907,209,0.02871000051,2.18397183761466,2.3471299496502,36.5510127568291,1047.97575140449,38
"335",2021-01-29,13428,959,422,73,64.3,29,1,2,26,3,4,31,27,0,696,27,2847,0.01228999972,180,0.00555999994,1.18898015170268,2.09234092419744,28.8058906658421,952.105524020096,29
"336",2021-01-30,13447,862,423,42,58.3,19,1,6,12,2,5,33,28,1,698,13,2155,0.01577999949,216,0,1.43424288911641,1.8801901077463,18.887261018091,854.524538276493,19
"337",2021-01-31,13490,804,424,25,55.6,43,3,5,35,4,6,32,26,1,702,38,922,0.01952000022,24,0,1.90247782271036,1.84025738184666,42.5628693583187,794.751235897058,43
"338",2021-02-01,13530,713,424,27,55.3,40,6,7,25,4,5,29,24,0,706,31,548,0.02920000076,29,0,2.77324097339341,1.95819459013458,37.4801747718475,701.044019752492,40
"339",2021-02-02,13572,650,425,59,53.1,42,4,5,31,3,5,27,22,1,709,35,2439,0.02213999987,107,0.02803999901,2.23879574143755,1.94339546087039,39.5262048972772,641.20094809229,42
"340",2021-02-03,13635,635,425,54,49.4,63,4,22,36,2,4,26,22,0,711,40,2865,0.01291000009,212,0,1.20205233207182,1.84625167829241,61.7092689494441,630.384644572425,63
"341",2021-02-04,13717,637,425,51,47.3,82,3,43,33,2,5,25,20,0,713,36,2814,0.01279000044,90,0,1.2393616128843,1.71130736047379,78.7302207194255,632.226405507612,82
"342",2021-02-05,13774,635,427,72,47.1,57,1,8,47,2,5,21,16,2,715,48,2435,0.01601999998,149,0,1.50962461111842,1.7571137118189,55.5618546007437,629.203701489005,57
"343",2021-02-06,13799,604,427,61,49.9,25,1,4,19,3,6,21,15,0,718,20,2369,0.01434999943,205,0.01463000059,1.43722994446853,1.75754043401206,23.8261941845221,598.751064372567,25
"344",2021-02-07,13824,559,429,33,51,25,1,2,19,3,4,23,19,2,721,20,1004,0.0249000001,75,0,2.31692308622799,1.81674690022886,21.719811914613,551.168743013434,25
"345",2021-02-08,13871,556,431,23,50.4,47,1,7,38,2,5,21,16,2,723,39,852,0.01407999992,29,0,1.36165265968672,1.61509142684219,45.6789009677544,551.42228046337,47
"346",2021-02-09,13926,575,431,43,48.1,55,5,8,39,0,2,18,16,0,723,44,2244,0.01782999992,149,0,1.67198160553615,1.53411797885628,51.5551718911981,569.186905396339,55
"347",2021-02-10,13983,592,432,41,46.3,57,0,6,50,3,4,19,15,1,726,50,2791,0.01253999949,100,0,1.21062395629851,1.53534249660295,55.6339947466803,587.666497800695,57
"348",2021-02-11,14043,618,433,51,46.3,60,1,11,46,1,3,16,13,1,727,47,2563,0.01521999955,58,0,1.48831968129149,1.57090793494683,57.5770372377075,612.438489636239,60
"349",2021-02-12,14094,621,435,52,43.4,51,0,8,41,3,2,16,14,2,730,41,2612,0.01570000052,173,0,1.47247401645386,1.56560070713761,48.6349607633916,615.470991074784,51
"350",2021-02-13,14127,620,435,46,41.3,33,0,3,29,6,2,21,19,0,736,29,2099,0.02191999912,46,0.02174000025,2.1916139004373,1.67336984370457,31.6157002560139,611.783936507883,33
"351",2021-02-14,14168,594,437,48,43.4,41,0,4,35,4,2,21,19,2,740,35,1175,0.01702000022,10,0,1.68763715261603,1.58347185318858,38.6428462841504,587.938591222439,41
"352",2021-02-15,14230,616,438,34,45,62,2,8,51,4,2,23,21,1,744,53,867,0.02653000116,26,0,2.5757571115028,1.75691534630516,60.1745536944551,606.406133505365,62
"353",2021-02-16,14281,611,438,61,47.6,51,3,13,32,3,2,24,22,0,747,35,1561,0.0333100009,23,0,3.28263329576389,1.98700844490913,47.3052981338221,598.872490279008,51
"354",2021-02-17,14338,627,439,50,48.9,57,5,6,44,2,2,25,23,1,749,49,2063,0.01842000008,222,0,1.66303983216805,2.05163928431906,54.5072725220338,620.695099414596,57
"355",2021-02-18,14410,643,439,68,51.3,72,3,12,53,3,3,26,23,0,752,56,2348,0.02128999949,116,0,2.02877105529708,2.12884662346272,67.3130436884406,635.112269494059,72
"356",2021-02-19,14464,648,440,58,52.1,54,2,16,33,1,3,26,23,1,753,35,2576,0.01514000058,96,0,1.45960484633533,2.12700817058864,50.6911046348247,642.281022953326,54
"357",2021-02-20,14512,626,440,66,55,48,0,3,44,4,3,26,23,0,757,44,2384,0.02559000015,68,0,2.48803264101142,2.16935370495637,46.3380627809098,616.582438655672,48
"358",2021-02-21,14552,612,440,53,55.7,40,0,7,31,2,4,24,20,0,759,31,1000,0.03,28,0,2.91828793774319,2.34516095997454,37.4529867012617,601.20089874749,40
"359",2021-02-22,14617,627,440,32,55.4,65,0,11,54,1,6,23,17,0,760,54,863,0.01506000042,66,0,1.399007574,2.17705388318842,64.5432044373793,621.696095967348,65
"360",2021-02-23,14672,633,440,47,53.4,55,0,7,47,3,6,25,19,0,763,47,2036,0.01965000033,84,0,1.88714154112641,1.97769791824021,53.463696805797,625.777022937649,55
"361",2021-02-24,14719,639,441,60,54.9,47,2,10,35,1,6,24,18,1,764,37,2874,0.01878999949,41,0,1.85257147630394,2.00477386740248,46.5855379717022,631.842128754533,47
"362",2021-02-25,14752,635,441,44,51.4,33,1,5,25,1,6,23,17,0,765,26,2376,0.01851999998,128,0.00781000018,1.7972523951885,1.97169977310126,30.7174531499445,628.099336546722,33
"363",2021-02-26,14817,638,441,56,51.1,65,5,12,43,1,6,21,15,0,766,48,2639,0.01819000006,181,0,1.70224858717518,2.00636316464981,59.5059484448198,631.433231412396,65
"364",2021-02-27,14864,644,442,71,51.9,47,0,5,34,3,6,23,17,1,769,34,2535,0.0209100008,47,0.02128000021,2.09167358783385,1.9497404427673,38.5699876978081,635.85506109966,47
"365",2021-02-28,14929,655,442,50,51.4,65,2,8,54,7,6,28,22,0,776,56,1552,0.02576999903,94,0,2.42983222931713,1.87996105584929,63.1772415218554,645.376664228845,65
"366",2021-03-01,15007,671,442,54,54.6,78,4,7,65,3,6,29,23,0,779,69,996,0.02911999941,45,0,2.78612098101441,2.0781201139942,74.8375959553917,659.69604182707,78
"367",2021-03-02,15072,681,443,62,56.7,65,1,6,57,3,4,29,25,1,782,58,2006,0.02592000008,41,0,2.54008403324279,2.17139761286797,63.109191958051,670.540684886771,65
"368",2021-03-03,15132,692,443,65,57.4,60,0,5,51,6,5,32,27,0,788,51,2676,0.02092999935,109,0,2.01108360002154,2.19404220197049,55.3798334306732,683.585190863252,60
"369",2021-03-04,15190,689,443,61,59.9,58,3,3,51,1,5,31,26,0,789,54,2414,0.02029999971,225,0.00444000006,1.89477829910724,2.20797447395888,56.3813283535645,681.106208066777,58
"370",2021-03-05,15261,691,444,52,59.3,71,1,9,57,1,2,28,26,1,790,58,2440,0.0188499999,154,0,1.77309174078643,2.21809492447477,66.3781763275802,683.591721419964,71
"371",2021-03-06,15318,706,445,46,55.7,57,3,3,48,0,2,26,24,1,790,51,1957,0.02095000029,25,0,2.06857470068264,2.21479508345317,53.3621046506944,697.169527125299,57
"372",2021-03-07,15357,696,446,55,56.4,39,1,0,37,2,5,25,20,1,792,38,1752,0.01940999985,16,0.0625,1.97999546024887,2.15053268787199,37.5450581995055,687.667381759364,39
"373",2021-03-08,15443,741,447,39,54.3,86,1,10,66,6,4,29,25,1,798,67,1170,0.02051000118,142,0,1.82901687352134,2.01380352965869,76.2590301009221,732.805094101243,86
"374",2021-03-09,15499,746,447,69,55.3,56,0,8,46,1,3,27,24,0,799,46,2105,0.03183000088,57,0,3.09908195432007,2.09366037552688,53.138016517631,732.020876568537,56
"375",2021-03-10,15581,771,447,76,56.9,82,4,8,67,0,2,24,22,0,799,71,2655,0.01807999969,173,0,1.69739742492751,2.04884806479916,78.2712980383438,763.086912500889,82
"376",2021-03-11,15641,768,450,73,58.6,60,1,6,52,1,2,20,18,3,800,53,2321,0.02801000118,86,0,2.70092283916826,2.16401157052216,58.1344421532617,755.457576862357,60
"377",2021-03-12,15723,773,450,94,64.6,82,3,4,70,2,2,17,15,0,802,73,2361,0.02286999941,133,0,2.16503883749038,2.22000401290844,76.0443549768709,762.880635577003,82
"378",2021-03-13,15792,792,450,56,66,69,4,4,55,5,4,22,18,0,807,59,2353,0.01870000005,99,0,1.79449837347675,2.18085025187903,62.3598184824843,783.406376917416,69
"379",2021-03-14,15859,816,450,65,67.4,67,1,8,53,2,3,23,20,0,809,54,1535,0.02996999979,36,0,2.9283227038606,2.31632557239499,61.0438616331286,801.55168690061,67
"380",2021-03-15,15960,856,451,59,70.3,101,2,3,93,4,5,25,20,1,813,95,1000,0.03200000048,13,0,3.15893390720632,2.50631372006427,96.1854363958909,839.649826893501,101
"381",2021-03-16,16044,869,452,85,72.6,84,4,4,73,5,6,27,21,1,818,77,1583,0.03411000013,9,0,3.39171672146922,2.54811868679986,79.4208683114917,851.178370943977,84
"382",2021-03-17,16131,895,453,77,72.7,87,3,5,76,3,5,27,22,1,821,79,2842,0.02674000025,175,0,2.51889561519722,2.66547557112411,82.7967792507088,881.368575055498,87
"383",2021-03-18,16227,933,454,63,71.3,96,2,3,87,2,5,24,19,1,823,89,2566,0.02845000029,161,0,2.67703339729153,2.66206279371314,90.5593720153235,917.897686407829,96
"384",2021-03-19,16357,988,456,118,74.7,130,6,6,109,2,4,24,20,2,825,115,2615,0.03823999882,97,0,3.68722702486357,2.87951824905217,118.436072328818,965.972517051061,130
"385",2021-03-20,16458,1039,457,84,78.7,101,4,5,87,4,4,27,23,1,829,91,1997,0.04356999874,151,0.00662,4.09724895175885,3.20848261737819,93.745543831745,1013.25956089212,101
"386",2021-03-21,16543,1068,458,88,82,85,5,1,78,4,4,29,25,1,833,83,1306,0.04210999966,87,0,3.94800140387365,3.35415100309434,82.0186397691484,1042.50490690904,85
"387",2021-03-22,16692,1143,459,55,81.4,149,5,4,137,4,7,30,23,1,837,142,1150,0.05478000164,131,0,4.9177987420765,3.60541740807579,141.777524417378,1109.01204513424,149
"388",2021-03-23,16813,1176,460,109,84.9,121,2,0,117,5,9,31,22,1,842,119,1966,0.0350999999,153,0,3.25656440789995,3.58610993470875,116.656771265613,1152.84338662488,121
"389",2021-03-24,16961,1260,460,89,86.6,148,6,3,133,4,9,33,24,0,846,139,3106,0.04572000027,47,0,4.50384779063178,3.8696745311994,138.214645512842,1225.68671472072,148
"390",2021-03-25,17117,1349,461,126,95.6,156,7,5,138,8,10,40,30,1,854,145,3005,0.0379399991,282,0,3.46850311212352,3.98274163331826,146.958987945509,1320.70810164477,156
"391",2021-03-26,17265,1434,462,107,94,148,9,2,130,4,11,42,31,1,858,139,2390,0.06736000061,117,0,6.42163547897487,4.37337141247702,135.602800137741,1378.31953523397,148
"392",2021-03-27,17394,1500,464,140,102,129,6,4,113,5,13,44,31,2,863,119,2476,0.06260000229,117,0,5.97753974816969,4.64198438339285,118.698920351499,1445.78471031302,129
"393",2021-03-28,17529,1556,465,145,110.1,135,3,5,123,5,13,45,32,1,868,126,2480,0.08265999794,157,0,7.77386404593098,5.18853618940104,125.077357248058,1482.86006252364,135
"394",2021-03-29,17737,1706,465,115,118.7,208,7,1,188,4,12,47,35,0,872,195,1644,0.08394000053,40,0,8.19461762893824,5.65665317323843,186.337903827542,1621.46904579378,208
"395",2021-03-30,17945,1836,466,168,127.1,208,8,5,187,6,12,48,36,1,878,195,1968,0.04065000057,64,0,3.93696855914173,5.75385376627297,195.35800563628,1792.29383768313,208
"396",2021-03-31,18151,1936,467,167,138.3,206,5,5,190,8,14,54,40,1,886,195,3021,0.07910999775,224,0,7.36490918960709,6.16257682326945,191.316195079059,1849.78540345158,206
"397",2021-04-01,18392,2071,468,146,141.1,241,13,5,206,4,14,52,38,1,890,219,2628,0.06925000191,100,0.01,6.7078081018871,6.62533467894996,215.117549508575,1987.00203211077,241
"398",2021-04-02,18582,2154,469,252,161.9,190,13,6,157,6,14,56,42,1,896,170,3119,0.09265999794,99,0,8.98093640692542,6.99094909722861,166.768365669855,2037.02976266393,190
"399",2021-04-03,18821,2321,469,227,174.3,239,13,3,214,11,13,60,47,0,907,227,2869,0.0968999958,36,0,9.56991696902582,7.5041458430652,216.864637038708,2186.69525359842,239
"400",2021-04-04,19038,2467,470,156,175.9,217,7,4,202,12,14,63,49,1,919,209,1803,0.08541000366,139,0,7.9296723274449,7.52640416899576,202.979034229507,2348.71424614447,217
"401",2021-04-05,19307,2595,471,189,186.4,269,6,4,254,5,16,66,50,1,924,260,2029,0.09906000137,162,0,9.17356197077727,7.66625336068705,249.57820234058,2451.05936566848,269
"402",2021-04-06,19558,2708,472,159,185.1,251,4,6,225,10,18,70,52,1,934,229,1719,0.1128600025,83,0,10.7661678300499,8.64185325653108,220.092504776187,2531.71398661098,251
"403",2021-04-07,19851,2843,473,224,193.3,293,2,5,277,12,22,76,54,1,946,279,3331,0.08975999832,44,0,8.85897938974578,8.85529185655089,269.05499910037,2690.71097649588,293
"404",2021-04-08,20112,2975,474,176,197.6,261,18,5,227,10,28,83,55,1,956,245,3336,0.07763999939,195,0.01026000023,7.39189289181223,8.95301825511162,239.049604611002,2842.03091313359,261
"405",2021-04-09,20362,3080,476,270,200.1,250,8,3,238,13,29,87,58,2,969,246,3392,0.1049499989,158,0,10.0278984864451,9.10258426647157,234.083975537601,2893.2465229911,250
"406",2021-04-10,20608,3189,479,386,222.9,246,8,1,228,14,25,91,66,3,983,236,3163,0.08125,97,0,7.88324386503068,8.86163096590084,225.750712522109,3036.99161963138,246
"407",2021-04-11,20880,3330,479,236,234.3,272,9,3,252,12,28,98,70,0,995,261,2683,0.1364099979,29,0,13.4951336418031,9.65669686795201,242.702641180038,3058.27507712462,272
"408",2021-04-12,21243,3474,480,373,260.6,363,18,6,334,16,27,99,72,1,1011,352,2117,0.07888999939,107,0,7.50944823330171,9.41896633402693,342.016983705061,3316.25852668006,363
"409",2021-04-13,21519,3538,482,367,290.3,276,16,1,253,11,28,102,74,2,1022,269,2671,0.07861999989,179,0,7.36821121776105,8.9335439608428,258.015431616146,3380.37396675808,276
"410",2021-04-14,21838,3656,484,383,313,319,12,10,294,14,28,101,73,2,1036,306,3875,0.1514799976,96,0.01042000055,14.8069833984588,9.78325881923038,288.603437978801,3328.67375572058,322
"411",2021-04-15,22095,3684,484,234,321.3,257,17,2,236,19,29,108,79,0,1055,253,3815,0.1116600037,98,0.01019999981,10.9118966035492,10.2861164923357,238.30721444376,3440.93192889649,249
"412",2021-04-16,22357,3761,486,334,330.4,262,7,10,238,15,24,111,87,2,1070,245,2939,0.1115999985,243,0,10.3077434189661,10.3260943398387,239.730045786912,3526.59062124317,261
"413",2021-04-17,22545,3726,486,367,327.7,188,5,8,174,15,23,119,96,0,1085,179,2929,0.1000300026,120,0,9.60931051542801,10.5726752898954,176.59952176905,3509.50736375129,181
"414",2021-04-18,22691,3661,486,250,329.7,146,3,7,133,9,21,117,96,0,1094,136,1938,0.05986000061,188,0.01595999956,5.59779685322013,9.44448432009785,138.396754969692,3537.0847054709,141
"415",2021-04-19,22876,3583,486,198,304.7,185,1,5,179,22,21,114,93,0,1116,180,2053,0.100340004,89,0.04493999958,9.80381364027171,9.77225080680786,174.329725226022,3370.60225269354,201
"416",2021-04-20,23016,3468,487,187,279,140,4,2,134,17,27,119,92,1,1133,138,2748,0.09425000191,221,0,8.723442413226,9.96585526330285,132.720944414733,3285.07416833546,162
"417",2021-04-21,23166,3333,488,218,255.4,150,2,2,143,10,24,110,86,1,1143,145,2435,0.1076000023,233,0.0085799998,9.89524533560345,9.26417839718065,138.324338086208,3133.57944028504,195
"418",2021-04-22,23272,3183,491,238,256,106,1,2,102,14,21,108,87,3,1157,103,2320,0.1495699978,212,0.00472000003,13.7441956912464,9.66879255256597,96.4401805226753,2918.47664663762,152
"419",2021-04-23,23423,3074,494,189,235.3,151,0,5,146,17,29,111,82,3,1174,146,2473,0.07076000214,85,0,6.84087119985223,9.17352509269257,144.960898619644,2946.84796134785,173
"420",2021-04-24,23567,2978,494,227,215.3,144,1,1,141,17,32,121,89,0,1191,142,2400,0.06291999817,214,0.00467000008,5.81512531083091,8.63149863489298,138.007070048478,2873.28911693216,144
"421",2021-04-25,23710,2836,498,140,199.6,143,0,0,143,13,31,122,91,4,1204,143,1615,0.1343700027,93,0.01075000048,12.7638937005351,9.65522675593798,131.963604204668,2617.12434632474,142
"422",2021-04-26,23863,2638,501,176,196.4,153,0,3,149,3,33,116,83,3,1207,149,1259,0.08737000465,31,0,8.5270415390969,9.47283074148444,144.317674611182,2501.98674915637,169
"423",2021-04-27,23864,2363,503,140,189.7,1,0,0,1,0,33,116,83,2,1207,1,2420,0.08760000229,318,0.00943000019,7.85210904317823,9.34835454576333,0.952521786067583,2250.8089804777,156
