"","date","observed_cumulative_cases","observed_active_cases","observed_cumulative_deaths","observed_new_cases","observed_daily_average_cases","observed_new_episodes","observed_new_cases_community_outbreak","observed_new_cases_institution_outbreak","observed_new_cases_sporadic","observed_new_ICU_p_acute_care","observed_census_ICU","observed_census_ICU_p_acute_care","observed_census_acute_care","observed_new_deaths","cumulative_hosp","observed_new_community_cases","num_non_ltch_tests","non_ltch_pct_positivity","num_ltch_tests","ltch_pct_positivity","observed_pct_positivity","pct_positivity_7_day","adjusted_new_episodes","adjusted_active_cases","adjusted_episode_cases"
"1",2020-03-01,7,6,0,0,0,2,0,0,2,0,0,1,1,0,0,2,NA,NA,NA,NA,NA,NA,NA,NA,2
"2",2020-03-02,10,9,0,0,0,3,2,0,1,0,0,1,1,0,0,3,NA,NA,NA,NA,NA,NA,NA,NA,3
"3",2020-03-03,11,10,0,0,0,1,0,0,1,0,0,1,1,0,0,1,NA,NA,NA,NA,NA,NA,NA,NA,1
"4",2020-03-04,12,11,0,0,0,1,0,0,1,0,0,1,1,0,0,1,NA,NA,NA,NA,NA,NA,NA,NA,1
"5",2020-03-05,18,16,0,0,0,6,2,0,4,0,0,1,1,0,0,6,NA,NA,NA,NA,NA,NA,NA,NA,6
"6",2020-03-06,23,21,0,0,0,5,0,1,4,0,0,1,1,0,0,4,NA,NA,NA,NA,NA,NA,NA,NA,5
"7",2020-03-07,27,25,0,0,0,4,0,0,4,0,0,1,1,0,0,4,NA,NA,NA,NA,NA,NA,NA,NA,4
"8",2020-03-08,36,34,0,0,0,9,1,0,8,0,0,1,1,0,0,9,NA,NA,NA,NA,NA,NA,NA,NA,9
"9",2020-03-09,45,43,0,1,0.1,9,0,0,9,0,0,1,1,0,0,9,NA,NA,NA,NA,NA,NA,NA,NA,9
"10",2020-03-10,52,50,0,0,0.1,7,1,0,6,0,0,1,1,0,0,7,NA,NA,NA,NA,NA,NA,NA,NA,7
"11",2020-03-11,61,59,0,0,0.1,9,0,0,9,0,0,1,1,0,0,9,NA,NA,NA,NA,NA,NA,NA,NA,9
"12",2020-03-12,75,73,0,3,0.6,14,1,0,13,0,0,1,1,0,0,14,NA,NA,NA,NA,NA,NA,NA,NA,14
"13",2020-03-13,97,95,0,1,0.7,22,2,2,18,0,0,1,1,0,0,20,NA,NA,NA,NA,NA,NA,NA,NA,22
"14",2020-03-14,115,113,0,4,1.3,18,1,1,16,1,0,2,2,0,1,17,NA,NA,NA,NA,NA,NA,NA,NA,18
"15",2020-03-15,142,139,0,4,1.9,27,1,0,26,0,0,2,2,0,1,27,NA,NA,NA,NA,NA,NA,NA,NA,27
"16",2020-03-16,157,154,0,0,1.7,15,0,0,15,0,0,2,2,0,1,15,NA,NA,NA,NA,NA,NA,NA,NA,15
"17",2020-03-17,180,176,0,5,2.4,23,1,0,22,2,0,4,4,0,3,23,127,0,4,0,0,0,23,176,23
"18",2020-03-18,196,191,0,4,3,16,0,0,16,0,0,3,3,0,3,16,210,0.0190499997138977,1,0,1.89597153550641,0.947985767753204,15.7631462772155,188.17255868426,16
"19",2020-03-19,221,216,0,1,2.7,25,0,0,25,4,0,7,7,0,7,25,110,0.0272699999809265,9,0,2.52075630075791,1.47224261208811,24.5079612690597,211.748785364676,25
"20",2020-03-20,243,238,0,2,2.9,22,1,1,20,3,1,10,9,0,10,21,137,0.00730000019073486,4,0,0.709290798674238,1.28150465873464,21.8837020551143,236.681956624629,22
"21",2020-03-21,263,258,0,4,2.9,20,0,2,18,3,1,10,9,0,13,18,204,0.0147099995613098,3,0,1.44968111618705,1.31513995022512,19.7962613582864,255.079746135439,20
"22",2020-03-22,289,284,0,7,3.3,26,0,1,25,3,5,13,8,0,16,25,159,0.0314499998092651,2,0,3.10593165818208,1.61360523488462,25.3937380336926,277.112864062748,26
"23",2020-03-23,310,305,0,9,4.6,21,2,0,19,4,5,17,12,0,20,21,138,0.0362299990653992,3,0,3.54591480214545,1.88964945877902,20.4185986833609,296.555838020242,21
"24",2020-03-24,328,321,1,8,5,18,1,3,14,3,7,20,13,1,23,15,253,0.0197599995136261,4,0,1.94524508830638,2.16754161425136,17.7721788676683,316.124627768102,18
"25",2020-03-25,351,344,1,8,5.6,23,0,1,22,4,8,23,15,0,27,22,153,0.0588199996948242,2,0,5.80610319568265,2.7261318514194,22.002676962631,328.405494324776,23
"26",2020-03-26,365,354,1,19,8.1,14,1,3,10,2,7,25,18,0,29,11,274,0.025550000667572,3,0,2.5273285858898,2.72707074929538,13.7829384927585,347.014566039683,14
"27",2020-03-27,382,362,1,27,11.7,17,3,2,12,5,9,26,17,0,34,15,577,0.0294600009918213,4,0,2.92571782655437,3.04370318184968,16.6573489108722,353.73068704905,17
"28",2020-03-28,407,384,2,26,14.9,25,1,1,23,3,8,25,17,1,37,24,367,0.0817399978637695,3,0,8.10772411243336,3.99485218131344,23.4807171916537,359.691475066459,25
"29",2020-03-29,426,396,2,11,15.4,19,5,4,10,7,8,31,23,0,44,15,184,0.0434800004959106,0,0,4.34800004959107,4.1722905229433,18.4907755836883,382.55647540937,19
"30",2020-03-30,451,406,3,48,21,25,8,2,14,4,12,32,20,1,48,22,549,0.0783199977874756,0,0,7.83199977874756,4.7845883767436,22.654685673892,381.172835618188,25
"31",2020-03-31,468,403,3,51,27.1,17,2,3,12,6,13,34,21,0,54,14,943,0.064689998626709,0,0,6.4689998626709,5.43083905879567,16.2928792244304,382.645023388962,17
"32",2020-04-01,495,405,3,37,31.3,27,6,4,16,3,15,33,18,0,57,22,575,0.0573899984359741,4,0.25,5.87206374795943,5.44026199483521,24.9913468198268,386.431611910448,27
"33",2020-04-02,512,401,6,32,33.1,17,5,4,7,6,14,34,20,3,63,12,107,0.0841100025177002,9,0,7.75842264602924,6.1875611462837,15.2730858880656,376.708953426192,17
"34",2020-04-03,539,406,6,26,33,27,3,4,19,5,14,37,23,0,68,22,217,0.110600004196167,2,0,10.9589958495745,7.33517229242944,24.117556877849,371.260367836669,27
"35",2020-04-04,556,414,7,18,31.9,17,3,7,6,7,14,43,29,1,75,9,315,0.0253999996185303,3,0,2.51603769806196,6.53635994751924,15.8231976338177,405.867091155615,17
"36",2020-04-05,583,425,8,40,36,27,4,8,13,4,13,43,30,1,79,17,422,0.0663500022888184,5,0.2,6.79149905524153,6.88543123404074,24.0985472133039,402.463680332597,27
"37",2020-04-06,602,425,9,40,34.9,19,3,7,9,4,12,44,32,1,83,12,238,0.117650003433228,4,0.25,11.9837606682265,7.47853993253773,17.8771989950513,385.234131074734,19
"38",2020-04-07,625,423,9,25,31.1,23,2,11,10,4,14,45,31,0,87,12,285,0.108769998550415,6,0,10.6527318167932,8.07621592598378,22.0019078050301,387.817250127311,23
"39",2020-04-08,645,426,11,26,29.6,20,1,10,8,5,16,44,28,2,92,9,368,0.0434800004959106,6,0.333330001831055,4.81300005173301,7.92492111223715,18.6617897266654,409.991380395493,20
"40",2020-04-09,681,434,11,25,28.6,36,1,20,13,6,16,47,31,0,98,14,295,0.0949199962615967,5,0,9.33379963239034,8.14997496743159,32.9797304413079,402.371643680544,36
"41",2020-04-10,715,450,11,36,30,34,0,20,13,4,16,49,33,0,102,13,331,0.090629997253418,8,0,8.84912362562872,7.84856464972504,32.1018021020766,418.90853430265,34
"42",2020-04-11,759,480,11,31,31.9,44,0,34,8,5,19,53,34,0,107,8,225,0.102220001220703,11,0.363639984130859,11.4404830932617,9.12348542046786,41.2854003975413,437.124023852477,44
"43",2020-04-12,792,495,13,35,31.1,33,0,18,14,1,18,49,31,2,108,14,227,0.101319999694824,12,0.5,12.1337405567887,9.88666277783175,30.673671322427,448.104807471526,33
"44",2020-04-13,816,502,16,16,27.7,24,0,19,5,3,20,51,31,3,111,5,165,0.0606099987030029,26,0.0384599995613098,5.75948155737672,8.99748004771035,23.7751557343712,479.425635730865,24
"45",2020-04-14,849,502,18,32,28.7,33,0,26,7,5,20,50,30,2,116,7,208,0.0673099994659424,18,0.166669998168945,7.52236276812258,8.55028446932883,32.5888685185012,472.51599946966,33
"46",2020-04-15,878,500,24,60,33.6,29,2,18,9,4,16,50,34,6,120,11,390,0.1,24,0.208330001831055,10.6280000106148,9.38099874916909,28.0872062642957,458.509375649804,29
"47",2020-04-16,948,549,24,21,33,70,1,55,13,7,13,52,39,0,127,14,310,0.0354800009727478,11,0,3.42641753942424,8.5370870216025,68.6254612645945,534.312731018743,70
"48",2020-04-17,980,553,26,73,38.3,32,0,26,6,0,13,49,36,2,127,6,378,0.0846599960327148,66,0.5,14.6399726352176,9.36435116582949,31.314164541402,489.788831899218,32
"49",2020-04-18,1020,575,31,31,38.3,40,0,31,9,1,11,46,35,5,128,9,421,0.0617600011825562,8,0,6.06082995288022,8.59582928863213,39.5741045225503,547.790011162934,40
"50",2020-04-19,1037,578,35,38,38.7,17,0,13,4,5,15,47,32,4,133,4,452,0.0442500019073486,47,0.127659997940063,5.21062540386865,7.60681283821498,16.8372660135148,554.48493895289,17
"51",2020-04-20,1098,614,39,16,38.7,61,1,47,13,3,13,45,32,4,136,14,325,0.0523099994659424,43,0.0232599997520447,4.89155701515467,7.48282361789754,60.4653081366938,590.549942566429,61
"52",2020-04-21,1134,627,47,51,41.4,36,0,26,10,2,11,43,32,8,138,10,543,0.069980001449585,25,0.36,8.27449661745152,7.59027131065882,35.3539442406873,586.492303891095,36
"53",2020-04-22,1175,644,54,35,37.9,41,1,31,9,4,9,45,36,7,142,10,656,0.0243899989128113,122,0.106560001373291,3.7275269221524,6.60448944087848,40.7089623275728,625.25717389569,41
"54",2020-04-23,1220,659,57,50,42,45,0,35,10,5,11,48,37,3,147,10,775,0.0361299991607666,105,0.0285700011253357,3.522795394063,6.61825770582687,44.7249473462332,640.874030116767,45
"55",2020-04-24,1261,666,65,38,37,41,0,36,5,7,10,48,38,8,154,5,517,0.0406199979782104,94,0.106379995346069,5.07369206501887,5.25164619579848,40.8019282543018,639.616843473004,41
"56",2020-04-25,1362,738,78,53,40.1,101,0,95,6,4,9,48,39,13,158,6,557,0.0502699995040894,28,0.0357100009918213,4.95731106864081,5.09400064090713,100.767765979152,709.435215435756,101
"57",2020-04-26,1416,757,87,88,47.3,54,0,41,13,5,9,50,41,9,163,13,358,0.0502799987792969,81,0.0123500001430511,4.32815252268233,4.96793308645194,53.560686723089,731.418449952184,54
"58",2020-04-27,1477,781,95,87,57.4,61,0,54,7,8,11,56,45,8,171,7,269,0.0632000017166138,80,0.1,7.16355314090805,5.29250396155957,60.6084791033879,737.317454249424,61
"59",2020-04-28,1498,777,103,65,59.4,21,0,14,7,7,13,61,48,8,178,7,503,0.0616300010681152,11,0.272730007171631,6.61477054788909,5.05540023733637,20.6384725785025,736.870456213779,21
"60",2020-04-29,1523,766,111,29,58.6,25,0,17,8,7,13,62,49,8,185,8,668,0.0314400005340576,74,0.148649997711182,4.31294072606172,5.13903078075198,24.73060353281,740.205288266557,25
"61",2020-04-30,1543,756,122,30,55.7,20,0,10,10,2,11,56,45,11,187,10,603,0.0414599990844727,6,0.333330001831055,4.43355656139956,5.26913951894292,19.6538369784707,729.830075572388,20
"62",2020-05-01,1566,740,135,42,56.3,23,0,16,7,6,11,57,46,13,193,7,516,0.031010000705719,55,0.0909099960327148,3.67797025323123,5.06975068868754,22.7989821275933,718.749539202721,23
"63",2020-05-02,1587,741,139,22,51.9,21,0,15,6,4,12,57,45,4,197,6,508,0.0511800003051758,28,0.0357100009918213,5.03718660126871,5.08116147906296,20.7640240682954,711.856972434486,21
"64",2020-05-03,1606,722,148,23,42.6,19,0,13,6,3,12,52,40,9,200,6,826,0.0205800008773804,231,0.0043299999833107,1.70286761786764,4.70612077837514,18.9202261491376,712.400546612887,19
"65",2020-05-04,1624,719,152,14,32.1,18,0,11,7,6,10,52,42,4,206,7,637,0.0109899997711182,24,0.125,1.51295459216373,3.89889241426881,17.9173101215548,710.506568199702,18
"66",2020-05-05,1649,719,156,29,27,25,0,24,1,3,9,50,41,4,209,1,923,0.0292499995231628,29,0.172409992218018,3.36109656871868,3.4340818458159,24.9737572459544,700.131459841235,25
"67",2020-05-06,1665,693,161,23,26.1,16,0,11,5,4,10,52,42,5,213,5,598,0.0167200005054474,149,0.0134200000762939,1.60617674881196,3.04740127763736,15.9372965035205,684.309295387941,16
"68",2020-05-07,1688,671,167,32,26.4,23,0,16,7,6,10,54,44,6,219,7,813,0.0356699991226196,234,0.0128199994564056,3.05631224063884,2.85065208895726,22.832958577225,654.987886473999,23
"69",2020-05-08,1701,638,173,16,22.7,13,0,8,5,4,8,54,46,6,223,5,715,0.00978999972343445,127,0.0472399997711182,1.54386339349022,2.54577968042283,12.9397291531395,630.3094399406,13
"70",2020-05-09,1718,622,179,12,21.3,17,0,12,5,5,6,51,45,6,228,5,1100,0.0154499995708466,164,0.0304900002479553,1.74013920637626,2.0747729097239,16.9320667462771,613.549103236872,17
"71",2020-05-10,1730,553,185,25,21.6,12,0,8,4,3,5,52,47,6,231,4,907,0.0176400005817413,316,0.0126600003242493,1.6353262984548,2.06512414980778,11.9489268279477,545.939133963776,12
"72",2020-05-11,1750,534,188,14,21.6,20,0,14,6,1,5,51,46,3,232,6,517,0.00967000007629394,197,0.0152300000190735,1.12040616851561,2.00904580357234,19.9475125877933,529.328620313601,20
"73",2020-05-12,1773,517,193,13,19.3,23,0,17,6,4,6,51,45,5,236,6,835,0.0131700003147125,322,0.00310999989509583,1.03702422031165,1.67703546808562,22.951418762901,512.813916736634,23
"74",2020-05-13,1794,499,195,21,19,21,0,15,6,2,7,47,40,2,238,6,1249,0.0144099998474121,224,0.0133899998664856,1.42548878340193,1.65122290159847,20.9332204521244,493.446167601681,21
"75",2020-05-14,1808,471,198,25,18,14,0,10,4,2,6,45,39,3,240,4,1046,0.0267700004577637,127,0.0236199998855591,2.6428951802461,1.59216332154237,13.9174592615649,461.280828049268,14
"76",2020-05-15,1828,457,201,17,18.1,20,0,12,8,1,5,44,39,3,241,8,1163,0.012039999961853,137,0.0146000003814697,1.23097846214588,1.54746547420746,19.9231101770342,452.607668863076,20
"77",2020-05-16,1844,437,207,19,19.1,16,0,6,10,1,4,42,38,6,242,10,967,0.0134399998188019,25,0.04,1.4109354662078,1.50043636846911,15.8898370467589,432.185878943363,16
"78",2020-05-17,1856,397,212,15,17.7,12,0,9,3,1,2,42,40,5,243,3,353,0.0254999995231628,10,0.1,2.7552341134095,1.66042319917693,11.9354630879852,388.459615310047,12
"79",2020-05-18,1871,389,213,26,19.4,15,0,8,7,2,1,43,42,1,245,7,376,0.0398900008201599,17,0.0588199996948242,4.07088557333133,2.08192025700774,14.7775075108225,376.635774529994,15
"80",2020-05-19,1883,352,219,23,20.9,12,0,8,4,0,1,40,39,6,245,4,359,0.0390000009536743,31,0.225809993743896,5.38490003805894,2.70304537382879,11.8318232108248,337.200442552579,12
"81",2020-05-20,1898,338,223,17,20.3,15,0,9,6,3,1,41,40,4,248,6,675,0.0296300005912781,36,0.0555600023269653,3.0942912071566,2.94144572007945,14.8550424456402,329.834057771063,15
"82",2020-05-21,1906,324,229,11,18.3,8,0,1,7,0,1,38,37,6,248,7,478,0.0209200000762939,36,0,1.94547860631683,2.8418147809467,7.89367070875275,319.078472805127,8
"83",2020-05-22,1913,308,233,7,16.9,7,0,3,4,1,1,36,35,4,249,4,514,0.00583999991416931,14,0,0.568515143159664,2.74717716394867,6.98224460051285,306.63283423949,7
"84",2020-05-23,1922,304,236,6,15,9,1,3,5,1,0,35,35,3,250,6,582,0.00859000027179718,43,0,0.799900825309753,2.65988650096323,8.96252722849771,302.101379577218,9
"85",2020-05-24,1932,301,237,8,14,10,0,3,7,1,1,36,35,1,251,7,332,0.0150600004196167,25,0.04,1.68064989896716,2.50637447032861,9.90814480713809,297.050226706938,10
"86",2020-05-25,1947,297,240,6,11.1,15,1,7,7,0,1,35,34,3,251,8,401,0.0174600005149841,8,0,1.71184846124906,2.16936916860257,14.8930739008217,293.030368568004,15
"87",2020-05-26,1953,287,243,16,10.1,6,0,2,4,1,1,35,34,3,252,4,1123,0.00800999999046326,41,0.0731699991226196,1.03051545990701,1.54731422886658,5.96781578487665,284.6907825649,6
"88",2020-05-27,1958,259,243,8,8.9,5,0,1,4,1,1,33,32,0,253,4,1150,0.00957000017166138,13,0.0769199991226196,1.03228376491871,1.25274173711831,4.9677605586223,256.912496170794,5
"89",2020-05-28,1962,234,244,4,7.9,4,0,2,2,1,1,31,30,1,254,2,1403,0.00284999996423721,88,0,0.268179071081476,1.01312751779898,3.99581222540997,233.510030372966,4
"90",2020-05-29,1969,224,247,7,7.9,7,0,2,4,2,1,32,31,3,256,4,1380,0.0065200001001358,37,0,0.634975309681539,1.0226218273021,5.98016897100539,222.889462376302,7
"91",2020-05-30,1972,206,248,15,9.1,3,1,1,1,0,1,31,30,1,256,2,1020,0.0127499997615814,119,0,1.1417910234252,1.07146328417574,2.9821702587911,204.163536655483,3
"92",2020-05-31,1976,191,249,10,9.4,4,0,1,3,3,1,34,33,1,259,3,1309,0.00535000026226044,11,0.0909099960327148,0.606300022701422,0.917984730423489,3.98579840056814,190.095831502838,4
"93",2020-06-01,1987,181,250,5,9.3,11,0,5,6,0,1,31,30,1,259,6,763,0.00130999997258186,20,0,0.127653892602805,0.691671220616882,10.9940198272117,180.819598120885,11
"94",2020-06-02,1990,162,251,8,8.1,3,0,1,2,0,1,26,25,1,259,2,858,0.0104900002479553,9,0,1.03811075118174,0.692756262227556,2.98378928747905,160.686932285803,3
"95",2020-06-03,2000,153,251,8,8.1,10,0,7,3,0,0,22,22,0,259,3,1110,0.00449999988079071,141,0,0.399280564962245,0.602327233662347,9.99064749722546,152.523022358498,10
"96",2020-06-04,2007,143,254,8,8.7,7,0,2,5,0,0,20,20,3,259,5,1430,0.00559000015258789,21,0,0.550909732474203,0.642717328147022,6.97849304785649,142.384901168696,7
"97",2020-06-05,2011,134,256,15,9.9,4,0,1,3,1,0,21,21,2,260,3,1366,0.00952000021934509,29,0,0.932209340474939,0.685179332546079,3.97816450083397,133.024681037251,4
"98",2020-06-06,2014,125,257,2,8,3,0,0,3,0,0,21,21,1,260,3,1404,0.000710000023245811,68,0,0.0677201109128478,0.5317406307586,2.99841376570566,124.933906904403,3
"99",2020-06-07,2015,116,258,4,7.1,1,0,0,1,0,0,20,20,1,260,1,870,0.00230000004172325,22,0,0.22432735832951,0.477173107276898,0.998248497902404,115.796825756679,1
"100",2020-06-08,2018,108,258,0,6.4,3,0,0,3,0,0,19,19,0,260,3,701,0.0014300000667572,12,0,0.140593274445554,0.479021590397291,2.99670682947101,107.881445860956,3
"101",2020-06-09,2028,105,259,3,5.7,10,0,3,7,0,0,18,18,1,260,7,1338,0.00224000006914139,10,0,0.222338285794598,0.362482666770557,9.98784819721537,104.817722958231,10
"102",2020-06-10,2038,103,259,7,5.6,10,0,4,6,0,0,17,17,0,260,6,1281,0.00233999997377396,12,0,0.231828303666236,0.338560915156841,9.98913959233923,102.813563001824,10
"103",2020-06-11,2045,102,260,5,5.1,7,0,2,5,0,0,16,16,1,260,5,1529,0.00326999992132187,6,0,0.325721816267175,0.306391212841551,6.98728415364329,101.740596734323,7
"104",2020-06-12,2049,105,260,10,4.4,4,0,2,2,0,0,16,16,0,260,2,1596,0.00814999997615814,13,0,0.808415162333648,0.288706330249938,3.98737611976444,104.337246287633,4
"105",2020-06-13,2052,103,260,6,5,3,0,3,0,0,0,16,16,0,260,0,1479,0.00270000010728836,23,0.0434800004959106,0.332446083228058,0.326524326294968,3,102.732645889944,3
"106",2020-06-14,2055,100,260,1,4.6,3,0,1,2,0,0,16,16,0,260,2,768,0,13,0,0,0.294477560819324,3,100,3
"107",2020-06-15,2060,98,260,2,4.9,5,0,2,3,0,0,14,14,0,260,3,720,0.00555999994277954,17,0,0.543175028331244,0.351989239945851,4.98727700167422,97.5843820546913,5
"108",2020-06-16,2064,97,260,3,4.9,4,0,1,3,1,0,14,14,0,261,3,1250,0.000799999982118607,14,0,0.0791139222822989,0.331528616586951,3.99814688406454,96.9400825847535,4
"109",2020-06-17,2067,87,260,8,5,3,0,0,3,1,1,6,5,0,262,3,1098,0.0091100001335144,26,0,0.889927059305944,0.425542724535481,2.97915489502454,86.3954919557117,3
"110",2020-06-18,2069,73,260,2,4.6,2,0,0,2,0,1,6,5,0,262,2,1304,0.00230000004172325,122,0,0.210322584460527,0.409057119991674,1.99671568862044,72.880122634646,2
"111",2020-06-19,2072,71,260,5,3.9,3,0,0,3,0,1,5,4,0,262,3,1875,0.0010700000077486,19,0,0.105926611115556,0.308701612674804,2.9975188401057,70.941279215835,3
"112",2020-06-20,2078,71,261,1,3.1,6,0,0,6,1,1,5,4,1,263,6,1792,0.000560000017285347,158,0,0.0514625656910432,0.268561110169516,5.99758914492392,70.9714715482663,6
"113",2020-06-21,2084,75,261,1,3.1,6,0,0,6,0,1,4,3,0,263,6,1102,0.00363000005483627,86,0,0.336722227308887,0.316664285499357,5.98422565062512,74.8028206328141,6
"114",2020-06-22,2086,74,262,6,3.7,2,0,1,1,0,1,1,0,1,263,1,509,0.0039300000667572,10,0,0.385427752211834,0.294128960339441,1.99699065900166,73.7773087661227,2
"115",2020-06-23,2095,79,262,4,3.9,9,0,0,9,0,1,1,0,0,263,9,1255,0.00158999994397163,20,0,0.156505876837992,0.305184953847398,8.98900230733121,78.903464697685,9
"116",2020-06-24,2097,73,263,3,3.1,2,0,0,2,1,1,2,1,1,264,2,1733,0.00289000004529953,24,0,0.285052366448724,0.218774283439223,1.9955487389369,72.837528971197,2
"117",2020-06-25,2103,71,263,6,3.7,6,0,0,6,0,1,2,1,0,264,6,1796,0.00277999997138977,21,0.0476200008392334,0.32982388366758,0.235845897611659,5.98454881575615,70.8171609864477,6
"118",2020-06-26,2107,65,263,6,3.9,4,0,0,4,0,1,2,1,0,264,4,2028,0.00196999996900558,23,0,0.194790830674955,0.248540786120145,3.99391645225869,64.9011423492038,4
"119",2020-06-27,2110,67,263,3,4.1,3,0,0,3,0,1,1,0,0,264,3,1574,0.000640000030398369,80,0,0.0609044768952257,0.249889630577885,2.99857341093174,66.9681395108088,3
"120",2020-06-28,2112,66,263,2,4.3,2,0,0,2,0,1,1,0,0,264,2,880,0.00114000000059605,12,0,0.112466367771807,0.217853079215445,1.99824377124103,65.9420444509539,2
"121",2020-06-29,2116,67,263,1,3.6,4,0,0,4,2,1,3,2,0,266,4,854,0.00351000010967255,8,0,0.347742470262222,0.212469467508358,3.98913959187817,66.8180881639594,4
"122",2020-06-30,2119,66,263,10,4.4,3,0,0,3,0,1,3,2,0,266,3,1605,0.00435999989509583,11,0,0.433032167798812,0.251973223359904,2.98985692040586,65.776852248929,3
"123",2020-07-01,2121,65,263,4,4.6,2,0,0,2,0,2,3,1,0,266,2,1601,0.00312000006437302,15,0,0.309103966773589,0.255409166263456,1.99517315899219,64.8431276672462,2
"124",2020-07-02,2127,64,263,4,4.3,6,0,1,5,0,1,3,2,0,266,5,1012,0.00197999998927116,12,0,0.195679686439689,0.236245709516614,5.99236086530399,63.902219075891,6
"125",2020-07-03,2135,72,263,4,4,8,0,0,8,0,1,3,2,0,266,8,1334,0.00300000011920929,14,0,0.296884284794154,0.2508304886765,7.98145590617453,71.8331031555708,8
"126",2020-07-04,2138,72,263,4,4.1,3,0,0,3,0,1,3,2,0,266,3,1257,0.00317999988794327,40,0,0.308192741645697,0.286157383640853,2.99278108246614,71.8267459791874,3
"127",2020-07-05,2140,69,263,5,4.6,2,0,0,2,0,1,2,1,0,266,2,734,0.00272000014781952,47,0,0.255631255889824,0.306609510514855,1.99600816695533,68.8622817599587,2
"128",2020-07-06,2146,69,263,0,4.4,6,0,1,5,0,1,2,1,0,266,5,602,0,10,0,0,0.256932014763109,6,69,6
"129",2020-07-07,2153,70,263,6,3.9,7,0,1,6,0,1,1,0,0,266,6,1272,0.0039300000667572,21,0,0.386617175940848,0.250301301640543,6.98188823334783,69.7886960557247,7
"130",2020-07-08,2166,76,263,5,4,13,0,1,12,0,1,1,0,0,266,12,1684,0.00296999990940094,39,0,0.29027741424441,0.247611794136374,12.972802880377,75.8277515757208,13
"131",2020-07-09,2174,80,263,5,4.1,8,0,0,8,1,0,2,2,0,267,8,1504,0.00266000002622604,41,0,0.258941102876632,0.256649139341652,7.9838259269589,79.838259269589,8
"132",2020-07-10,2190,93,263,12,5.3,16,0,0,16,0,0,2,2,0,267,16,1900,0.00684000015258789,14,0.0714300012588501,0.73124453017455,0.318700602967423,15.9086494781203,92.4690250915741,16
"133",2020-07-11,2197,98,263,7,5.7,7,0,0,7,1,1,2,1,0,268,7,1571,0.00381999999284744,25,0,0.376016290022765,0.328389681307004,6.97944899240438,97.7122858936613,7
"134",2020-07-12,2220,118,263,9,6.3,23,0,2,21,1,1,3,2,0,269,21,1068,0.00842999994754791,13,0,0.832862159480219,0.410851238962775,22.8634408373806,117.232667562424,23
"135",2020-07-13,2243,136,263,6,7.1,23,0,2,21,0,0,3,3,0,269,21,808,0.00619000017642975,65,0,0.572911814725686,0.492695783923587,22.9060632581476,135.391647767051,23
"136",2020-07-14,2262,146,263,4,6.9,19,0,2,17,1,0,4,4,0,270,17,1406,0.00356000006198883,66,0,0.340038049399205,0.486041622989067,18.9548658926814,145.612377666558,19
"137",2020-07-15,2283,166,263,15,8.3,21,0,0,21,1,0,5,5,0,271,21,1404,0.00782999992370606,46,0,0.758159992612641,0.552881991327386,20.8756892811803,165.017353365521,21
"138",2020-07-16,2305,184,263,7,8.6,22,0,1,21,0,0,5,5,0,271,21,1695,0.00708000004291534,25,0.04,0.75584884143846,0.623868811121932,21.8760682260819,182.914121599955,22
"139",2020-07-17,2335,211,263,17,9.3,30,0,0,29,0,1,5,4,0,271,29,1787,0.00726999998092651,21,0,0.718555860946664,0.622056144089377,28.8373002245257,209.816218874997,30
"140",2020-07-18,2361,230,263,16,10.6,26,0,0,24,2,1,6,5,0,273,24,1551,0.00708999991416931,81,0,0.673810653607635,0.664598196030073,23.8737365840388,228.789975597039,26
"141",2020-07-19,2379,248,263,28,13.3,18,0,0,18,0,1,6,5,0,273,18,2025,0.0212299990653992,22,0,2.10018310246377,0.845644045027723,17.7048396037805,243.933345652086,18
"142",2020-07-20,2409,273,263,47,19.1,30,0,0,27,2,3,8,5,0,275,27,1548,0.0148599994182587,35,0.0285700011253357,1.51631264301018,0.980415591925508,26.6803454137081,269.767936960826,30
"143",2020-07-21,2433,292,263,23,21.9,24,0,0,23,0,3,8,5,0,275,23,1428,0.0161099994182587,15,0,1.59425358068423,1.15958923925194,22.7137050702882,288.365299153224,24
"144",2020-07-22,2460,312,263,13,21.6,27,0,1,23,2,3,9,6,0,277,23,1771,0.00902999997138977,16,0,0.894914938406899,1.17912566007969,23.8392918087226,309.819958448759,27
"145",2020-07-23,2479,320,263,29,24.7,19,0,1,17,1,3,10,7,0,278,17,1667,0.0101999998092651,32,0,1.0007886805206,1.21411706566285,17.8671627960762,317.499534984964,19
"146",2020-07-24,2502,335,263,34,27.1,23,0,1,18,0,3,7,4,0,278,18,2036,0.0122800004482269,83,0,1.17989999587494,1.28002337065261,18.8341764821013,331.913840083553,23
"147",2020-07-25,2514,334,263,26,28.6,12,0,1,10,0,3,7,4,0,278,10,2126,0.00800000011920929,320,0,0.695339339878943,1.28309889726279,10.9457093275912,332.186691541547,12
"148",2020-07-26,2521,336,263,21,27.6,7,0,0,6,2,4,9,5,0,280,6,1816,0.0121099996566772,73,0,1.16420113163186,1.14938718714395,5.94546093514599,332.945812368176,7
"149",2020-07-27,2536,338,264,22,24,15,0,1,13,1,4,9,5,1,281,13,1601,0.00874000012874603,24,0,0.861091704992148,1.05578419599852,13.9125980388495,335.727549010087,15
"150",2020-07-28,2556,328,264,14,22.7,20,0,2,17,1,4,10,6,0,282,17,1488,0.00739000022411346,24,0,0.727269863325452,0.931929379232978,18.9034676380513,326.137493251813,20
"151",2020-07-29,2572,322,264,20,23.7,16,2,2,12,2,4,11,7,0,284,14,2254,0.00620999991893768,52,0,0.606996522865808,0.890798177012822,15.9336497354879,320.473943916222,16
"152",2020-07-30,2592,332,264,19,22.3,20,1,0,18,1,4,12,8,0,285,19,1891,0.00898999989032745,134,0,0.839510607042431,0.867758452230227,18.8754601872788,329.823830640872,20
"153",2020-07-31,2602,319,264,18,20,10,0,1,9,1,3,13,10,0,286,9,2129,0.00797999978065491,207,0,0.727286795077667,0.803099423544901,9.94889344211261,317.188556448214,10
"154",2020-08-01,2619,306,264,15,18.4,17,0,0,17,1,2,13,11,0,287,17,1629,0.00551999986171722,83,0.0120500004291534,0.583658283315251,0.787144986892945,16.9225295650204,304.605532170368,17
"155",2020-08-02,2627,291,264,2,15.7,8,0,0,8,0,2,13,11,0,287,8,1340,0.00149000003933907,11,0,0.147786828476266,0.641942943585003,7.99076888554296,290.664218211625,8
"156",2020-08-03,2636,277,264,10,14,9,0,1,7,0,1,12,11,0,287,7,1046,0.0114699995517731,47,0,1.09767790769942,0.675740972543185,7.94000688901719,274.625986893966,9
"157",2020-08-04,2648,265,264,20,14.9,12,0,1,11,1,1,11,10,0,288,11,1699,0.0058899998664856,12,0,0.584869069150148,0.655398001946712,11.9497680822361,263.789867435689,12
"158",2020-08-05,2657,245,264,12,13.7,9,1,0,8,1,1,12,11,0,289,9,1599,0.005,70,0,0.479029358897543,0.637116978522675,8.96633853133874,244.083660019777,9
"159",2020-08-06,2667,221,264,12,12.7,10,0,0,10,1,2,10,8,0,290,10,1639,0.00305000007152557,10,0,0.303150401287472,0.560494091986252,9.97633063716811,220.476907081415,10
"160",2020-08-07,2679,222,264,6,11,12,0,3,9,1,2,10,8,0,291,9,1689,0,39,0,0,0.456595978403728,12,222,12
"161",2020-08-08,2685,205,264,14,10.9,6,1,1,4,0,1,10,9,0,291,5,1518,0.00725000023841858,95,0,0.682300084433937,0.470687664277826,5.97336370298355,203.907911822326,6
"162",2020-08-09,2687,196,264,16,12.9,2,0,1,1,2,2,12,10,0,293,1,1589,0.00441000014543533,102,0,0.414399185753799,0.508775143888902,1.99676445597855,195.365833371797,2
"163",2020-08-10,2699,197,264,8,12.6,12,2,0,10,0,1,12,11,0,293,12,1384,0.00578000009059906,27,0,0.566939767922686,0.432955409635084,11.9468814040273,196.127969716115,12
"164",2020-08-11,2712,201,264,8,10.9,13,2,1,10,0,1,12,11,0,293,12,1460,0.00342000007629395,41,0,0.332658235269098,0.396925290509219,12.9688320710664,200.477937190362,13
"165",2020-08-12,2719,184,264,12,10.9,7,3,0,4,0,2,10,8,0,293,7,1486,0.00268999993801117,7,0,0.267738774808078,0.366740921353581,6.98536685313716,183.615357282462,7
"166",2020-08-13,2741,187,264,11,10.7,22,0,0,22,0,2,9,7,0,293,22,1689,0.00532999992370605,56,0,0.515895121555274,0.397133024248982,21.9113839227012,186.24676334296,22
"167",2020-08-14,2752,182,264,6,10.7,11,4,1,6,1,2,10,8,0,294,10,1882,0.00477999985218048,36,0,0.469028139822923,0.464137044223685,10.9633792428686,181.333502220208,11
"168",2020-08-15,2756,174,264,2,9,4,0,0,4,1,2,11,9,0,295,4,2044,0.00734000027179718,21,0,0.726535620123653,0.470456406465073,3.97730943435342,173.012960394374,4
"169",2020-08-16,2760,156,264,26,10.4,4,0,1,3,0,2,11,9,0,295,3,1196,0.00501999974250793,22,0,0.492932651234769,0.481675472962354,3.98845384826389,155.399600109722,4
"170",2020-08-17,2783,170,265,8,10.4,23,1,4,18,1,1,9,8,1,296,19,1358,0.00662999987602234,32,0,0.647736678535132,0.493217888764132,22.9039094873124,169.140242781216,23
"171",2020-08-18,2809,189,265,15,11.4,26,1,1,24,0,1,7,6,0,296,25,1888,0.00583000004291534,77,0.0519500017166138,0.76372469278389,0.554798811266246,25.8509248480259,187.872991851076,26
"172",2020-08-19,2833,198,265,23,13,24,4,3,15,2,1,7,6,0,298,19,1519,0.0118499994277954,25,0.04,1.23057960691847,0.692347501567731,21.8174458398757,196.097593489231,24
"173",2020-08-20,2850,206,266,24,14.9,17,1,0,16,3,0,6,6,1,301,17,1607,0.00995999991893768,103,0,0.936007009925898,0.752363485620677,16.8757614304881,204.494520863561,17
"174",2020-08-21,2871,213,266,16,16.3,21,3,2,16,0,0,6,6,0,301,19,1804,0.00721000015735626,116,0.00861999988555908,0.729518764093518,0.789576431945048,20.891777269406,211.786766230709,21
"175",2020-08-22,2890,223,266,16,18.3,19,1,0,18,1,0,7,7,0,302,19,1864,0.00589999973773956,73,0,0.567764559171221,0.766894851808986,18.9157732001529,222.011443349163,19
"176",2020-08-23,2907,233,266,13,16.4,17,0,1,15,0,0,7,7,0,302,15,694,0.0172899997234344,5,0,1.71663230444399,0.941709087981732,15.7989532950133,229.877074515873,17
"177",2020-08-24,2926,249,266,19,18,19,2,0,17,1,1,8,7,0,303,19,1142,0.00962999999523163,58,0,0.91645499954621,0.980097419554743,18.8640456319987,247.218282229877,19
"178",2020-08-25,2940,251,266,23,19.1,14,0,1,13,4,2,11,9,0,307,13,1647,0.0145700001716614,73,0,1.3951622257399,1.0703027814056,13.8583891658161,248.265821586142,14
"179",2020-08-26,2958,259,266,15,18,18,1,4,13,0,2,11,9,0,307,14,1832,0.0049099999666214,41,0,0.480251998870817,0.96311312311308,17.9475040696986,258.028825289425,18
"180",2020-08-27,2971,262,266,16,16.9,13,1,3,9,1,2,9,7,0,308,10,1469,0.00612999975681305,9,0,0.609267228874044,0.916436011534243,12.9524296618426,260.753657140276,13
"181",2020-08-28,2999,272,266,20,17.4,28,0,3,21,1,1,9,8,0,309,21,2137,0.00607999980449677,35,0,0.598202559033591,0.897676553668539,23.9019164940938,270.729585066358,28
"182",2020-08-29,3020,286,266,12,16.9,21,0,2,18,0,1,9,8,0,309,18,1790,0.00726000010967255,11,0.0909099960327148,0.777091068999096,0.927580340786807,19.8907873758458,284.264732749549,21
"183",2020-08-30,3040,300,267,16,17.3,20,0,6,12,2,1,10,9,1,311,12,1402,0.00428000003099442,33,0,0.418157494317364,0.742083939340146,17.9608213424947,299.020533562367,20
"184",2020-08-31,3060,308,267,13,16.4,20,1,3,16,1,1,11,10,0,312,17,1353,0.00517000019550324,54,0,0.497157801315983,0.682184339592971,19.9340109920095,306.804434443466,20
"185",2020-09-01,3085,312,267,18,15.7,25,1,2,22,0,1,11,10,0,312,23,1361,0.0154299998283386,22,0.0909099960327148,1.6630693911127,0.720456791789084,24.7013471757548,307.948709514586,25
"186",2020-09-02,3121,322,267,15,15.7,36,1,9,26,0,1,9,8,0,312,27,1528,0.00261999994516373,51,0,0.253537676770752,0.688069031489075,35.9465516023024,321.362578368198,36
"187",2020-09-03,3143,323,267,24,16.9,22,1,4,17,1,1,8,7,0,313,18,1493,0.00938000023365021,133,0.00751999974250793,0.922785997207461,0.732857426965278,21.8703113646415,320.672809487733,22
"188",2020-09-04,3165,327,267,24,17.4,22,0,3,19,3,1,11,10,0,316,19,2705,0.00813000023365021,258,0.00774999976158142,0.809691210614641,0.763070091476856,21.8798838384101,324.932737640006,22
"189",2020-09-05,3190,334,267,17,18.1,25,1,11,13,2,1,13,12,0,318,14,2256,0.00398999989032745,164,0,0.371960320354493,0.705194270241913,24.9593413393424,333.030000524312,25
"190",2020-09-06,3211,336,267,26,19.6,21,1,3,16,1,1,14,13,0,319,17,1310,0.00611000001430511,192,0.03125,0.932363516560566,0.778652273419513,19.8762450405454,333.554019624897,21
"191",2020-09-07,3252,361,267,29,21.9,41,2,6,33,0,1,12,11,0,319,35,1290,0.0147300004959106,44,0,1.4244153403092,0.91111763613283,40.6107459802307,356.985122824665,41
"192",2020-09-08,3304,398,267,24,22.7,52,0,14,36,3,1,14,13,0,322,36,1097,0.0127600002288818,4,0,1.27136423715562,0.855159756996105,49.6426441375155,394.049232409199,52
"193",2020-09-09,3349,429,267,15,22.7,45,2,10,31,0,1,13,12,0,322,33,1587,0.0144900000095367,29,0,1.42299690687715,1.02222536129702,42.6333545367256,424.233608977433,45
"194",2020-09-10,3426,491,267,33,24,77,1,21,52,2,2,14,12,0,324,53,1959,0.0127600002288818,61,0,1.23746734892968,1.06717984011448,73.4879197361599,486.256011140651,77
"195",2020-09-11,3456,505,267,60,29.1,30,0,1,25,0,1,12,11,0,324,25,2314,0.0155599999427795,93,0.0752699995040894,1.78670335776785,1.20675300399351,25.6512446473074,497.955141875609,30
"196",2020-09-12,3505,530,269,47,33.4,49,0,4,42,1,0,12,12,2,325,42,1900,0.0168400001525879,26,0,1.66126688940379,1.39093965671484,45.4552250628222,523.12545912609,49
"197",2020-09-13,3540,543,270,31,34.1,35,1,5,29,1,1,11,10,1,326,30,1199,0.0166799998283386,44,0,1.6089557356539,1.48759568801389,34.6231280883095,536.178618398403,35
"198",2020-09-14,3608,593,272,59,38.4,68,0,19,49,1,1,11,10,2,327,49,2394,0.0141999995708466,218,0.0412799978256226,1.6460121936674,1.51925238135077,67.3702654115131,585.378926306679,68
"199",2020-09-15,3681,642,273,41,40.9,73,0,15,55,1,1,11,10,1,328,55,2961,0.0121599996089935,28,0,1.20460886056306,1.5097158989804,69.4827063319544,635.961772092995,73
"200",2020-09-16,3758,682,274,41,44.6,77,0,7,67,1,0,11,11,1,329,67,1887,0.0190799999237061,162,0.00616999983787537,1.80592971350752,1.56442058564189,73.0552779196147,672.383575241451,77
"201",2020-09-17,3808,707,278,57,48,50,2,4,38,2,2,11,9,4,331,40,2512,0.0191100001335144,208,0.00481000006198883,1.80164707162801,1.6450176888845,43.4373243373286,697.054707662284,50
"202",2020-09-18,3896,775,278,47,46.1,88,1,6,78,0,2,11,9,0,331,79,2409,0.0128699994087219,281,0.0213499999046326,1.37558284568078,1.58628618715778,84.1515187253667,766.676291293155,88
"203",2020-09-19,3966,825,280,47,46.1,70,2,4,60,0,2,10,8,2,331,62,2101,0.0214199995994568,161,0,1.98954107685494,1.6331824996508,65.0368963709577,812.184508161937,70
"204",2020-09-20,4009,857,280,76,52.6,43,1,4,34,2,2,11,9,0,333,35,2847,0.0186199998855591,112,0,1.79152212484578,1.6592634123925,38.5104256680847,845.012422787102,43
"205",2020-09-21,4118,937,280,55,52,109,2,22,82,1,3,12,9,0,334,84,2949,0.0189900004863739,73,0,1.85312744653596,1.68885130565944,104.784617457064,923.44269711035,109
"206",2020-09-22,4227,1016,280,85,58.3,109,0,27,81,3,3,15,12,0,337,81,2507,0.0135599994659424,64,0.03125,1.4000357316654,1.71676943010263,107.114573413348,1004.89390849335,109
"207",2020-09-23,4333,1075,281,67,62,106,0,26,75,2,3,16,13,1,339,75,1896,0.0168799996376038,7,0.571430015563965,1.89198578149472,1.7290631541008,99.8920821708105,1059.11984444828,106
"208",2020-09-24,4434,1129,282,38,59.3,101,2,18,75,2,3,18,15,1,341,77,2730,0.0128199994564056,55,0,1.25668217292594,1.65121102571479,94.2444823768812,1117.92234549999,101
"209",2020-09-25,4553,1192,284,57,60.7,119,5,16,86,3,3,20,17,2,344,91,3291,0.0133700001239777,59,0.0339000010490417,1.37315732745982,1.65086452311179,106.024358847209,1179.22017303157,119
"210",2020-09-26,4639,1240,286,76,64.9,86,3,14,67,3,4,21,17,2,347,70,3437,0.0299699997901916,12,0,2.98657260883992,1.79329759910965,82.3677016661848,1211.08500094384,86
"211",2020-09-27,4721,1270,287,109,69.6,82,2,12,64,2,4,22,18,1,349,66,2684,0.0331599998474121,13,0,3.30001629923819,2.00879676687999,76.2994537809607,1237.2773682094,82
"212",2020-09-28,4836,1340,288,86,74,115,3,11,97,6,4,27,23,1,355,100,3135,0.0258400011062622,192,0.0104200005531311,2.49501182970644,2.10049453590435,109.051945832287,1313.89607415265,115
"213",2020-09-29,4943,1371,291,58,70.1,107,5,18,74,4,3,27,24,3,359,79,2165,0.0263299989700317,79,0.0253200006484985,2.62944419881239,2.27612431692535,95.3781171941838,1342.85314776235,107
"214",2020-09-30,5026,1400,291,107,75.9,83,1,10,67,5,5,30,25,0,364,68,3170,0.0305999994277954,281,0.0142299997806549,2.92670611777675,2.42394150782278,76.4461236824149,1368.0084287556,83
"215",2020-10-01,5127,1436,293,105,85.4,101,2,11,78,3,5,29,24,2,367,80,3844,0.0226300001144409,120,0.00833000004291534,2.21971040476944,2.56151696951471,89.6135164399168,1411.11262009651,101
"216",2020-10-02,5223,1486,294,115,93.7,96,0,13,79,1,5,29,24,1,368,79,3362,0.021710000038147,197,0,2.05082945007727,2.65832727274577,90.7350159306502,1462.20548953096,96
"217",2020-10-03,5296,1498,295,65,92.1,73,2,6,64,5,6,31,25,1,373,66,3113,0.0301999998092651,485,0.0103100001811981,2.75188853513406,2.62480097650208,70.5819119606409,1465.81369874303,73
"218",2020-10-04,5353,1479,295,77,87.6,57,1,7,47,3,6,32,26,0,376,48,3118,0.0291899991035461,102,0,2.82653469580301,2.55716074743991,53.9406877908086,1446.35994255429,57
"219",2020-10-05,5431,1480,295,82,87,78,3,13,59,3,6,33,27,0,379,62,3821,0.0177999997138977,238,0.00839999973773956,1.72488294763206,2.447142335715,74.1650129540609,1460.06805116145,78
"220",2020-10-06,5507,1453,296,140,98.7,76,5,15,53,2,7,34,27,1,381,58,2158,0.0194599997997284,55,0,1.89763576899295,2.34259827431222,72.1406516032299,1431.47184102574,76
"221",2020-10-07,5608,1467,296,174,108.3,101,12,22,63,3,10,36,26,0,384,75,2268,0.0313100004196167,76,0,3.02948297575472,2.35728068259479,95.22598127592,1432.300193757,101
"222",2020-10-08,5688,1426,296,85,105.4,80,5,14,55,2,9,36,27,0,386,60,2434,0.0271199989318848,182,0,2.52332100153698,2.40065362499015,72.8179055662194,1397.90555562382,80
"223",2020-10-09,5772,1428,296,97,102.9,84,5,19,58,2,9,37,28,0,388,63,2508,0.0207299995422363,247,0.00810000002384186,1.95976547578285,2.38764448580523,81.0360087947675,1406.1495326814,84
"224",2020-10-10,5837,1413,297,67,103.1,65,5,7,51,6,9,43,34,1,394,56,2628,0.0300600004196167,21,0,2.98216991705371,2.42054182607947,61.696086350661,1380.0994645265,65
"225",2020-10-11,5901,1377,297,140,112.1,64,6,6,48,5,10,46,36,0,399,54,2660,0.0233100008964539,238,0.0168099999427795,2.2776184393012,2.34212521800778,59.0397083565822,1352.51256309285,64
"226",2020-10-12,5963,1349,297,63,109.4,62,2,14,43,3,10,46,36,0,402,45,1994,0.0150499999523163,237,0.0126600003242493,1.47961093598233,2.30708635920068,58.4801375299099,1333.41567839663,62
"227",2020-10-13,6048,1371,298,74,100,85,4,10,68,1,7,45,38,1,403,72,2117,0.0302300000190735,18,0,2.9975133508374,2.4642117280356,80.3149141095963,1338.91315617023,85
"228",2020-10-14,6115,1376,300,84,87.1,67,1,16,49,2,7,45,38,2,405,50,3004,0.0296300005912781,110,0.0363599991798401,2.98677333609447,2.45811035094128,64.8339942568375,1343.91152194817,67
"229",2020-10-15,6201,1403,300,107,90.3,86,3,25,52,5,8,49,41,0,410,55,2119,0.021710000038147,105,0.00952000021934509,2.11344829603708,2.39955710729843,79.0924245561579,1379.84857549617,86
"230",2020-10-16,6276,1424,301,78,87.6,75,2,10,59,4,8,47,39,1,414,61,3126,0.0214299988746643,280,0.0035699999332428,1.99617664308598,2.40475870262745,70.0492699427392,1401.80590817149,75
"231",2020-10-17,6323,1406,302,64,87.1,47,1,10,36,6,8,49,41,1,420,37,3037,0.0214000010490417,149,0,2.03991849296735,2.2701513563294,46.4106911559934,1383.60626392775,47
"232",2020-10-18,6380,1373,305,74,77.7,57,1,11,40,2,6,47,41,3,422,41,1144,0.0271000003814697,37,0.0540500020980835,2.79443272769098,2.34398196895651,51.1054472907622,1343.04339341992,57
"233",2020-10-19,6444,1351,307,69,78.6,64,1,6,57,3,6,46,40,2,425,58,1334,0.0374799990653992,27,0,3.67364575703472,2.65741551482114,62.3363817002225,1312.24916684484,64
"234",2020-10-20,6522,1355,309,46,74.6,78,3,13,57,4,5,45,40,2,429,60,1595,0.0250799989700317,48,0.0208299994468689,2.49558358677117,2.58571126281168,71.8308996496445,1328.5978170878,78
"235",2020-10-21,6610,1377,312,69,72.4,88,1,46,40,4,4,44,40,3,433,41,2258,0.0305599999427795,446,0.00897000014781952,2.69989274913919,2.54472832181807,86.1357113916321,1347.97255088481,88
"236",2020-10-22,6676,1364,312,88,69.7,66,2,24,36,1,3,43,40,0,434,38,2238,0.0268099999427795,87,0.0114900004863739,2.62367354469915,2.61761764305551,61.2215659715142,1336.05831539856,66
"237",2020-10-23,6755,1366,313,92,71.7,79,1,13,64,2,3,36,33,1,436,65,2768,0.0245700001716614,65,0.0153799998760223,2.4359145946735,2.68043735042515,76.7637570334535,1340.01987857996,79
"238",2020-10-24,6820,1359,317,63,71.6,65,2,17,41,2,3,36,33,4,438,43,2358,0.0211999988555908,191,0,1.96114544140773,2.6691840573452,59.3415744457764,1338.1906900421,65
"239",2020-10-25,6890,1340,319,69,70.9,70,1,24,42,3,3,38,35,2,441,43,1751,0.0308400011062622,77,0,2.95409419787008,2.69199283879936,66.0082065978416,1309.0929497932,70
"240",2020-10-26,6963,1299,320,77,72,73,1,16,51,4,3,39,36,1,445,52,995,0.0392000007629395,121,0.0165299999713898,3.67420526484435,2.69207276848645,66.5082529818594,1261.73501198914,73
"241",2020-10-27,7041,1269,322,61,74.1,78,0,15,60,1,3,31,28,2,446,60,1354,0.0288000011444092,116,0,2.65273479928776,2.71452294170311,73.7572793795859,1242.71645887824,78
"242",2020-10-28,7153,1275,325,94,77.7,112,2,69,38,2,2,29,27,3,448,40,1900,0.0405299997329712,166,0.01807000041008,3.87253724882471,2.88204358451532,107.790560872317,1236.44912780511,112
"243",2020-10-29,7217,1260,326,65,74.4,64,0,18,42,9,2,37,35,1,457,42,2190,0.0292199993133545,96,0,2.79929127280168,2.90713183138712,59.0820356819185,1232.46107045756,64
"244",2020-10-30,7267,1229,328,122,78.7,50,1,9,36,4,2,40,38,2,461,37,2789,0.0358599996566772,105,0.0571400022506714,3.66320799166528,3.0824594595288,44.9417416066542,1193.848660394,50
"245",2020-10-31,7306,1159,329,83,81.6,39,0,5,32,2,2,39,37,1,463,32,2352,0.0276399993896484,322,0,2.43116224997955,3.1496047178962,36.3925754487164,1136.9998420332,39
"246",2020-11-01,7356,1119,332,50,78.9,50,1,6,40,1,2,37,35,3,464,41,1714,0.0256699991226196,104,0,2.42015283257261,3.07332737999656,46.225261624052,1097.855311154,50
"247",2020-11-02,7420,1071,332,56,75.9,64,3,8,47,6,2,42,40,0,470,50,1030,0.0174800002574921,14,0.0714300012588501,1.82034677038704,2.80849045221695,57.2893552506418,1055.77798946875,64
"248",2020-11-03,7491,999,333,36,72.3,71,1,36,33,1,2,43,41,1,471,34,1456,0.0219799995422363,13,0,2.17854862719511,2.74074957048943,69.4216714999254,982.007347894866,71
"249",2020-11-04,7556,923,337,53,66.4,65,5,1,51,1,1,40,39,4,472,56,1466,0.0272900009155273,295,0.0033899998664856,2.32863096551825,2.52019153001707,55.9818374590766,906.218499548709,65
"250",2020-11-05,7603,880,337,45,63.6,47,0,6,34,5,2,43,41,0,477,34,2536,0.0240499997138977,41,0,2.36673648717286,2.45839798921296,39.3717142020094,863.738485228479,47
"251",2020-11-06,7677,874,341,79,57.4,74,1,12,58,4,3,46,43,4,481,59,2342,0.0234800004959106,116,0.0258599996566772,2.35923194148077,2.27211569632945,69.9131963939912,857.900570310989,74
"252",2020-11-07,7712,840,346,75,56.3,35,3,4,25,3,4,46,42,5,484,28,2499,0.0276099991798401,142,0,2.61254782091709,2.2980279207491,31.4288493181149,822.865479543448,35
"253",2020-11-08,7749,778,346,47,55.9,37,1,5,29,1,4,47,43,0,485,30,1176,0.0204099988937378,92,0.0108700001239777,1.97178223268467,2.23397497790797,34.5381418375894,766.022478321485,37
"254",2020-11-09,7819,746,350,31,52.3,70,3,24,41,7,4,46,42,4,492,44,711,0.0210999989509583,20,0.1,2.3258685710166,2.30619237799791,67.2009641476947,732.452710322279,70
"255",2020-11-10,7886,755,350,51,54.4,67,0,11,54,3,5,47,42,0,495,54,1374,0.0334800004959106,17,0,3.30708272332,2.46741153458718,63.6056646501905,735.505126127664,67
"256",2020-11-11,7942,754,353,78,58,56,0,6,48,2,5,46,41,3,497,48,2375,0.0261100006103516,241,0.0290499997138977,2.63808491516186,2.51161924167912,53.0113139019082,738.469389209141,56
"257",2020-11-12,7984,744,355,58,59.9,42,1,8,31,3,3,43,40,2,500,32,2318,0.0215700006484985,214,0.00467000007629395,2.01416435701211,2.4612517945133,39.496762142971,732.299719824076,42
"258",2020-11-13,8022,720,357,81,60.1,38,1,7,26,0,3,36,33,2,500,27,2719,0.0217000007629395,200,0,2.02131901591067,2.41297851943186,33.5738847811014,708.636927496038,38
"259",2020-11-14,8043,697,357,50,56.6,21,3,2,14,3,3,37,34,0,503,17,1710,0.015789999961853,245,0.0163300001621246,1.58576726212221,2.26629558246116,18.7895171145775,688.370201697677,21
"260",2020-11-15,8073,653,360,29,54,30,1,1,25,0,2,35,33,3,503,26,984,0.0152400004863739,306,0.00653999984264374,1.31762794034426,2.17284496926967,26.7325179992209,646.28208667274,30
"261",2020-11-16,8117,614,363,11,51.1,44,0,3,39,3,2,33,31,3,506,39,735,0.0122399997711182,53,0,1.1416751055548,2.0036744742037,41.6523553438837,608.526825157553,44
"262",2020-11-17,8158,592,363,39,49.4,41,1,10,29,1,2,32,30,0,507,30,1828,0.020789999961853,38,0,2.03666237568421,1.82218585311287,39.5229447112912,582.586108969479,41
"263",2020-11-18,8199,584,363,66,47.7,41,3,6,30,1,2,32,30,0,508,33,2684,0.0204900002479553,20,0.05,2.07082694768906,1.74114900061676,38.4664364329064,574.557541721737,41
"264",2020-11-19,8219,568,364,53,47,20,1,1,17,0,2,30,28,1,508,18,2476,0.0121200001239777,187,0.0160399997234344,1.23952685900304,1.63048650090118,18.8257965039339,562.502911901915,20
"265",2020-11-20,8244,525,364,28,39.4,25,1,2,20,1,2,30,28,0,509,21,2643,0.00757000029087067,222,0.0225200009346008,0.872842966012306,1.46641849377284,22.8568854363473,521.422135908682,25
"266",2020-11-21,8273,495,365,27,36.1,29,4,4,19,2,2,31,29,1,511,23,1495,0.0187300002574921,71,0,1.7880811229215,1.49532047388702,26.6788976574316,488.089319149072,29
"267",2020-11-22,8300,481,368,26,35.7,27,3,4,19,3,4,31,27,3,514,22,1220,0.0147500002384186,36,0,1.4327229530948,1.51176261856567,25.7538990336322,475.619337962595,27
"268",2020-11-23,8340,464,370,20,37,40,2,10,25,1,3,27,24,2,515,27,922,0.0173500001430511,13,0,1.71087701945381,1.5930771776941,36.639329205378,457.801805603533,40
"269",2020-11-24,8384,474,370,21,34.4,44,2,7,34,1,3,23,20,0,516,36,1403,0.00855000019073486,41,0.0975599956512451,1.10772923056108,1.46037244267651,42.6886387684837,469.900410451703,44
"270",2020-11-25,8439,482,371,38,30.4,55,4,10,39,2,2,23,21,1,518,43,2618,0.0122200000286102,72,0.0138900005817413,1.22646989281736,1.33975000626627,52.5882308869774,477.384355523793,55
"271",2020-11-26,8484,497,372,60,31.4,45,3,4,37,3,2,23,21,1,521,40,3059,0.0143799996376038,224,0.00446000009775162,1.37031553193196,1.35843410239897,43.5720342723384,491.682525833805,45
"272",2020-11-27,8530,508,374,56,35.4,46,2,3,40,3,1,24,23,2,524,42,3154,0.0177600002288818,336,0.00298000007867813,1.63370546556817,1.46712874519267,44.464263208971,501.520135956125,46
"273",2020-11-28,8575,511,375,60,40.1,45,2,3,40,2,1,25,24,1,526,42,2597,0.0119400000572205,191,0,1.11220158352229,1.3705745252785,44.6352786228046,506.562556577456,45
"274",2020-11-29,8620,525,377,23,39.7,45,0,4,38,5,1,28,27,2,531,38,898,0.0245000004768372,12,0,2.41769235474723,1.51128443980027,41.282679812377,515.089655302576,45
"275",2020-11-30,8664,532,378,45,43.3,44,1,7,35,1,1,25,24,1,532,36,1135,0.0229099988937378,61,0,2.17415123280873,1.57746647027955,42.3888881987821,522.969125604224,44
"276",2020-12-01,8717,552,378,34,45.1,53,2,11,39,3,1,27,26,0,535,41,1906,0.0141700005531311,113,0.0176999998092651,1.43675686145195,1.62447041754967,51.5400659567891,545.807717271892,53
"277",2020-12-02,8759,566,379,50,46.9,42,1,5,34,6,1,31,30,1,541,35,2859,0.0101400005817413,81,0.0123500001430511,1.0200888324757,1.59498740892943,39.7212374317194,561.492011038662,42
"278",2020-12-03,8797,565,380,40,44,38,0,6,31,3,1,33,32,1,544,31,3327,0.0102199995517731,202,0,0.963500666158941,1.53687099953329,36.7667927043685,560.749608966716,38
"279",2020-12-04,8839,568,382,54,43.7,42,1,5,32,2,1,31,30,2,546,33,2994,0.0110199999809265,165,0.0121200001239777,1.10774548791865,1.46173385986907,37.7145813489508,563.087339581941,42
"280",2020-12-05,8874,557,382,45,41.6,35,2,2,29,1,1,31,30,0,547,31,2277,0.0184500002861023,209,0,1.68988940673592,1.54426069175673,32.590976371576,549.650768998963,35
"281",2020-12-06,8913,550,383,33,43,39,0,7,30,1,2,31,29,1,548,30,1397,0.0157500004768372,20,0,1.55276998349623,1.42070035300659,36.6362886938851,543.331959387893,39
"282",2020-12-07,8966,552,384,24,40,53,0,4,44,2,1,30,29,1,550,44,1068,0.0168499994277954,25,0.04,1.73795053878184,1.3583859681456,47.4029392686565,544.509601734055,53
"283",2020-12-08,9013,557,384,58,43.4,47,1,1,44,0,1,27,26,0,550,45,2367,0.01942999958992,69,0,1.88796424586785,1.4228441659193,45.3366622722027,548.789353013709,47
"284",2020-12-09,9068,568,386,39,41.9,55,2,2,48,1,3,24,21,2,551,50,2911,0.00962000012397766,167,0.00598999977111816,0.942305078709412,1.41173220109555,51.6321337410146,563.821039297926,55
"285",2020-12-10,9112,566,386,57,44.3,44,2,0,42,1,3,23,20,0,552,44,3091,0.0139100003242493,252,0.00397000014781952,1.3160709255012,1.46209938100158,43.5478730540684,560.184003377334,44
"286",2020-12-11,9151,550,386,49,43.6,39,6,2,30,1,2,23,21,0,553,36,3047,0.0118099999427795,32,0,1.16872587936503,1.47081086549392,37.6714937919263,544.98115515443,39
"287",2020-12-12,9180,535,387,56,45.1,29,2,5,22,0,2,20,18,1,553,24,2616,0.0156700003147125,24,0,1.5527545766397,1.45122017548018,28.709033842154,528.513879398017,29
"288",2020-12-13,9220,533,388,28,44.4,40,5,2,33,0,2,19,17,1,553,38,1502,0.0119799995422363,47,0,1.16165005244926,1.39534589961632,39.6553428181468,528.165729528217,40
"289",2020-12-14,9262,530,388,19,43.7,42,3,4,35,2,2,20,18,0,555,38,917,0.0174500000476837,20,0,1.70775347318313,1.39103203310222,41.4933159963912,522.933091528615,42
"290",2020-12-15,9310,540,389,51,42.7,48,2,7,38,1,1,20,19,1,556,40,2079,0.0134700000286102,49,0,1.31598355542672,1.30932050589635,46.5890027904049,534.451537670466,48
"291",2020-12-16,9364,556,389,54,44.9,54,3,3,46,0,1,18,17,0,556,49,2312,0.0168700003623962,94,0,1.62109064164007,1.4062898720293,51.3797999479952,548.962627981333,54
"292",2020-12-17,9402,552,390,60,45.3,38,1,5,30,1,0,17,17,1,557,31,3207,0.0134099996089935,83,0.0241000008583069,1.36796865706023,1.41370383368059,35.6688946025398,546.104187761354,38
"293",2020-12-18,9443,541,390,23,41.6,41,3,4,34,0,0,16,16,0,557,37,3298,0.00727999985218048,170,0.00587999999523163,0.72113724082124,1.34976259960291,40.7916717970725,537.953903843681,41
"294",2020-12-19,9482,538,390,46,40.1,39,1,7,28,3,0,19,19,0,560,29,2799,0.0117900002002716,140,0,1.12283805922287,1.28834595425765,35.7457601975595,533.283413320241,39
"295",2020-12-20,9526,533,390,24,39.6,44,4,2,34,0,0,16,16,0,560,38,1360,0.0161800003051758,51,0,1.55951810170369,1.34518424700828,39.5372968710766,526.509979796943,44
"296",2020-12-21,9600,553,390,28,40.9,74,6,8,59,1,0,15,15,0,561,65,1365,0.00658999979496002,32,0.03125,0.715486737302823,1.20343185616824,72.6368856902528,549.910735180151,74
"297",2020-12-22,9682,595,390,66,43,82,3,7,68,2,0,15,15,0,563,71,3021,0.0225099992752075,48,0,2.21579367254487,1.33197615861369,76.7716670945158,584.706224242774,82
"298",2020-12-23,9782,662,390,52,42.7,100,5,6,88,1,1,13,12,0,564,93,2652,0.0199800002574921,199,0.0150800001621246,1.96379799070964,1.38093435133791,97.5740372539468,651.849598517342,100
"299",2020-12-24,9855,690,390,55,42,73,11,5,55,2,1,13,12,0,566,66,3469,0.01557000041008,144,0,1.49494413015686,1.39907370463743,70.2296336267187,681.946169733878,73
"300",2020-12-25,9918,719,390,53,46.3,63,5,2,54,0,1,10,9,0,566,59,2537,0.0295600008964539,161,0,2.77960423551903,1.69314041816568,59.7195477251197,703.395844311204,63
"301",2020-12-26,10011,762,390,86,52,93,5,4,83,2,2,12,10,0,568,88,951,0.0199800002574921,50,0,1.89819982466283,1.80390638465711,90.6957734984293,750.706584156853,93
"302",2020-12-27,10122,827,391,35,53.6,111,8,6,95,2,4,12,8,1,570,103,1480,0.0270300006866455,32,0.0625,2.77806885028012,1.97798506302517,106.765868925481,809.061879624976,111
"303",2020-12-28,10256,923,391,65,58.9,134,15,7,110,1,2,13,11,0,571,125,1188,0.04125,39,0.0256399989128113,4.07538385962507,2.45797036621406,128.022529623784,893.630358742025,134
"304",2020-12-29,10376,999,391,112,65.4,120,5,15,100,3,4,12,8,0,574,105,1880,0.0505299997329712,25,0.04,5.03918107600976,2.8613114238519,115.868786087863,959.6944504931,120
"305",2020-12-30,10513,1090,391,88,70.6,137,12,10,115,3,5,13,8,0,577,127,2458,0.0573600006103516,62,0,5.59487625000969,3.38003688946619,131.452176630603,1042.38482305005,137
"306",2020-12-31,10639,1178,391,147,83.7,126,0,9,117,2,5,13,8,0,579,117,2652,0.0331800007820129,144,0,3.14711595400209,3.6160614357298,123.125071647098,1149.05414017335,126
"307",2021-01-01,10756,1234,392,88,88.7,117,0,5,111,2,6,13,7,1,581,111,2759,0.0391400003433228,134,0.0149300003051758,3.80186246070242,3.76209832504171,112.705057805722,1197.36974173208,117
"308",2021-01-02,10868,1292,392,133,95.4,112,4,8,100,2,6,15,9,0,583,104,2369,0.0295499992370605,431,0,2.50014100687844,3.84808992250108,109.969858718767,1266.77939869853,112
"309",2021-01-03,10991,1319,393,107,105.7,123,0,5,118,3,5,18,13,1,586,118,1516,0.0600299978256226,126,0.0238100004196167,5.72506313986087,4.26908910672691,117.725385702329,1260.04054018111,123
"310",2021-01-04,11167,1431,393,115,112.9,176,5,30,141,5,8,21,13,0,591,146,1386,0.0533900022506714,155,0.00644999980926514,4.86685873393035,4.38215694591337,170.452082223406,1376.62280590201,176
"311",2021-01-05,11310,1507,395,105,111.9,143,2,19,122,6,8,23,15,2,597,124,2417,0.0575099992752075,97,0.0103100001811981,5.56888378145397,4.45782876097683,137.608392616742,1441.47457801153,143
"312",2021-01-06,11494,1603,395,132,118.1,184,11,42,130,7,7,28,21,0,604,141,2627,0.0513899993896484,211,0.0142200005054474,4.86264793880394,4.35322471651887,177.646715068267,1542.13960464137,184
"313",2021-01-07,11610,1637,395,188,124,116,2,7,106,6,9,32,23,0,610,108,2311,0.048899998664856,91,0.0109899997711182,4.74637747267502,4.58169064775786,110.99765566974,1576.33483640152,116
"314",2021-01-08,11743,1669,395,186,138,133,6,13,113,0,11,30,19,0,610,119,2661,0.0368300008773804,249,0,3.36785678126148,4.51968983640915,128.870831168234,1625.11274974607,133
"315",2021-01-09,11843,1680,397,153,140.9,100,6,2,92,4,11,30,19,2,614,98,3020,0.0324499988555908,375,0.00266999989748001,2.91606027998348,4.57910687542416,97.7687358240927,1641.74975698445,100
"316",2021-01-10,11936,1664,397,120,142.7,93,4,3,83,5,11,34,23,0,619,87,1824,0.0509899997711182,78,0,4.88989272252994,4.45979681580545,86.6784025099975,1600.46967559352,93
"317",2021-01-11,12100,1715,397,66,135.7,164,2,25,135,3,13,34,21,0,622,137,1608,0.0342000007629395,115,0,3.1917354165297,4.22049348474822,158.585902893631,1672.2614851283,164
"318",2021-01-12,12240,1743,398,160,143.6,140,1,22,115,4,13,35,22,1,626,116,2211,0.0705600023269653,74,0.0135099995136261,6.87124311198813,4.40654481768167,131.776685865024,1649.48934019601,140
"319",2021-01-13,12329,1731,402,172,149.3,89,1,9,76,2,11,34,23,4,628,77,2532,0.0375200009346008,173,0.0115600001811981,3.58597125315181,4.22416243401708,83.8441132243918,1682.53454534314,89
"320",2021-01-14,12421,1719,402,130,141,92,2,14,75,9,10,41,31,0,637,77,2581,0.0337100005149841,146,0,3.19052113418313,4.00189724280395,89.0818579305569,1676.17810107308,92
"321",2021-01-15,12516,1687,404,144,135,95,6,7,80,5,11,41,30,2,642,86,2923,0.0372900009155273,206,0.00485000014305115,3.51542897748658,4.02297898512182,90.6394935082697,1640.69564591222,95
"322",2021-01-16,12577,1638,405,119,130.1,61,0,1,58,2,9,39,30,1,644,58,2470,0.0323900008201599,289,0,2.89972098679938,4.02064480038124,57.6868551795853,1600.91497903725,61
"323",2021-01-17,12657,1577,407,74,123.6,80,2,3,72,2,9,39,30,2,646,74,2036,0.026029999256134,32,0,2.5627213967838,3.68819175384607,75.5193188952831,1545.44548510624,80
"324",2021-01-18,12778,1598,408,63,123.1,121,2,45,72,7,10,43,33,1,653,74,1021,0.0391799998283386,48,0,3.74207481990026,3.7668116686133,116.837915785455,1551.31066790753,121
"325",2021-01-19,12852,1539,415,81,111.9,74,3,24,47,8,9,45,36,7,661,50,2337,0.0410799980163574,89,0,3.95729412053699,3.35053324126313,72.4551128750993,1491.44837429556,74
"326",2021-01-20,12913,1497,415,166,111,61,1,8,50,2,7,37,30,0,663,51,3065,0.0225099992752075,163,0.00612999975681305,2.16828803404187,3.14800706710457,58.1365929930572,1471.65646491386,61
"327",2021-01-21,12984,1466,417,81,104,71,1,9,60,3,7,37,30,2,666,61,2636,0.0242799997329712,117,0,2.32481217929938,3.02433435926404,68.8927488837216,1439.38966989403,71
"328",2021-01-22,13063,1434,418,95,97,79,1,2,74,5,6,37,31,1,671,75,2311,0.0307200002670288,111,0.00901000022888184,2.97250332958338,2.94677355242072,75.259347682006,1400.71872767995,79
"329",2021-01-23,13111,1368,418,84,92,48,1,4,40,4,9,39,30,0,675,41,2122,0.0329900002479553,276,0,2.91929860409346,2.9495703548913,44.0654752753616,1336.81878479743,48
"330",2021-01-24,13157,1284,419,44,87.7,46,2,9,35,2,8,37,29,1,677,37,1247,0.0224499988555908,36,0,2.18200690357925,2.8951825701478,45.369643458601,1262.12492434713,46
"331",2021-01-25,13220,1225,419,29,82.9,63,1,17,43,4,7,38,31,0,681,44,825,0.0206100010871887,48,0,1.94768051511234,2.63884052660667,60.3308880046774,1206.37131376659,63
"332",2021-01-26,13282,1162,420,74,81.9,62,1,19,40,8,5,40,35,1,689,41,2354,0.024210000038147,79,0,2.3423896461076,2.40813988740247,59.2501551448163,1140.74829947016,62
"333",2021-01-27,13360,1121,422,80,69.6,78,0,27,50,1,4,30,26,2,690,50,2800,0.0196399998664856,175,0.00570999979972839,1.88205880978528,2.36724999822296,76.2652635020344,1104.52720771561,78
"334",2021-01-28,13398,1060,422,66,67.4,38,1,3,33,3,5,30,25,0,693,34,2355,0.0212299990653992,209,0.0287100005149841,2.18397183723271,2.34712994935629,36.4202318272518,1041.92487461432,38
"335",2021-01-29,13427,958,422,73,64.3,29,1,2,26,3,4,31,27,0,696,27,2847,0.0122899997234344,180,0.00555999994277954,1.18898015204223,2.09234092399327,28.7493505311307,949.106585511969,29
"336",2021-01-30,13446,861,423,42,58.3,19,1,6,12,2,5,33,28,1,698,13,2155,0.0157799994945526,216,0,1.43424288953019,1.88019010762709,18.8544224261082,851.358285298397,19
"337",2021-01-31,13488,802,424,25,55.6,42,3,5,34,4,6,32,26,1,702,37,922,0.0195200002193451,24,0,1.90247782264653,1.84025738177955,41.4503961750054,790.086965739307,42
"338",2021-02-01,13528,711,424,26,55.1,40,6,6,25,4,5,29,24,0,706,31,548,0.0292000007629395,29,0,2.77324097367259,1.9581945901453,36.3287601655918,695.604789604379,40
"339",2021-02-02,13570,648,425,59,53,42,4,5,31,3,5,27,22,1,709,35,2439,0.0221399998664856,107,0.0280399990081787,2.23879574109322,1.94339546085754,39.3881979384793,636.672921832417,42
"340",2021-02-03,13633,633,425,54,49.3,63,4,22,36,2,4,26,22,0,711,40,2865,0.0129100000858307,212,0,1.20205233168362,1.84625167827158,61.624584857408,627.059055368481,63
"341",2021-02-04,13715,635,425,51,47.1,82,3,43,33,2,5,25,20,0,713,36,2814,0.0127900004386902,90,0,1.23936161275738,1.71130736048939,78.6516394553869,628.855307060297,82
"342",2021-02-05,13772,633,427,72,47,57,1,8,47,2,5,21,16,2,715,48,2435,0.0160199999809265,149,0,1.50962461120573,1.75711371179847,55.4342316815284,625.538930300156,57
"343",2021-02-06,13797,602,427,61,49.7,25,1,4,19,3,6,21,15,0,718,20,2369,0.0143499994277954,205,0.0146300005912781,1.43722994427581,1.75754043390498,23.7755680554639,595.244598469463,25
"344",2021-02-07,13822,557,429,33,50.9,25,1,2,19,3,4,23,19,2,721,20,1004,0.0249000000953674,75,0,2.31692308579693,1.81674690006933,21.6381987756677,546.923835902346,25
"345",2021-02-08,13869,554,431,23,50.4,47,1,7,38,2,5,21,16,2,723,39,852,0.0140799999237061,29,0,1.36165266004513,1.61509142669397,45.585371294821,548.110146085406,47
"346",2021-02-09,13924,573,431,43,48.1,55,5,8,39,0,2,18,16,0,723,44,2244,0.0178299999237061,149,0,1.67198160588368,1.5341179788069,51.4256024333688,565.519777143643,55
"347",2021-02-10,13981,590,432,41,46.3,57,0,6,50,3,4,19,15,1,726,50,2791,0.0125399994850159,100,0,1.21062395581734,1.53534249654028,55.5273847974219,584.423140609579,57
"348",2021-02-11,14041,616,433,51,46.3,60,1,11,46,1,3,16,13,1,727,47,2563,0.0152199995517731,58,0,1.48831968146488,1.57090793492707,57.4538367144365,608.841774810487,60
"349",2021-02-12,14092,619,435,52,43.4,51,0,8,41,3,2,16,14,2,730,41,2612,0.0157000005245209,173,0,1.47247401687786,1.56560070716595,48.528632194997,611.883495822027,51
"350",2021-02-13,14125,618,435,46,41.3,33,0,3,29,6,2,21,19,0,736,29,2099,0.0219199991226196,46,0.0217400002479553,2.19161390068926,1.67336984379644,31.5037614903054,607.424986241681,33
"351",2021-02-14,14166,593,437,48,43.4,41,0,4,35,4,2,21,19,2,740,35,1175,0.0170200002193451,10,0,1.6876371525511,1.58347185333275,38.5388146090873,585.186201805394,41
"352",2021-02-15,14228,615,438,34,45,62,2,8,51,4,2,23,21,1,744,53,867,0.0265300011634827,26,0,2.57575711184093,1.75691534644643,59.9341178314238,602.631744647653,62
"353",2021-02-16,14279,610,438,61,47.6,51,2,13,32,3,2,24,22,0,747,34,1561,0.0333100008964539,23,0,3.28263329541442,1.98700844495083,46.128575618495,594.365621390646,51
"354",2021-02-17,14336,625,439,50,48.9,57,5,6,44,2,2,25,23,1,749,49,2063,0.0184200000762939,222,0,1.66303983183345,2.0516392843817,54.363750944151,616.884578369272,57
"355",2021-02-18,14408,641,439,68,51.3,72,3,12,53,3,3,26,23,0,752,56,2348,0.0212899994850159,116,0,2.02877105482213,2.12884662343274,67.1129471682217,630.846413121966,72
"356",2021-02-19,14462,646,440,58,52.1,54,2,16,33,1,3,26,23,1,753,35,2576,0.0151400005817413,96,0,1.45960484650321,2.12700817052207,50.6011296440736,638.637992859188,54
"357",2021-02-20,14510,624,440,66,55,48,0,3,44,4,3,26,23,0,757,44,2384,0.0255900001525879,68,0,2.48803264126303,2.16935370488975,46.1452538174993,611.878145048171,48
"358",2021-02-21,14552,613,440,53,55.7,42,0,7,33,2,4,24,20,0,759,33,1000,0.03,28,0,2.91828793774319,2.34516095991719,39.2480819686038,599.032552931943,42
"359",2021-02-22,14617,628,440,32,55.4,65,0,11,54,1,6,23,17,0,760,54,863,0.0150600004196167,66,0,1.39900757396439,2.17705388307769,64.4101491017221,621.140252516323,65
"360",2021-02-23,14672,634,440,47,53.4,55,0,7,47,3,6,25,19,0,763,47,2036,0.019650000333786,84,0,1.88714154149001,1.97769791823135,53.3074825002589,624.658380960939,55
"361",2021-02-24,14718,639,441,60,54.9,46,1,10,34,1,6,24,18,1,764,35,2874,0.0187899994850159,41,0,1.85257147581254,2.00477386737122,44.4937425388066,629.757185208497,46
"362",2021-02-25,14751,635,441,43,51.3,33,1,5,25,1,6,23,17,0,765,26,2376,0.0185199999809265,128,0.00781000018119812,1.79725239528254,1.97169977315127,30.6351529503316,626.089312440792,33
"363",2021-02-26,14816,638,441,56,51,65,5,12,43,1,6,21,15,0,766,48,2639,0.0181900000572205,181,0,1.70224858691506,2.00636316463868,59.3620411899152,629.52046414929,65
"364",2021-02-27,14863,644,442,71,51.7,47,0,5,34,3,6,23,17,1,769,34,2535,0.0209100008010864,47,0.0212800002098083,2.09167358794017,1.94974044273542,38.4447337857606,633.482604647936,47
"365",2021-02-28,14928,655,442,50,51.3,65,2,7,54,7,6,28,22,0,776,56,1552,0.0257699990272522,94,0,2.42983222905804,1.87996105578039,61.9375885689965,642.573580583798,65
"366",2021-03-01,15006,671,442,54,54.4,78,3,7,65,3,6,29,23,0,779,68,996,0.0291199994087219,45,0,2.78612098089213,2.07812011391293,73.5207645605962,656.403426767059,78
"367",2021-03-02,15070,680,443,62,56.6,64,0,6,55,3,4,29,25,1,782,55,2006,0.0259200000762939,41,0,2.54008403287961,2.17139761268287,59.9092149082333,666.513929774521,64
"368",2021-03-03,15129,690,443,65,57.3,59,0,5,51,6,5,32,27,0,788,51,2676,0.0209299993515015,109,0,2.01108360016581,2.19404220187619,55.1991914152226,679.165530911835,59
"369",2021-03-04,15187,687,443,61,59.9,58,1,3,51,1,5,31,26,0,789,52,2414,0.0202999997138977,225,0.00444000005722046,1.89477829944008,2.2079744738987,54.2307098611849,676.836493742962,58
"370",2021-03-05,15260,691,444,52,59.3,73,1,10,57,1,2,28,26,1,790,58,2440,0.0188499999046326,154,0,1.77309174122218,2.218094924514,67.1970516312758,681.433839262268,73
"371",2021-03-06,15317,706,445,46,55.7,57,1,3,48,0,2,26,24,1,790,49,1957,0.0209500002861023,25,0,2.06857470029779,2.21479508342224,51.2086006150756,694.597388453947,57
"372",2021-03-07,15357,697,446,55,56.4,40,1,0,38,2,5,25,20,1,792,39,1752,0.0194099998474121,16,0.0625,1.97999545999242,2.15053268784143,38.3970834281558,686.224798703195,40
"373",2021-03-08,15440,739,447,38,54.1,83,1,9,65,6,4,29,25,1,798,66,1170,0.0205100011825562,142,0,1.82901687374929,2.01380352967817,74.0574811009475,728.446644448488,83
"374",2021-03-09,15497,746,447,70,55.3,57,0,8,47,1,3,27,24,0,799,47,2105,0.0318300008773804,57,0,3.09908195406502,2.0936603755618,53.8627411144649,727.949039816826,57
"375",2021-03-10,15578,770,447,76,56.9,81,4,8,66,0,2,24,22,0,799,70,2655,0.0180799996852875,173,0,1.69739742448509,2.04884806475027,77.0722947837905,759.795242621695,81
"376",2021-03-11,15639,768,450,73,58.6,61,1,7,52,1,2,20,18,3,800,53,2321,0.0280100011825562,86,0,2.70092283941474,2.16401157046093,58.8823226072062,751.804221930837,61
"377",2021-03-12,15721,773,450,94,64.6,82,1,4,70,2,2,17,15,0,802,71,2361,0.0228699994087219,133,0,2.16503883736938,2.22000401276768,73.7998032133842,759.933068787972,82
"378",2021-03-13,15789,791,450,56,66,68,2,3,55,5,4,22,18,0,807,57,2353,0.0187000000476837,99,0,1.79449837325448,2.18085025176149,59.2013686683928,779.917238889452,68
"379",2021-03-14,15857,816,450,65,67.4,68,1,10,52,2,3,23,20,0,809,53,1535,0.0299699997901916,36,0,2.92832270387932,2.31632557231676,61.7882215525861,797.343184658685,68
"380",2021-03-15,15964,861,451,59,70.4,107,2,3,99,4,5,25,20,1,813,101,1000,0.0320000004768372,13,0,3.15893390689409,2.50631371990887,101.508904754486,839.764029639728,107
"381",2021-03-16,16050,877,452,85,72.6,86,4,4,75,5,6,27,21,1,818,79,1583,0.0341100001335144,9,0,3.39171672181867,2.54811868673083,80.9079354352522,853.775435148306,86
"382",2021-03-17,16138,904,453,77,72.7,88,3,5,76,3,5,27,22,1,821,79,2842,0.0267400002479553,175,0,2.51889561500461,2.66547557109076,82.4463053106558,886.22101266877,88
"383",2021-03-18,16232,940,454,63,71.3,94,2,3,85,2,5,24,19,1,823,87,2566,0.0284500002861023,161,0,2.67703339692477,2.66206279359219,88.1815495929167,920.352374911974,94
"384",2021-03-19,16359,992,456,118,74.7,127,6,6,107,2,4,24,20,2,825,113,2615,0.0382399988174438,97,0,3.6872270246171,2.87951824891329,115.746830130259,963.441199019623,127
"385",2021-03-20,16462,1046,457,84,78.7,103,4,5,89,4,4,27,23,1,829,93,1997,0.0435699987411499,151,0.00662000000476837,4.09724895189927,3.20848261729112,95.0248852507469,1012.5379566912,103
"386",2021-03-21,16546,1073,458,88,82,84,3,1,77,4,4,29,25,1,833,80,1306,0.0421099996566772,87,0,3.94800140356213,3.35415100296009,78.5339850507243,1039.92457449284,84
"387",2021-03-22,16697,1151,459,55,81.4,151,3,6,137,4,7,30,23,1,837,140,1150,0.0547800016403198,131,0,4.91779874210521,3.60541740799025,140.624396762351,1106.80486195333,151
"388",2021-03-23,16819,1186,460,109,84.9,122,2,0,118,5,9,31,22,1,842,120,1966,0.0350999999046326,153,0,3.25656440832976,3.58610993463469,116.948809400001,1155.84406623668,122
"389",2021-03-24,16975,1278,460,88,86.4,156,7,2,140,4,9,33,24,0,846,147,3106,0.0457200002670288,47,0,4.50384779033909,3.86967453111105,143.830727112894,1233.05897449169,156
"390",2021-03-25,17128,1364,461,127,95.6,153,7,4,136,8,10,40,30,1,854,143,3005,0.0379399991035461,282,0,3.46850311244771,3.98274163332861,143.127365183293,1327.06102174833,153
"391",2021-03-26,17279,1451,462,108,94.1,151,10,2,132,4,11,42,31,1,858,142,2390,0.0673600006103516,117,0,6.42163547900839,4.37337141252737,136.880288211284,1378.24857883502,151
"392",2021-03-27,17402,1511,464,138,101.9,123,6,3,108,5,13,44,31,2,863,114,2476,0.0626000022888184,117,0,5.97753974805686,4.64198438340702,111.679459619607,1440.47950425636,123
"393",2021-03-28,17541,1571,465,144,109.9,139,3,5,126,5,13,45,32,1,868,129,2480,0.0826599979400635,157,0,7.77386404593695,5.18853618946057,126.170120632312,1475.6454225842,139
"394",2021-03-29,17751,1720,465,114,118.3,210,7,1,190,4,12,47,35,0,872,197,1644,0.0839400005340576,40,0,8.19461762933437,5.65665317335045,185.395566263025,1609.95113691575,210
"395",2021-03-30,17963,1853,466,169,126.9,212,9,5,189,6,12,48,36,1,878,198,1968,0.0406500005722046,64,0,3.93696855935525,5.75385376635409,196.913669154028,1796.04055021421,212
"396",2021-03-31,18173,1958,467,169,138.4,210,6,5,194,8,14,54,40,1,886,200,3023,0.0793900012969971,224,0,7.3913142568778,6.16634897585962,193.458026233343,1845.00407682443,210
"397",2021-04-01,18415,2098,468,145,141,242,11,3,210,4,15,53,38,1,890,221,2634,0.0721299982070923,100,0.01,6.98575037591372,6.66881287064048,211.945928697035,1983.56813758543,242
"398",2021-04-02,18610,2187,469,248,161,195,14,7,160,6,15,57,42,1,896,174,3130,0.0939299964904785,99,0,9.10501359601108,7.05215260164086,168.630325643912,2031.52598955883,195
"399",2021-04-03,18854,2360,469,229,174,244,14,2,219,11,14,61,47,0,907,233,2885,0.101909999847412,36,0,10.0654005326869,7.63613271373086,216.688859198269,2174.53093436874,244
"400",2021-04-04,19082,2518,470,155,175.6,228,8,2,213,12,15,64,49,1,919,221,1818,0.0929599952697754,139,0,8.63573180380438,7.7592566791405,208.098848181685,2348.22126570807,228
"401",2021-04-05,19364,2658,471,187,186,282,5,4,267,5,17,67,50,1,924,272,2036,0.101180000305176,162,0,9.37226936402811,7.9274926412396,256.095921051541,2463.49616968748,282
"402",2021-04-06,19628,2783,472,156,184.1,264,4,6,239,10,19,71,52,1,934,243,1752,0.129569997787476,83,0,12.3709338487007,9.1323448254318,225.528698196166,2514.19081102852,264
"403",2021-04-07,19949,2936,473,223,191.9,321,2,6,304,12,23,77,54,1,946,306,3327,0.0883699989318848,44,0,8.72165489309939,9.32239348774918,291.162349756269,2736.06751269414,321
"404",2021-04-08,20244,3105,474,174,196,295,22,3,259,10,29,84,55,1,956,281,3329,0.0759999990463257,194,0.0103100001811981,7.23826672893473,9.35846725246646,268.119311677719,2929.52121978405,295
"405",2021-04-09,20547,3261,476,270,199.1,303,11,2,286,14,30,89,59,2,970,297,3387,0.102159996032715,158,0,9.76067437412709,9.45213307791161,276.36582374544,3012.48131728579,303
"406",2021-04-10,20844,3426,479,382,221,297,12,1,271,14,26,93,67,3,984,283,3175,0.0850399971008301,97,0,8.25189458420341,9.19306079955683,265.76656360141,3205.26589010046,297
"407",2021-04-11,21116,3566,479,209,228.7,272,9,3,254,13,29,101,72,0,997,263,2697,0.140530004501343,29,0,13.9035004453456,9.94559917691986,237.449854673537,3178.89042496515,272
"408",2021-04-12,21445,3674,480,269,240.4,329,14,4,305,16,28,101,73,1,1013,319,2116,0.0770300006866455,107,0,7.33223038474772,9.65416503702266,304.737711257023,3463.66881240847,329
"409",2021-04-13,21689,3702,482,263,255.7,244,14,0,225,11,29,104,75,2,1024,239,2667,0.0768699979782105,179,0,7.20352370372056,8.91596358773979,225.557770366959,3493.78604978444,244
"410",2021-04-14,21967,3777,484,397,280.6,278,13,10,252,14,29,103,74,2,1038,265,3868,0.149689998626709,96,0.0104200005531311,14.6317163153686,9.76025807663539,244.726016780615,3345.51005803917,278
"411",2021-04-15,22199,3783,484,329,302.7,232,13,2,215,19,30,109,79,0,1057,228,3832,0.115609998703003,98,0.0101999998092651,11.2981454201327,10.3402407468065,209.887297629125,3449.28792513587,232
"412",2021-04-16,22440,3831,486,382,318.7,241,2,11,222,19,25,116,91,2,1076,224,2952,0.115509996414185,244,0.00409999996423721,10.700435212952,10.4744922952101,216.285515022805,3510.9321788052,241
"413",2021-04-17,22621,3775,488,439,326.9,181,5,7,168,15,24,124,100,2,1091,173,2920,0.0972599983215332,121,0.00825999975204468,9.37187290591497,10.6344891983117,167.34095588993,3498.76941320513,181
"414",2021-04-18,22783,3715,488,263,334.6,162,3,6,150,9,22,121,99,0,1100,153,1945,0.0632399988174439,187,0.0107000005245209,5.86316593799314,9.48586998297568,151.995904869297,3544.93324568261,162
"415",2021-04-19,23009,3653,489,200,324.7,226,1,6,219,22,22,116,94,1,1122,220,2050,0.0990200042724609,89,0.0449399995803833,9.67698310992048,9.82083465800035,209.377701252485,3376.99428488785,226
"416",2021-04-20,23197,3549,490,187,313.9,188,2,2,181,17,28,120,92,1,1139,183,2743,0.0915100002288818,221,0,8.46868861767284,10.0015725028507,172.89971292026,3314.33377679783,187
"417",2021-04-21,23391,3440,491,218,288.3,194,3,3,181,12,25,112,87,1,1151,184,2433,0.107270002365112,232,0.00430999994277954,9.83068802030181,9.31571131784114,172.876896022613,3175.95936042276,194
"418",2021-04-22,23558,3322,494,239,275.4,167,1,4,158,14,22,108,86,3,1165,159,2299,0.141800003051758,213,0.0046900001168251,13.0174035446208,9.56131962133944,146.839681635057,2984.36114711735,171
"419",2021-04-23,23759,3228,497,188,247.7,201,1,6,187,21,30,113,83,3,1186,188,2485,0.074850001335144,87,0.0229900002479553,7.30957944554452,9.07691165456694,183.270520370633,3043.77255189576,207
"420",2021-04-24,23911,3094,497,229,217.7,152,1,3,146,18,32,119,87,0,1204,147,2426,0.0717199993133545,213,0,6.59313066821516,8.67994847775268,142.432761231973,2934.72764116818,165
"421",2021-04-25,24049,2952,502,139,200,138,1,5,130,21,31,125,94,5,1225,131,1587,0.117829999923706,91,0.0109899997711182,11.2035935553095,9.44286670879787,124.540727147989,2693.77272168598,155
"422",2021-04-26,24190,2778,506,175,196.4,141,1,4,132,11,33,124,91,4,1236,133,1266,0.0908399963378906,31,0,8.8668801359884,9.32713771252186,127.792305569394,2585.67687873517,165
"423",2021-04-27,24327,2650,507,190,196.9,137,1,4,129,10,33,121,88,1,1246,130,2420,0.0603299999237061,328,0.00610000014305115,5.38571324098579,8.88671265870943,128.533428939944,2538.56605146809,174
"424",2021-04-28,24455,2502,508,186,192.3,128,0,6,121,12,30,117,87,1,1258,121,2379,0.0584299993515015,38,0,5.75113646906173,8.30391957996084,121.566652737498,2389.65095164645,183
"425",2021-04-29,24547,2363,508,159,180.9,92,1,3,83,11,32,114,82,0,1269,84,2707,0.0583699989318848,111,0.00901000022888184,5.64257264492612,7.25037230857589,83.2992916095932,2258.89554849368,165
"426",2021-04-30,24648,2218,511,179,179.6,101,1,0,96,13,29,112,83,3,1282,97,2122,0.0683300018310547,179,0,6.30144562735759,7.10635319169204,92.2275614276826,2108.87351800619,171
"427",2021-05-01,24696,2091,514,137,166.4,48,0,0,48,8,30,112,82,3,1290,48,2045,0.089980001449585,69,0.028989999294281,8.79893154757363,7.42146760302896,44.7023876869356,1947.34776361213,170
"428",2021-05-02,24751,1987,514,131,165.3,55,0,0,54,0,28,106,78,0,1290,54,1218,0.0911299991607666,20,0,8.96577859271516,7.10177975122977,50.2198399386159,1847.90411033389,171
"429",2021-05-03,24751,1778,515,56,148.3,0,0,0,0,1,26,102,76,1,1291,0,NA,NA,NA,NA,NA,NA,NA,NA,171
