"","date","observed_cumulative_cases","observed_active_cases","observed_cumulative_deaths","observed_new_cases","observed_daily_average_cases","observed_new_episodes","observed_new_cases_community_outbreak","observed_new_cases_institution_outbreak","observed_new_cases_sporadic","observed_new_ICU_p_acute_care","observed_census_ICU","observed_census_ICU_p_acute_care","observed_census_acute_care","observed_new_deaths","cumulative_hosp","observed_new_community_cases","num_non_ltch_tests","non_ltch_pct_positivity","num_ltch_tests","ltch_pct_positivity","observed_pct_positivity","pct_positivity_7_day","adjusted_new_episodes","adjusted_active_cases","adjusted_episode_cases"
"1",2020-03-01,7,7,0,0,0,2,0,0,2,0,0,1,1,0,0,2,NA,NA,NA,NA,NA,NA,NA,NA,2
"2",2020-03-02,10,10,0,0,0,3,2,0,1,0,0,1,1,0,0,3,NA,NA,NA,NA,NA,NA,NA,NA,3
"3",2020-03-03,11,11,0,0,0,1,0,0,1,0,0,1,1,0,0,1,NA,NA,NA,NA,NA,NA,NA,NA,1
"4",2020-03-04,12,12,0,0,0,1,0,0,1,0,0,1,1,0,0,1,NA,NA,NA,NA,NA,NA,NA,NA,1
"5",2020-03-05,18,17,0,0,0,6,2,0,4,0,0,1,1,0,0,6,NA,NA,NA,NA,NA,NA,NA,NA,6
"6",2020-03-06,23,22,0,0,0,5,0,1,4,0,0,1,1,0,0,4,NA,NA,NA,NA,NA,NA,NA,NA,5
"7",2020-03-07,27,26,0,0,0,4,0,0,4,0,0,1,1,0,0,4,NA,NA,NA,NA,NA,NA,NA,NA,4
"8",2020-03-08,36,35,0,0,0,9,1,0,8,0,0,1,1,0,0,9,NA,NA,NA,NA,NA,NA,NA,NA,9
"9",2020-03-09,45,44,0,1,0.1,9,0,0,9,0,0,1,1,0,0,9,NA,NA,NA,NA,NA,NA,NA,NA,9
"10",2020-03-10,52,51,0,0,0.1,7,1,0,6,0,0,1,1,0,0,7,NA,NA,NA,NA,NA,NA,NA,NA,7
"11",2020-03-11,61,60,0,0,0.1,9,0,0,9,0,0,1,1,0,0,9,NA,NA,NA,NA,NA,NA,NA,NA,9
"12",2020-03-12,75,74,0,3,0.6,14,1,0,13,0,0,1,1,0,0,14,NA,NA,NA,NA,NA,NA,NA,NA,14
"13",2020-03-13,97,96,0,1,0.7,22,2,2,18,0,0,1,1,0,0,20,NA,NA,NA,NA,NA,NA,NA,NA,22
"14",2020-03-14,115,114,0,4,1.3,18,1,1,16,1,0,2,2,0,1,17,NA,NA,NA,NA,NA,NA,NA,NA,18
"15",2020-03-15,142,140,0,4,1.9,27,1,0,26,0,0,2,2,0,1,27,NA,NA,NA,NA,NA,NA,NA,NA,27
"16",2020-03-16,157,155,0,0,1.7,15,0,0,15,0,0,2,2,0,1,15,NA,NA,NA,NA,NA,NA,NA,NA,15
"17",2020-03-17,180,177,0,5,2.4,23,1,0,22,2,0,4,4,0,3,23,134,0,4,0,0,0,23,177,23
"18",2020-03-18,196,192,0,4,3,16,0,0,16,0,0,3,3,0,3,16,206,0.0291300010681152,1,0,2.89892764252741,1.4494638212637,14.3932850332902,172.719420399483,16
"19",2020-03-19,221,217,0,1,2.7,25,0,0,25,4,0,7,7,0,7,25,117,0.0170899999141693,8,0,1.59962399196625,1.49951721149789,23.6147141471728,204.97571879746,25
"20",2020-03-20,243,239,0,2,2.9,22,1,1,20,3,1,10,9,0,10,21,139,0.00718999981880188,4,0,0.698888094275148,1.2993599321922,21.491596633059,233.213885490528,22
"21",2020-03-21,263,259,0,4,2.9,20,0,2,18,3,1,10,9,0,13,18,201,0.0149300003051758,4,0,1.46386832260504,1.33226161027477,19.0872412621456,245.86641593865,20
"22",2020-03-22,289,284,0,7,3.3,26,0,1,25,3,5,13,8,0,16,25,158,0.0126600003242493,2,0,1.25017503201961,1.31858051389891,24.9173394534513,271.700976191207,26
"23",2020-03-23,310,305,0,9,4.6,21,2,0,19,4,5,17,12,0,20,21,140,0.0428599977493286,2,0,4.22563358091972,1.7338738091876,17.92607964337,260.354966248946,21
"24",2020-03-24,328,321,1,8,5,18,1,3,14,3,7,20,13,1,23,15,260,0.0269199991226196,3,0,2.66129268892818,2.11405847903448,16.6171808634829,291.407670478535,18
"25",2020-03-25,351,344,1,8,5.6,23,0,1,22,4,8,23,15,0,27,22,150,0.0466699981689453,2,0,4.60559192456697,2.35786766218299,19.4901414302641,289.118575091402,23
"26",2020-03-26,365,354,1,19,8.1,14,1,3,10,2,7,25,18,0,29,11,279,0.032260000705719,2,0,3.20303921597708,2.58692697989882,12.7795038264865,314.722214052384,14
"27",2020-03-27,382,362,1,27,11.7,17,3,2,12,5,9,26,17,0,34,15,573,0.0349000000953674,5,0,3.45980969803556,2.9813443518646,15.2022679883896,318.614734119803,17
"28",2020-03-28,407,384,2,26,14.9,25,1,1,23,3,8,25,17,1,37,24,361,0.0692500019073486,3,0,6.8679260133387,3.75335259339797,19.2902337295321,292.643739672514,25
"29",2020-03-29,426,396,2,11,15.4,19,5,4,10,7,8,31,23,0,44,15,187,0.0588199996948242,0,0,5.88199996948242,4.41504187017838,15.9436874971956,315.313349925965,19
"30",2020-03-30,451,406,3,48,21,25,8,3,14,4,12,32,20,1,48,22,547,0.0786100006103516,0,0,7.86100006103516,4.93437993876629,19.0092394456956,295.443237043291,25
"31",2020-03-31,468,403,3,51,27.1,17,2,3,12,6,13,34,21,0,54,14,949,0.0632200002670288,0,0,6.32200002670288,5.45733812987697,13.9340574686132,314.74465427508,17
"32",2020-04-01,495,405,3,37,31.3,27,6,4,16,3,15,33,18,0,57,22,567,0.0582000017166138,4,0.25,5.95436094103678,5.65001941794408,21.4622630231914,321.464387472387,27
"33",2020-04-02,512,401,6,32,33.1,17,5,4,7,6,14,34,20,3,63,12,107,0.0841100025177002,9,0,7.75842264602924,6.30078847938011,12.7749521580244,293.229651280649,17
"34",2020-04-03,539,406,6,26,33,27,3,4,19,5,14,37,23,0,68,22,219,0.109589996337891,3,0,10.8109050441433,7.35094495739549,17.7611572329315,253.955901662282,27
"35",2020-04-04,556,414,7,18,31.9,17,3,7,6,7,14,43,29,1,75,9,314,0.0254800009727478,3,0,2.52388653168543,6.73036788858788,15.2131466165449,377.804744361067,17
"36",2020-04-05,583,425,8,40,36,27,4,8,13,4,13,43,30,1,79,17,423,0.0709200000762939,5,0.2,7.24279440006363,6.92476709295663,20.7348279007697,318.370697519242,27
"37",2020-04-06,602,425,9,40,34.9,19,3,7,9,4,12,44,32,1,83,12,238,0.113450002670288,4,0.25,11.570702741954,7.45472461880217,14.190250439994,254.654703083122,19
"38",2020-04-07,625,423,9,25,31.1,23,2,11,10,4,14,45,31,0,87,12,283,0.102469997406006,6,0,10.034259261557,7.98504736663847,18.828924556737,275.96959062498,23
"39",2020-04-08,645,426,11,26,29.6,20,1,10,8,5,16,44,28,2,92,9,372,0.0457000017166138,6,0.333330001831055,5.02655572739859,7.85250376469015,17.4329080045497,351.824312215353,20
"40",2020-04-09,681,434,11,25,28.6,36,1,20,13,6,16,47,31,0,98,14,290,0.0965499973297119,5,0,9.49135566970049,8.10006562521462,29.3970340231981,291.308054719141,36
"41",2020-04-10,715,450,11,36,30,34,0,20,13,4,16,49,33,0,102,13,332,0.0873499965667725,8,0,8.52947025299072,7.77414636933568,29.158977136428,317.04151626097,34
"42",2020-04-11,759,480,11,31,31.9,44,0,34,8,5,19,53,34,0,107,8,225,0.106669998168945,11,0.363639984130859,11.8647412768865,9.10855419007869,38.7120156595056,282.720939570338,44
"43",2020-04-12,792,495,13,35,31.1,33,0,18,14,1,18,49,31,2,108,14,227,0.101319999694824,11,0.545449981689453,12.1847015669366,9.8145409282034,26.0908581764417,286.069628381333,33
"44",2020-04-13,816,502,16,16,27.7,24,0,19,5,3,20,51,31,3,111,5,165,0.0606099987030029,26,0.0384599995613098,5.75948155737672,8.9843664732638,23.0024495304993,401.845932862125,24
"45",2020-04-14,849,502,18,32,28.7,33,0,26,7,5,20,50,30,2,116,7,208,0.0673099994659424,18,0.166669998168945,7.52236276812258,8.62552411705889,31.1759623655573,371.190443929966,33
"46",2020-04-15,878,500,24,60,33.6,29,2,18,9,4,16,50,34,6,120,11,390,0.0974400043487549,25,0.2,10.3618317339794,9.38770640371328,25.0516949281076,320.531587641253,29
"47",2020-04-16,948,549,24,21,33,70,1,55,13,7,13,52,39,0,127,14,311,0.0385899996757507,11,0,3.72717077613617,8.56425141891838,67.1924562866132,478.11846438219,70
"48",2020-04-17,980,553,26,73,38.3,32,0,26,6,0,13,49,36,2,127,6,375,0.0853299999237061,66,0.5,14.7389455717437,9.45131932159738,28.9366321752608,270.659598819872,32
"49",2020-04-18,1020,575,31,31,38.3,40,0,31,9,1,11,46,35,5,128,9,422,0.0616099977493286,8,0,6.0463765233062,8.62012435680019,38.1149660393688,454.56727473745,40
"50",2020-04-19,1037,578,35,38,38.7,17,0,13,4,5,15,47,32,4,133,4,451,0.0443499994277954,47,0.127659997940063,5.22125896488328,7.62534684222115,16.2765363646131,473.459504686597,17
"51",2020-04-20,1098,614,39,16,38.7,61,1,47,13,3,13,45,32,4,136,14,325,0.0523099994659424,43,0.0232599997520447,4.89155701515467,7.50135762190371,58.6277708582536,509.96080764055,61
"52",2020-04-21,1134,627,47,51,41.4,36,0,26,10,2,11,43,32,8,138,10,544,0.069850001335144,25,0.36,8.25982438072379,7.60670928084674,33.1387731319561,447.60107537365,36
"53",2020-04-22,1175,644,54,35,37.9,41,1,31,9,4,9,45,36,7,142,10,654,0.0244600009918213,122,0.106560001373291,3.73674752785987,6.66026867997253,39.7055799333021,560.639347704657,41
"54",2020-04-23,1220,659,57,50,42,45,0,35,10,5,11,48,37,3,147,10,776,0.0360800004005432,105,0.0285700011253357,3.51849380578681,6.63045768420833,43.7811836489336,578.680002464724,45
"55",2020-04-24,1261,666,65,38,37,41,0,36,5,7,10,48,38,8,154,5,517,0.0406199979782104,94,0.106379995346069,5.07369206501887,5.24970718324764,40.1212292545534,548.947736706516,41
"56",2020-04-25,1362,738,78,53,40.1,101,0,95,6,4,9,48,39,13,158,6,557,0.0502699995040894,28,0.0357100009918213,4.95731106864081,5.09412640400973,99.9696639321329,611.268663652346,101
"57",2020-04-26,1416,757,87,88,47.3,54,0,41,13,5,9,50,41,9,163,13,356,0.0505600023269653,81,0.0123500001430511,4.34775991761712,4.96934082582885,52.0421005345515,642.990008050424,54
"58",2020-04-27,1477,781,95,87,57.4,61,0,54,7,8,11,56,45,8,171,7,269,0.0594799995422363,80,0.1,6.8768251796165,5.25295056360911,59.3324936167318,594.953930666787,61
"59",2020-04-28,1498,777,103,65,59.4,21,0,14,7,7,13,61,48,8,178,7,503,0.0616300010681152,11,0.272730007171631,6.61477054788909,5.01794287320415,19.3960371502312,598.960123675659,21
"60",2020-04-29,1523,766,111,29,58.6,25,0,17,8,7,13,62,49,8,185,8,671,0.0357699990272522,74,0.148649997711182,4.69822405072667,5.15529666218512,23.6980173653667,641.335162733861,25
"61",2020-04-30,1543,756,122,30,55.7,20,0,10,10,2,11,56,45,11,187,10,600,0.0383299994468689,6,0.333330001831055,4.12507915496826,5.24195171206819,18.5710607433074,647.97219219404,20
"62",2020-05-01,1566,740,135,42,56.3,23,0,16,7,6,11,57,46,13,193,7,516,0.031010000705719,55,0.0909099960327148,3.67797025323123,5.04256288181281,22.1081583849314,645.719600692746,23
"63",2020-05-02,1587,741,139,22,51.9,21,0,15,6,4,12,57,45,4,197,6,509,0.0510799980163574,28,0.0357100009918213,5.0278582901484,5.05264105631389,19.9550012761485,611.942657604341,21
"64",2020-05-03,1606,722,148,23,42.6,19,0,13,6,3,12,52,40,9,200,6,831,0.020460000038147,232,0.00430999994277954,1.69352587191204,4.67346476407031,18.6480146669159,679.644431585546,19
"65",2020-05-04,1624,719,152,14,32.1,18,0,11,7,6,10,52,42,4,206,7,628,0.0111500000953674,24,0.125,1.53407976378692,3.9102154189518,17.6280132573183,680.791647430261,18
"66",2020-05-05,1649,719,156,29,27,25,0,24,1,3,9,50,41,4,209,1,924,0.0292199993133545,29,0.172409992218018,3.35773023503274,3.44492394568661,24.8836872611173,635.371140743356,25
"67",2020-05-06,1665,693,161,23,26.1,16,0,11,5,4,10,52,42,5,213,5,599,0.016690000295639,149,0.0134200000762939,1.60386232465984,3.00287227053421,15.7222087441308,654.498131936534,16
"68",2020-05-07,1688,671,167,32,26.4,23,0,16,7,6,10,54,44,6,219,7,814,0.0344000005722046,234,0.0170899999141693,3.05349813413074,2.84978926755742,22.2595816387694,600.025611373471,23
"69",2020-05-08,1701,638,173,16,22.7,13,0,8,5,4,8,54,46,6,223,5,725,0.00966000020503998,124,0.0483900022506714,1.53166789490427,2.54317464493928,12.7347129229498,604.149368968395,13
"70",2020-05-09,1718,622,179,12,21.3,17,0,12,5,5,7,52,45,6,228,5,1090,0.0155999994277954,169,0.0295900011062622,1.74779265792338,2.0745938403357,16.6972798038969,584.341607604771,17
"71",2020-05-10,1730,553,185,25,21.6,12,0,8,4,3,6,53,47,6,231,4,895,0.0178799998760223,315,0.0126999998092651,1.65314874619492,2.06882567951897,11.7709378121634,521.332152531595,12
"72",2020-05-11,1750,534,188,14,21.6,20,0,14,6,1,6,52,46,3,232,6,523,0.0114699995517731,191,0.0157099997997284,1.26042293099796,2.02973184626341,19.7380315278601,510.68480597955,20
"73",2020-05-12,1773,517,193,13,19.3,23,0,17,6,4,7,52,45,5,236,6,849,0.0117799997329712,325,0.0030799999833107,0.937156709358477,1.68393562830994,22.8052197359565,500.216433914917,23
"74",2020-05-13,1794,499,195,21,19,21,0,15,6,2,8,48,40,2,238,6,1249,0.0144099998474121,235,0.0127699995040894,1.41502962890018,1.6569595289157,20.7058978055706,474.540500829954,21
"75",2020-05-14,1808,471,198,25,18,14,0,10,4,2,7,46,39,3,240,4,1038,0.0269700002670288,122,0.0245900011062622,2.67196900104654,1.60245536704653,13.6297689082002,427.405288940575,14
"76",2020-05-15,1828,457,201,17,18.1,20,0,12,8,1,6,45,39,3,241,8,1161,0.012059999704361,135,0.0148099994659424,1.2346458012859,1.56002363938677,19.6578521211758,437.454802422165,20
"77",2020-05-16,1844,437,207,19,19.1,16,0,6,10,1,5,43,38,6,242,10,965,0.0134700000286102,25,0.04,1.41399495228372,1.51233825286682,15.5101880909001,415.595219572332,16
"78",2020-05-17,1856,397,212,15,17.7,12,0,9,3,1,3,43,40,5,243,3,355,0.0253500008583069,10,0.1,2.73952063142437,1.66753423647102,11.715306657567,359.325581018037,12
"79",2020-05-18,1871,389,213,26,19.4,15,0,8,7,2,2,44,42,1,245,7,377,0.0397900009155273,17,0.0588199996948242,4.06110922334158,2.0676322782344,14.0152540778346,334.276262325381,15
"80",2020-05-19,1883,352,219,23,20.9,12,0,8,4,0,2,41,39,6,245,4,358,0.0391100001335144,31,0.225809993743896,5.39884057939819,2.70501568824007,11.2519304522692,286.16987979969,12
"81",2020-05-20,1898,338,223,17,20.3,15,0,9,6,3,2,42,40,4,248,6,675,0.0296300005912781,36,0.0555600023269653,3.0942912071566,2.94491019941956,14.3568771878397,301.770748248305,15
"82",2020-05-21,1906,324,229,11,18.3,8,0,1,7,0,2,39,37,6,248,7,479,0.0208800005912781,36,0,1.9420427734412,2.84063502404737,7.52908956724799,302.203574255478,8
"83",2020-05-22,1913,308,233,7,16.9,7,0,3,4,1,2,37,35,4,249,4,515,0.00583000004291534,14,0,0.567570892646768,2.74533860852749,6.92135672562964,301.944467873482,7
"84",2020-05-23,1922,304,236,6,15,9,1,3,5,1,1,36,35,3,250,6,581,0.00861000001430511,43,0,0.801668270562704,2.65786336828163,8.83337988635604,295.557914242039,9
"85",2020-05-24,1931,300,237,8,14,9,0,3,6,1,2,37,35,1,251,6,332,0.0150600004196167,25,0.04,1.68064989896716,2.50659612078774,8.65069083130225,282.534541565113,9
"86",2020-05-25,1946,296,240,6,11.1,15,1,7,7,0,2,36,34,3,251,8,402,0.0174100005626678,8,0,1.70702932346158,2.17029899223346,14.5269441150613,278.496932257268,15
"87",2020-05-26,1952,286,243,16,10.1,6,0,2,4,1,2,36,34,3,252,4,1120,0.00804000020027161,41,0.0731699991226196,1.03400260020083,1.54675070949098,5.85672741283816,275.756010017929,6
"88",2020-05-27,1957,258,243,8,8.9,5,0,1,4,1,2,34,32,0,253,4,1150,0.00957000017166138,13,0.0769199991226196,1.03228376491871,1.25217821774271,4.85696557662781,248.774279692494,5
"89",2020-05-28,1961,233,244,4,7.9,4,0,2,2,1,1,31,30,1,254,2,1403,0.00284999996423721,88,0,0.268179071081476,1.01305483169132,3.98142040004104,230.835476604782,4
"90",2020-05-29,1968,223,247,7,7.9,7,0,3,4,2,1,32,31,3,256,4,1386,0.00648999989032745,37,0,0.632125077160495,1.02227685805042,6.91241202372502,218.11697032267,7
"91",2020-05-30,1971,205,248,15,9.1,3,1,1,1,0,1,31,30,1,256,2,1014,0.0128199994564056,119,0,1.14735034852562,1.07166001204512,2.92051090936214,196.852368209619,3
"92",2020-05-31,1975,190,249,10,9.4,4,0,1,3,3,1,34,33,1,259,3,1310,0.00533999979496002,11,0.0909099960327148,0.60525432912623,0.918032073496421,3.93710144906214,186.016425107269,4
"93",2020-06-01,1986,180,250,5,9.3,11,0,5,6,0,1,31,30,1,259,6,764,0.00130999997258186,20,0,0.127658160593437,0.692407621658115,10.973467308104,179.204019243119,11
"94",2020-06-02,1989,161,251,8,8.1,3,0,1,2,0,1,26,25,1,259,2,859,0.0104799997806549,9,0,1.03713361884592,0.692854910035985,2.92814678765038,155.215816405856,3
"95",2020-06-03,1999,152,251,8,8.1,10,0,7,3,0,0,22,22,0,259,3,1111,0.00449999988079071,136,0,0.400922202691137,0.602660401146331,9.95833581954797,149.889014857097,10
"96",2020-06-04,2006,142,254,8,8.7,7,0,2,5,0,0,20,20,3,259,5,1432,0.00559000015258789,20,0,0.551300290530707,0.643106289639078,6.90451399866878,139.288197562193,7
"97",2020-06-05,2010,133,256,15,9.9,4,0,1,3,1,0,21,21,2,260,3,1381,0.00940999984741211,29,0,0.921646084345824,0.684466433522697,3.90422174548244,128.753830716388,4
"98",2020-06-06,2013,124,257,2,8,3,0,0,3,0,0,21,21,1,260,3,1401,0.000710000023245811,68,0,0.0677134127002983,0.53023258554765,2.99296316385865,123.709144106157,3
"99",2020-06-07,2014,116,258,4,7.1,1,0,0,1,0,0,20,20,1,260,1,872,0.00229000002145767,22,0,0.223364655336811,0.475676917863447,0.992262584241954,115.102459772067,1
"100",2020-06-08,2017,108,258,0,6.4,3,0,0,3,0,0,19,19,0,260,3,702,0.00142000004649162,12,0,0.139613449949176,0.477384816342839,2.98549125009,107.47768500324,3
"101",2020-06-09,2027,105,259,3,5.7,10,0,3,7,0,0,18,18,1,260,7,1337,0.00224000006914139,10,0,0.222337052148629,0.360985306814655,9.94608726497893,104.191308974684,10
"102",2020-06-10,2037,103,259,7,5.6,10,0,4,6,0,0,17,17,0,260,6,1280,0.00233999997377396,12,0,0.231826622788751,0.336828795400028,9.95181675556693,102.172854303899,10
"103",2020-06-11,2044,102,260,5,5.1,7,0,2,5,0,0,16,16,1,260,5,1529,0.00326999992132187,6,0,0.325721816267175,0.304603299076667,6.94358451407353,100.8491240871,7
"104",2020-06-12,2048,105,260,10,4.4,4,0,2,2,0,0,16,16,0,260,2,1595,0.00814999997615814,13,0,0.808411067286831,0.288426868068239,3.94399281729178,102.059622907818,4
"105",2020-06-13,2051,103,260,6,5,3,0,3,0,0,0,16,16,0,260,0,1481,0.00270000010728836,23,0.0434800004959106,0.332363043238032,0.326233958145058,3,101.814145427085,3
"106",2020-06-14,2054,100,260,1,4.6,3,0,1,2,0,0,16,16,0,260,2,768,0,13,0,0,0.294324721668371,3,100,3
"107",2020-06-15,2059,98,260,2,4.9,5,0,2,3,0,0,14,14,0,260,3,721,0.00555000007152557,17,0,0.542215454142268,0.351839293695955,4.94365250321977,96.159315105179,5
"108",2020-06-16,2063,97,260,3,4.9,4,0,1,3,1,0,14,14,0,261,3,1250,0.000799999982118607,14,0,0.0791139222822989,0.331378846572194,3.99177841308834,96.7341686898565,4
"109",2020-06-17,2066,87,260,8,5,3,0,0,3,1,1,6,5,0,262,3,1098,0.0091100001335144,26,0,0.889927059305944,0.425393194646078,2.90751801387105,84.3180224022606,3
"110",2020-06-18,2068,73,260,2,4.6,2,0,0,2,0,1,6,5,0,262,2,1297,0.00231000006198883,121,0,0.211288440084592,0.409045569477138,1.98536181560741,72.4657062696706,2
"111",2020-06-19,2071,71,260,5,3.9,3,0,0,3,0,1,5,4,0,262,3,1873,0.0010700000077486,19,0,0.105925476454183,0.308690485072474,2.98899213329711,70.7394804880315,3
"112",2020-06-20,2077,71,261,1,3.1,6,0,0,6,1,1,5,4,1,263,6,1792,0.000560000017285347,158,0,0.0514625656910432,0.268561845422904,5.98930393173995,70.8734298589228,6
"113",2020-06-21,2083,75,261,1,3.1,6,0,0,6,0,1,4,3,0,263,6,1101,0.00363000005483627,86,0,0.336700089332328,0.316661858184665,5.93001967371229,74.1252459214036,6
"114",2020-06-22,2085,74,262,6,3.7,2,0,1,1,0,1,1,0,1,263,1,511,0.00391000002622604,10,0,0.383495204107775,0.293987536751166,1.98671561608114,73.0169555900042,2
"115",2020-06-23,2094,79,262,4,3.9,9,0,0,9,0,1,1,0,0,263,9,1256,0.00158999994397163,20,0,0.156507831475578,0.305043809493063,8.9512067142529,78.5717033806644,9
"116",2020-06-24,2096,73,263,3,3.1,2,0,0,2,1,1,2,1,1,264,2,1734,0.00287999987602234,24,0,0.284068247157152,0.218492550614664,1.98031958880334,72.2816649913219,2
"117",2020-06-25,2102,71,263,6,3.7,6,0,0,6,0,1,2,1,0,264,6,1795,0.00279000014066696,22,0.0454500007629395,0.330652188733179,0.23554451470732,5.93127667978592,70.1867740441334,6
"118",2020-06-26,2106,65,263,6,3.9,4,0,0,4,0,1,2,1,0,264,4,2028,0.00196999996900558,23,0,0.194790830674955,0.248239565310287,3.97300955891138,64.5614053323099,4
"119",2020-06-27,2109,67,263,3,4.1,3,0,0,3,0,1,1,0,0,264,3,1573,0.000640000030398369,80,0,0.0609026042236318,0.249588142243514,2.99367094893887,66.8586511929682,3
"120",2020-06-28,2111,66,263,2,4.3,2,0,0,2,0,1,1,0,0,264,2,880,0.00114000000059605,12,0,0.112466367771807,0.217554753449154,1.99220826549361,65.7428727612892,2
"121",2020-06-29,2115,67,263,1,3.6,4,0,0,4,2,1,3,2,0,266,4,854,0.00351000010967255,8,0,0.347742470262222,0.212447220042646,3.9518164041649,66.1929247697621,4
"122",2020-06-30,2118,66,263,10,4.4,3,0,1,2,0,1,3,2,0,266,2,1606,0.00435999989509583,11,0,0.433034003186388,0.251950958858477,2.9699991557306,65.0099721391098,3
"123",2020-07-01,2120,65,263,4,4.6,2,0,0,2,0,2,3,1,0,266,2,1600,0.00312999993562698,15,0,0.310092872879453,0.255668762533091,1.97851658779714,64.3017891034071,2
"124",2020-07-02,2126,64,263,4,4.3,6,0,1,5,0,1,3,2,0,266,5,1013,0.00196999996900558,12,0,0.19469365547343,0.236246114924555,5.96627877952355,63.5683683779015,6
"125",2020-07-03,2134,72,263,4,4,8,0,0,8,0,1,3,2,0,266,8,1333,0.00300000011920929,14,0,0.296881971707942,0.250830563643554,7.91772738644943,71.2595464780449,8
"126",2020-07-04,2137,72,263,4,4.1,3,0,0,3,0,1,3,2,0,266,3,1257,0.00238999992609024,40,0,0.231629137015839,0.275220068328155,2.975928900675,71.4222936162,3
"127",2020-07-05,2139,69,263,5,4.6,2,0,0,2,0,1,2,1,0,266,2,736,0.00407999992370605,46,0,0.383999992819393,0.314010586192095,1.97339626011062,68.0821709738165,2
"128",2020-07-06,2145,69,263,0,4.4,6,0,1,5,0,1,2,1,0,266,5,600,0,11,0,0,0.264333090440349,6,69,6
"129",2020-07-07,2152,70,263,6,3.9,7,0,1,6,0,1,1,0,0,266,6,1270,0.00393999993801117,21,0,0.387591008619224,0.257841234073612,6.91944241742512,69.0601615366265,7
"130",2020-07-08,2165,76,263,5,4,13,0,1,12,0,1,1,0,0,266,12,1688,0.00296000003814697,39,0,0.289315579872153,0.254873049358283,12.8797363034877,75.2383299220885,13
"131",2020-07-09,2173,80,263,5,4.1,8,0,0,8,1,0,2,2,0,267,8,1503,0.00266000002622604,41,0,0.258936531050372,0.264050603012132,7.92824291407566,79.2824291407566,8
"132",2020-07-10,2189,93,263,12,5.3,16,0,0,16,0,0,2,2,0,267,16,1900,0.00684000015258789,14,0.0714300012588501,0.73124453017455,0.32610239707879,15.5947116741652,90.6442616060853,16
"133",2020-07-11,2196,98,263,7,5.7,7,0,0,7,1,1,2,1,0,268,7,1571,0.00381999999284744,25,0,0.376016290022765,0.346729133222637,6.90882281467845,96.7235194054983,7
"134",2020-07-12,2219,118,263,9,6.3,23,0,2,21,1,1,3,2,0,269,21,1068,0.00842999994754791,13,0,0.832862159480219,0.410852299888469,22.3941377317113,114.595631063901,23
"135",2020-07-13,2242,136,263,6,7.1,23,0,2,21,0,0,3,3,0,269,21,807,0.00620000004768372,65,0,0.573784408082656,0.492821501043134,22.582602812443,133.296856309155,23
"136",2020-07-14,2261,146,263,4,6.9,19,0,2,17,1,0,4,4,0,270,17,1405,0.00356000006198883,66,0,0.340027198306887,0.486026670998515,18.7997631246877,144.280318600259,19
"137",2020-07-15,2282,166,263,15,8.3,21,0,0,21,1,0,5,5,0,271,21,1406,0.00782000005245209,45,0,0.757747765247942,0.552945554623627,20.4487793993062,161.642732394516,21
"138",2020-07-16,2304,184,263,7,8.6,22,0,1,21,0,0,5,5,0,271,21,1693,0.00591000020503998,24,0.0416699981689453,0.640984874967232,0.607523889468893,21.5337180998489,179.914482398676,22
"139",2020-07-17,2334,211,263,17,9.3,30,0,0,29,0,1,5,4,0,271,29,1787,0.0083899998664856,21,0,0.829254964679743,0.621525380112492,28.1669567317049,204.938892082405,30
"140",2020-07-18,2360,230,263,16,10.6,26,0,0,24,2,1,6,5,0,273,24,1562,0.00703999996185303,81,0,0.66929275352492,0.663422017755657,23.4435721669507,224.667566599944,26
"141",2020-07-19,2378,248,263,28,13.3,18,0,0,18,0,1,6,5,0,273,18,2017,0.0213199996948242,22,0,2.10899653675627,0.845726928795093,16.6849875857664,229.88205118167,18
"142",2020-07-20,2408,273,263,47,19.1,30,0,0,27,2,3,8,5,0,275,27,1548,0.014210000038147,35,0.0285700011253357,1.45274984829048,0.971293420253354,25.641260866021,259.261637645323,30
"143",2020-07-21,2432,292,263,23,21.9,24,0,0,23,0,3,8,5,0,275,23,1429,0.0167900002002716,15,0,1.66155888408505,1.16008366107881,21.676191839372,275.193392047679,24
"144",2020-07-22,2459,312,263,13,21.6,27,0,1,23,2,3,9,6,0,277,23,1764,0.00907000005245209,16,0,0.898847196209297,1.18024072264471,23.2838645293304,302.285466658743,27
"145",2020-07-23,2478,320,263,29,24.7,19,0,1,17,1,3,10,7,0,278,17,1668,0.0101900005340576,32,0,0.999818875929889,1.23150272278224,17.4112217828712,308.917115912869,19
"146",2020-07-24,2501,335,263,34,27.1,23,0,1,18,0,3,7,4,0,278,18,2037,0.0122699999809265,83,0,1.17896179062016,1.28146084077372,18.2648876546013,321.318742460636,23
"147",2020-07-25,2513,334,263,26,28.6,12,0,1,10,1,3,8,5,0,279,10,2126,0.00800000011920929,321,0,0.695055179952552,1.28514118740624,10.7592308911199,325.958311763403,12
"148",2020-07-26,2520,336,263,21,27.6,7,0,0,6,2,4,10,6,0,281,6,1816,0.0121099996566772,73,0,1.16420113163186,1.15017041524561,5.75803043231239,322.449704209494,7
"149",2020-07-27,2535,338,264,22,24,15,0,1,13,1,4,10,6,1,282,13,1600,0.00875,23,0,0.862600123228589,1.06586331166534,13.6115506945722,327.900318058878,15
"150",2020-07-28,2555,327,264,14,22.7,20,0,2,17,1,4,11,7,0,283,17,1488,0.00739000022411346,24,0,0.727269863325452,0.932393451556828,18.5717217750045,318.761942378027,20
"151",2020-07-29,2571,322,264,20,23.7,16,2,2,12,2,4,12,8,0,285,14,2254,0.00620999991893768,53,0,0.606733412106005,0.890662910970644,15.7057561269326,315.23239091945,16
"152",2020-07-30,2592,333,264,19,22.3,21,1,0,19,1,4,13,9,0,286,20,1889,0.00899999976158142,134,0,0.840385543728488,0.867886720656158,19.4177760721298,323.305971600961,21
"153",2020-07-31,2602,320,264,18,20,10,0,1,9,1,3,14,11,0,287,9,2129,0.00797999978065491,207,0,0.727286795077667,0.803361721292945,9.77325919043322,311.938104548737,10
"154",2020-08-01,2619,307,264,15,18.4,17,0,0,17,1,2,14,12,0,288,17,1631,0.00551999986171722,83,0.0120500004291534,0.583621342478444,0.787442601653787,16.6563142167293,300.793439090347,17
"155",2020-08-02,2627,292,264,2,15.7,8,0,0,8,0,2,14,12,0,288,8,1338,0.00149000003933907,11,0,0.147785029846973,0.642240301398803,7.95904547325925,290.505159773963,8
"156",2020-08-03,2636,278,264,10,14,9,0,1,7,0,1,13,12,0,288,7,1044,0.0114900004863739,47,0,1.09950142142753,0.676083343998651,7.733390686726,267.411801558547,9
"157",2020-08-04,2648,266,264,20,14.9,12,0,1,11,1,1,12,11,0,289,11,1692,0.00591000020503998,12,0,0.586838048528618,0.656021656170532,11.7763893775859,260.59268858526,12
"158",2020-08-05,2657,246,264,12,13.7,9,1,0,8,1,1,13,12,0,290,9,1610,0.00497000008821487,70,0,0.476291675120592,0.637387122315473,8.8515100772657,241.941275445262,9
"159",2020-08-06,2667,222,264,12,12.7,10,0,0,10,1,2,11,9,0,291,10,1638,0.00305000007152557,10,0,0.303149278953816,0.56063908449052,9.89498821984702,219.668738480604,10
"160",2020-08-07,2679,223,264,6,11,12,0,3,9,1,2,11,9,0,292,9,1689,0,39,0,0,0.456740970907996,12,223,12
"161",2020-08-08,2685,206,264,14,10.9,6,1,1,4,0,1,11,10,0,292,5,1518,0.00725000023841858,95,0,0.682300084433937,0.470837934044495,5.8818246464049,201.131175431882,6
"162",2020-08-09,2687,197,264,16,12.9,2,0,1,1,2,2,13,11,0,294,1,1588,0.00441000014543533,102,0,0.414383445618421,0.508923422011845,1.98564563853146,194.172190790697,2
"163",2020-08-10,2699,198,264,8,12.6,12,2,0,10,0,1,13,12,0,294,12,1384,0.00578000009059906,27,0,0.566939767922686,0.432843185796867,11.7643325249875,194.111486662294,12
"164",2020-08-11,2712,202,264,8,10.9,13,2,1,10,0,1,13,12,0,294,12,1457,0.00342999994754791,41,0,0.333612144431062,0.396668056640073,12.8613229549946,199.665603075743,13
"165",2020-08-12,2719,185,264,12,10.9,7,3,0,4,0,2,11,9,0,294,7,1489,0.00268999993801117,7,0,0.26774130399055,0.366875146478639,6.93507755078722,183.284192413662,7
"166",2020-08-13,2741,188,264,11,10.7,22,0,0,22,0,2,10,8,0,294,22,1692,0.00532000005245209,56,0,0.5149565268163,0.397133324744708,21.6075586790383,184.646410529964,22
"167",2020-08-14,2752,182,264,6,10.7,11,4,1,6,1,2,11,9,0,295,10,1882,0.00477999985218048,35,0,0.469272807605825,0.464172297259826,10.8374425528105,179.041454461151,11
"168",2020-08-15,2756,174,264,2,9,4,0,0,4,1,2,12,10,0,296,4,2045,0.00732999980449677,21,0,0.72554935141316,0.470350763971143,3.89946704904768,169.626816633574,4
"169",2020-08-16,2760,156,264,26,10.4,4,0,1,3,0,2,12,10,0,296,3,1195,0.00501999974250793,22,0,0.492925200681757,0.481571014694477,3.94877478879268,153.336289017219,4
"170",2020-08-17,2783,170,265,8,10.4,23,1,4,18,1,1,10,9,1,297,19,1356,0.00663999974727631,32,0,0.648691617961576,0.493249850414319,22.5730535878748,166.179953154669,23
"171",2020-08-18,2809,189,265,15,11.4,26,1,1,24,0,1,8,7,0,297,25,1889,0.00582000017166138,77,0.0519500017166138,0.762671945902726,0.554544107767413,25.3395206234007,184.006775912909,26
"172",2020-08-19,2833,198,265,23,13,24,4,3,15,2,1,8,7,0,299,19,1520,0.0118400001525879,25,0.04,1.22956635805395,0.691947686919328,21.1907419018445,189.56667876659,24
"173",2020-08-20,2850,206,266,24,14.9,17,1,0,16,3,0,7,7,1,302,17,1606,0.00995999991893768,103,0,0.935971905781973,0.752092741057282,16.4488202981201,199.320998906631,17
"174",2020-08-21,2871,213,266,16,16.3,21,3,2,16,0,0,7,7,0,302,19,1803,0.00721000015735626,116,0.00861999988555908,0.729523203253684,0.789271369006976,20.5198530309826,207.617299768384,21
"175",2020-08-22,2890,223,266,16,18.3,19,1,0,18,1,0,8,8,0,303,19,1865,0.00589999973773956,73,0,0.567776032553369,0.766732323455577,18.6263094307414,218.614052792386,19
"176",2020-08-23,2907,233,266,13,16.4,17,0,1,15,0,0,8,8,0,303,15,693,0.0173199999332428,5,0,1.71959311658127,0.941970597155507,15.106492014755,219.120842629194,17
"177",2020-08-24,2926,249,266,19,18,19,2,0,17,1,1,9,8,0,304,19,1141,0.00963999986648559,58,0,0.917367793799839,0.980352907989545,18.3962202110876,241.087306976885,19
"178",2020-08-25,2940,251,266,23,19.1,14,0,1,13,4,2,12,10,0,308,13,1648,0.014559999704361,73,0,1.39424052950534,1.07057699136135,13.3721404035296,238.877480098918,14
"179",2020-08-26,2958,259,266,15,18,18,1,4,13,0,2,12,10,0,308,14,1831,0.00437000006437302,41,0,0.427428959287767,0.955985934394748,17.7927123347214,255.165178192345,18
"180",2020-08-27,2971,262,266,16,16.9,13,1,3,9,1,2,10,8,0,309,10,1472,0.00679000020027161,9,0,0.674873753868994,0.91868619840718,12.7662217950282,255.87501102974,13
"181",2020-08-28,2999,272,266,20,17.4,28,0,3,21,1,1,10,9,0,310,21,2137,0.00607999980449677,35,0,0.598202559033591,0.899926106375738,23.5648399255666,266.363640940672,28
"182",2020-08-29,3020,286,266,12,16.9,21,0,2,18,0,1,10,9,0,310,18,1788,0.00726999998092651,11,0.0909099960327148,0.778141741092633,0.929978350452776,19.5148090422453,278.290854782342,21
"183",2020-08-30,3040,300,267,16,17.3,20,0,6,12,2,1,11,10,1,312,12,1406,0.00426999986171722,33,0,0.417207769671606,0.743923300894253,17.8265736376294,295.664340940734,20
"184",2020-08-31,3060,308,267,13,16.4,20,1,3,16,1,1,12,11,0,313,17,1342,0.00522000014781952,55,0,0.501448833097623,0.684506306508222,19.7047043649201,302.649937905612,20
"185",2020-09-01,3085,312,267,18,15.7,25,1,2,22,0,1,12,11,0,313,23,1371,0.0153199994564056,21,0.0952400016784668,1.65256891451005,0.721410361508895,23.6833543872667,294.139416035966,25
"186",2020-09-02,3121,322,267,15,15.7,36,1,9,26,0,1,10,9,0,313,27,1530,0.00261000007390976,50,0,0.252740513486198,0.696454869251528,35.7636148943194,319.180888739661,36
"187",2020-09-03,3143,323,267,24,16.9,22,1,4,17,1,1,9,8,0,314,18,1491,0.00939000010490417,133,0.00751999974250793,0.923685352350104,0.731999383320258,21.4240589379751,312.665057609221,22
"188",2020-09-04,3165,327,267,24,17.4,22,0,3,19,3,1,12,11,0,317,19,2705,0.00813000023365021,258,0.00774999976158142,0.809691210614641,0.762212047831837,21.4670892181596,317.828324965167,22
"189",2020-09-05,3190,334,267,17,18.1,25,1,11,13,2,1,14,13,0,319,14,2256,0.00398999989032745,163,0,0.372114086505942,0.704208097176595,24.8195380576514,329.694693661112,25
"190",2020-09-06,3211,336,267,26,19.6,21,1,3,16,1,1,15,14,0,320,17,1310,0.00611000001430511,192,0.03125,0.932363516560566,0.77780177530359,19.4509452239678,325.148093838422,21
"191",2020-09-07,3252,361,267,29,21.9,41,2,6,33,0,1,13,12,0,320,35,1290,0.0147300004959106,44,0,1.4244153403092,0.909654133476672,39.2730245350491,343.187481632935,41
"192",2020-09-08,3304,398,267,24,22.7,52,0,14,36,3,1,15,14,0,323,36,1096,0.0118599998950958,4,0,1.181687262275,0.842385326014522,48.5263765088743,381.708273625888,52
"193",2020-09-09,3349,429,267,15,22.7,45,2,10,31,0,1,14,13,0,323,33,1587,0.0144900000095367,29,0,1.42299690687715,1.00956481078466,41.3733303003891,407.853293905058,45
"194",2020-09-10,3426,491,267,33,24,77,1,21,52,2,2,15,13,0,325,53,1958,0.0132799994945526,61,0,1.28787711789668,1.06159220586274,71.6355410544028,469.095295428524,77
"195",2020-09-11,3456,505,267,60,29.1,30,0,1,25,0,1,13,12,0,325,25,2315,0.0155499994754791,93,0.0752699995040894,1.7856461270604,1.20101433678356,24.453617643649,473.763076401709,30
"196",2020-09-12,3505,530,269,47,33.4,49,0,4,42,1,0,13,13,2,326,42,1901,0.0178900003433228,26,0,1.76486199546739,1.39997832377806,43.4323163092011,497.598277235157,49
"197",2020-09-13,3540,543,270,31,34.1,35,1,5,29,1,1,12,11,1,327,30,1197,0.0141999995708466,44,0,1.36965346384394,1.46244831624711,33.5766443292165,517.237262358819,35
"198",2020-09-14,3608,593,272,59,38.4,68,0,19,49,1,1,12,11,2,328,49,2394,0.0141999995708466,219,0.041100001335144,1.64545347359369,1.49402519243061,65.2070499551088,559.199604558766,68
"199",2020-09-15,3681,642,273,41,40.9,73,1,15,55,1,1,12,11,1,329,56,2961,0.0121599996089935,28,0,1.20460886056306,1.49729970647176,68.663232190012,615.210626178352,73
"200",2020-09-16,3758,682,274,41,44.6,77,1,7,67,1,0,12,12,1,330,68,1889,0.0195899999141693,162,0.00616999983787537,1.8530009659484,1.55872885776765,70.6351830063046,638.223453092643,77
"201",2020-09-17,3808,707,278,57,48,50,2,4,38,2,2,12,10,4,332,40,2512,0.0191100001335144,208,0.00481000006198883,1.80164707162801,1.63212456544356,41.5036171373789,662.876432903173,50
"202",2020-09-18,3896,775,278,47,46.1,88,1,6,78,0,2,12,10,0,332,79,2409,0.0128699994087219,281,0.0213499999046326,1.37558284568078,1.57354409667504,81.2356038233583,738.0707970013,88
"203",2020-09-19,3966,825,280,47,46.1,70,2,4,60,0,2,11,9,2,332,62,2102,0.0214100003242493,161,0,1.98867965892938,1.60551804859818,61.7289170882242,768.167041899757,70
"204",2020-09-20,4009,857,280,76,52.6,43,1,4,34,2,2,12,10,0,334,35,2847,0.0186199998855591,112,0,1.79152212484578,1.66578500016987,36.827940582377,803.815573688488,43
"205",2020-09-21,4118,937,280,55,52,109,2,22,82,1,3,13,10,0,335,84,2949,0.0189900004863739,73,0,1.85312744653596,1.6954527105902,100.607799211879,876.851284065839,109
"206",2020-09-22,4227,1016,280,85,58.3,109,0,27,81,3,3,16,13,0,338,81,2508,0.0135599994659424,65,0.0307699990272522,1.39947643207753,1.72329093509226,104.073260518493,966.746082552952,109
"207",2020-09-23,4332,1074,281,67,62,105,0,25,75,2,3,17,14,1,340,75,1895,0.0168900001049042,7,0.571430015563965,1.89308939578029,1.72901785363968,95.0817130064022,1003.57013025168,105
"208",2020-09-24,4434,1129,282,38,59.3,102,2,19,75,2,3,19,16,1,342,77,2728,0.0128299999237061,54,0,1.25809632609166,1.65136774713448,92.6442770323481,1079.79725674703,102
"209",2020-09-25,4553,1192,284,57,60.7,119,5,16,86,3,3,21,18,2,345,91,3291,0.0133700001239777,59,0.0339000010490417,1.37315732745982,1.65102124453149,102.671442688081,1135.30065587024,119
"210",2020-09-26,4637,1238,286,76,64.9,84,3,14,65,3,4,22,18,2,348,68,3437,0.0299699997901916,12,0,2.98657260883992,1.793577380233,74.9650102101821,1109.92180353243,84
"211",2020-09-27,4719,1268,287,109,69.6,82,2,12,64,2,4,23,19,1,350,66,2682,0.0331800007820129,13,0,3.30199488301888,2.00935920282915,70.450784680531,1122.96356022596,82
"212",2020-09-28,4834,1338,288,86,74,115,3,11,97,6,4,28,24,1,356,100,3141,0.0261100006103516,192,0.0104200005531311,2.5206166223617,2.10471479937569,102.268511688008,1221.17268638555,115
"213",2020-09-29,4942,1370,291,58,70.1,108,5,18,75,4,3,28,25,3,360,80,2166,0.0258500003814697,80,0.025,2.58197243215777,2.27364279938715,90.8447787217568,1247.46683561009,108
"214",2020-09-30,5025,1399,291,107,75.9,83,1,10,67,5,5,31,26,0,365,68,3168,0.0302999997138977,280,0.0142900002002716,2.89998837441137,2.41748551062016,71.1689627956177,1258.46145516278,83
"215",2020-10-01,5125,1434,293,105,85.4,100,2,11,78,3,5,30,25,2,368,80,3846,0.0228800010681152,120,0.00833000004291534,2.24397589796069,2.55832544945859,84.7814424766979,1322.53235639481,100
"216",2020-10-02,5221,1484,294,116,93.9,96,0,13,79,1,5,30,25,1,369,79,3360,0.0220199990272522,198,0,2.07946027913343,2.65922587112625,86.3093850371665,1377.10287841968,96
"217",2020-10-03,5294,1496,295,65,92.3,73,2,6,64,5,6,32,26,1,374,66,3115,0.0301799988746643,485,0.0103100001811981,2.75030684951279,2.6254736197938,65.7120863789467,1353.47395792279,73
"218",2020-10-04,5352,1478,295,77,87.7,58,1,7,47,3,6,33,27,0,377,48,3119,0.0291799998283386,102,0,2.82559514016107,2.55741651367126,50.3017875283002,1333.33420764224,58
"219",2020-10-05,5430,1479,295,82,87.1,78,3,13,59,3,6,34,28,0,380,62,3817,0.0178199994564056,237,0.00843999981880188,1.72716373660968,2.44406610142097,71.2905742570707,1390.5122471969,78
"220",2020-10-06,5506,1452,296,139,98.7,76,6,15,52,2,7,35,28,1,382,58,2159,0.0194500005245209,55,0,1.89668252630716,2.34616754344231,69.1893056347435,1356.60123761461,76
"221",2020-10-07,5607,1466,296,174,108.3,101,12,22,63,3,10,37,27,0,385,75,2273,0.0312400007247925,76,0,3.0229255703471,2.36373000000456,89.14637430837,1312.48779648094,101
"222",2020-10-08,5687,1425,296,85,105.4,80,5,14,55,2,9,37,28,0,387,60,2432,0.0271399998664856,181,0,2.52600381459215,2.40401970238048,68.7499101797181,1300.31036676831,80
"223",2020-10-09,5772,1428,296,97,102.7,85,5,19,59,2,9,38,29,0,389,64,2508,0.0207299995422363,249,0.00802999973297119,1.95829919424877,2.38671097596839,78.6584930530353,1331.13012624585,85
"224",2020-10-10,5837,1413,297,67,103,65,5,7,51,6,9,44,35,1,395,56,2628,0.0300600004196167,21,0,2.98216991705371,2.41983427133138,57.2150195850058,1267.03254774309,65
"225",2020-10-11,5901,1377,297,140,112,64,6,6,48,5,10,47,37,0,400,54,2660,0.0233100008964539,238,0.0168099999427795,2.2776184393012,2.34155188549425,55.739542758318,1268.35834033711,64
"226",2020-10-12,5963,1349,297,63,109.3,62,2,14,43,3,10,47,37,0,403,45,1994,0.0150499999523163,237,0.0126600003242493,1.47961093598233,2.30618719969035,56.6935633663425,1279.85815513769,62
"227",2020-10-13,6048,1371,298,74,100,85,4,10,68,1,7,46,39,1,404,72,2114,0.0298000001907349,18,0,2.95484054424078,2.45735263082372,74.6303302446693,1230.66920507558,85
"228",2020-10-14,6115,1376,300,84,87.1,67,1,16,49,2,7,46,39,2,406,50,3003,0.029300000667572,110,0.0363599991798401,2.95494705796663,2.44764141476937,60.8819892977189,1235.15234547323,67
"229",2020-10-15,6201,1403,300,107,90.3,86,3,25,52,5,8,50,42,0,411,55,2119,0.021710000038147,103,0.00971000015735626,2.11537444181103,2.38898007580064,75.9697552266917,1300.19211969179,86
"230",2020-10-16,6276,1424,301,78,87.6,75,2,10,59,4,8,48,40,1,415,61,3119,0.0214800000190735,279,0.00358000010251999,2.00102825450539,2.39508422726587,66.7717122297309,1325.29374123175,75
"231",2020-10-17,6323,1406,302,64,87.1,47,1,10,36,6,8,50,42,1,421,37,3043,0.0216899991035461,149,0,2.06775273408806,2.26445320112792,44.3497807212114,1305.29166740603,47
"232",2020-10-18,6380,1372,305,74,77.7,57,1,11,40,2,6,48,42,3,423,41,1144,0.0271000003814697,38,0.0526300001144409,2.79207617942048,2.3379471640021,48.0345488769241,1239.30246485707,57
"233",2020-10-19,6444,1350,307,69,78.6,64,1,6,57,3,6,47,41,2,426,58,1334,0.0374799990653992,27,0,3.67364575703472,2.65138070986673,56.6191436932058,1178.2042066522,64
"234",2020-10-20,6522,1354,309,46,74.6,78,3,14,57,4,5,46,41,2,430,60,1595,0.0250799989700317,47,0.0212800002098083,2.49712292125832,2.58599247801209,68.8099367256864,1236.87757210966,78
"235",2020-10-21,6610,1376,312,69,72.4,88,1,46,40,4,4,45,41,3,434,41,2258,0.0305599999427795,446,0.00897000014781952,2.69989274913919,2.5495561481796,83.1654725565258,1247.30951799462,88
"236",2020-10-22,6676,1363,312,88,69.7,66,2,24,36,2,3,45,42,0,436,38,2239,0.0276900005340576,87,0.0114900004863739,2.70840676002019,2.63427505078091,58.4348404796722,1235.12335720508,66
"237",2020-10-23,6755,1365,313,92,71.7,79,1,13,64,2,3,38,35,1,438,65,2768,0.0238400006294251,65,0.0153799998760223,2.36458954232933,2.6862123776129,72.6758460809066,1253.19276769904,79
"238",2020-10-24,6820,1358,317,63,71.6,65,2,17,41,2,3,38,35,4,440,43,2360,0.0207599997520447,192,0,1.91981188929567,2.66507797121399,57.1403781053909,1267.68915039816,65
"239",2020-10-25,6890,1339,319,69,70.9,70,1,24,42,3,3,40,37,2,443,43,1751,0.0314100003242493,77,0,3.00869313828011,2.69602325105108,62.5184542712971,1199.44675044806,70
"240",2020-10-26,6963,1298,320,77,72,73,1,16,51,4,3,41,38,1,447,52,995,0.0381900000572205,121,0.0165299999713898,3.58415591876994,2.68323898844182,61.5438781437686,1136.8452659733,73
"241",2020-10-27,7041,1268,322,61,74.1,78,0,15,60,1,3,33,30,2,448,60,1355,0.0295199990272522,116,0,2.71921133119828,2.71496590414753,69.3483443506105,1148.56167727623,78
"242",2020-10-28,7153,1275,325,94,77.7,112,2,69,38,2,2,31,29,3,450,40,1898,0.0400400018692017,167,0.017960000038147,3.82543552320171,2.8757577290136,103.699432628859,1106.04441504489,112
"243",2020-10-29,7217,1260,326,65,74.4,64,0,18,42,9,2,39,37,1,459,42,2192,0.0296499991416931,95,0,2.84183638472196,2.894819103971,55.8654348296299,1135.9630448889,64
"244",2020-10-30,7267,1229,328,122,78.7,50,2,9,35,4,2,42,40,2,463,37,2796,0.0357699990272522,105,0.0571400022506714,3.6543473807831,3.07907022375011,41.3162572486147,1073.42378806885,50
"245",2020-10-31,7306,1159,329,83,81.6,39,0,5,32,2,2,41,39,1,465,32,2346,0.0277099990844727,322,0,2.43656888501397,3.15289265170987,34.2990897478503,1061.17640680495,39
"246",2020-11-01,7356,1118,332,50,78.9,50,1,7,39,1,2,39,37,3,466,40,1712,0.0251200008392334,104,0,2.36814104828015,3.0613852102813,43.7186765808389,1026.28701043445,50
"247",2020-11-02,7420,1070,332,56,75.9,64,3,8,47,6,2,44,42,0,472,50,1032,0.0184099996089935,14,0.0714300012588501,1.91196363423568,2.82250059820498,54.6884515524539,999.132863222513,64
"248",2020-11-03,7491,998,333,36,72.3,71,1,36,33,1,2,45,43,1,473,34,1457,0.0219600009918213,13,0,2.17657969014174,2.74498179233976,67.4364902678827,922.753449627851,71
"249",2020-11-04,7556,922,337,53,66.4,65,5,1,51,1,1,42,41,4,474,56,1466,0.0272900009155273,295,0.0033899998664856,2.32863096551825,2.53115256981355,52.4827910870414,847.627381825931,65
"250",2020-11-05,7603,879,337,45,63.6,47,0,6,34,5,2,45,43,0,479,34,2537,0.0236500000953674,41,0,2.32738751908251,2.4576598747222,37.2588733678812,808.133814422576,47
"251",2020-11-06,7676,872,341,79,57.4,73,2,13,55,4,3,47,44,4,483,57,2344,0.0238899993896484,116,0.0258599996566772,2.39828937111831,2.27822301619866,65.2645863740867,799.55647926673,73
"252",2020-11-07,7711,838,346,75,56.3,35,3,4,25,3,4,47,43,5,486,28,2500,0.0279999995231628,142,0,2.64950790340299,2.30864287596852,29.4301680057014,761.088599599207,35
"253",2020-11-08,7748,776,346,47,55.9,37,1,5,29,1,4,48,44,0,487,30,1175,0.0204299998283386,91,0.0109899997711182,1.97514532207501,2.25250062936779,32.9474119775473,722.906389819223,37
"254",2020-11-09,7818,744,350,31,52.3,70,3,24,41,7,4,47,43,4,494,44,711,0.0210999989509583,20,0.1,2.3258685710166,2.31162990605077,64.454974791615,684.0568464764,70
"255",2020-11-10,7885,753,350,51,54.4,67,0,11,54,3,5,48,43,0,497,54,1375,0.0334500002861023,17,0,3.30414873515737,2.47271119819586,58.8193403410386,666.814134755594,67
"256",2020-11-11,7942,753,353,78,58,57,0,6,49,2,5,47,42,3,499,49,2373,0.0257100009918213,241,0.0290499997138977,2.60179350744611,2.51173441847127,50.5837831880177,685.134464093415,57
"257",2020-11-12,7984,743,355,58,59.9,42,1,8,31,3,3,44,41,2,502,32,2313,0.0216199994087219,215,0.00465000003576279,2.01767439240755,2.46748968608913,37.7634297616329,691.069634777914,42
"258",2020-11-13,8022,719,357,81,60.1,38,3,7,24,0,3,37,34,2,502,27,2720,0.0216899991035461,199,0,2.02113044061821,2.41360983887483,32.1096614618299,668.660984853915,38
"259",2020-11-14,8043,696,357,51,56.7,21,3,2,14,3,3,38,35,0,505,17,1711,0.0157799994945526,245,0.0163300001621246,1.58488901712168,2.26152142654893,18.0666828239464,657.78889679216,21
"260",2020-11-15,8073,652,360,29,54.1,30,1,1,25,0,2,36,34,3,505,26,984,0.0152400004863739,306,0.00653999984264374,1.31762794034426,2.16759037201597,25.8132817409689,622.240757504296,30
"261",2020-11-16,8117,613,363,11,51.3,44,0,3,39,3,2,34,32,3,508,39,734,0.0122599995136261,52,0,1.14489053982208,1.99887922470247,40.4532858632568,588.688826517344,44
"262",2020-11-17,8158,590,363,38,49.4,41,1,10,29,1,2,33,31,0,509,30,1829,0.0207800006866455,38,0,2.03570547701525,1.81767304496788,37.8844773431794,548.394721082529,41
"263",2020-11-18,8199,583,363,66,47.7,41,3,6,30,1,2,33,31,0,510,33,2683,0.0204999995231628,20,0.05,2.07182755163322,1.74196362270889,36.6316328694931,541.158847361045,41
"264",2020-11-19,8219,567,364,53,47,20,2,1,17,0,2,31,29,1,510,19,2476,0.0121200001239777,187,0.0160399997234344,1.23952685900304,1.63079968936539,19.1841862442324,542.654400025252,20
"265",2020-11-20,8244,524,364,29,39.6,25,1,2,20,1,2,31,29,0,511,21,2642,0.00757000029087067,222,0.0225200009346008,0.872883413965143,1.46676439984352,22.3650244291726,508.155847661258,25
"266",2020-11-21,8273,494,365,27,36.1,29,4,4,19,2,2,32,30,1,513,23,1492,0.0187699997425079,71,0,1.79173637977107,1.49631402307915,25.572475965821,463.339266396329,29
"267",2020-11-22,8300,480,368,26,35.7,27,3,4,19,3,4,32,28,3,516,22,1222,0.0147300004959106,36,0,1.43084742496048,1.51248823516718,24.9095707612102,456.208816608222,27
"268",2020-11-23,8340,462,370,20,37,40,2,10,25,1,3,27,24,2,517,27,923,0.0173300004005432,13,0,1.70893059505357,1.59306538591454,35.4016581523063,434.650595050575,40
"269",2020-11-24,8384,472,370,21,34.6,44,2,7,34,1,3,23,20,0,518,36,1403,0.00855000019073486,41,0.0975599956512451,1.10772923056108,1.4604973507068,41.6186058967762,453.888388424399,44
"270",2020-11-25,8439,480,371,38,30.6,55,4,10,39,2,2,23,21,1,520,43,2618,0.0122200000286102,72,0.0138900005817413,1.22646989281736,1.33973197087596,51.1731334313873,459.607070861998,55
"271",2020-11-26,8484,495,372,60,31.6,45,3,4,37,3,2,23,21,1,523,40,3059,0.0143799996376038,224,0.00446000009775162,1.37031553193196,1.35841606700867,42.1012750698131,471.503278988937,45
"272",2020-11-27,8530,506,374,56,35.4,46,2,3,40,3,1,24,23,2,526,42,3153,0.0177600002288818,336,0.00298000007867813,1.63366468180282,1.46709910527119,42.6231942381487,477.36514963103,46
"273",2020-11-28,8575,509,375,60,40.1,45,2,3,40,2,1,25,24,1,528,42,2597,0.0119400000572205,192,0,1.11180280202946,1.36996573702239,43.3824469394846,489.396797433278,45
"274",2020-11-29,8620,523,377,23,39.7,45,1,4,37,5,1,28,27,2,533,38,898,0.0245000004768372,12,0,2.41769235474723,1.51094358413478,38.8175168357331,479.198981712853,45
"275",2020-11-30,8664,530,378,45,43.3,44,1,7,35,1,1,25,24,1,534,36,1135,0.0229099988937378,61,0,2.17415123280873,1.57740367524266,40.2887239862782,490.083992020207,44
"276",2020-12-01,8717,550,378,34,45.1,53,2,11,39,3,1,27,26,0,537,41,1907,0.0141600000858307,113,0.0176999998092651,1.43580297733297,1.62427135335293,49.9607982866132,522.644855064323,53
"277",2020-12-02,8759,564,379,50,46.9,42,1,7,32,6,1,31,30,1,543,33,2858,0.0101499998569489,81,0.0123500001430511,1.02106327331565,1.59492755056697,38.832792481796,544.051362416149,42
"278",2020-12-03,8797,563,380,40,44,38,0,6,31,3,1,33,32,1,546,31,3329,0.0102100002765656,203,0,0.962318542488299,1.53664226636074,35.9666152957185,544.232400370629,38
"279",2020-12-04,8839,566,382,54,43.7,42,1,5,32,2,1,31,30,2,548,33,2994,0.0110199999809265,165,0.0121200001239777,1.10774548791865,1.46151095294871,36.7337034877803,544.281096184353,42
"280",2020-12-05,8874,555,382,45,41.6,35,3,2,29,1,1,31,30,0,549,32,2278,0.0184399998188019,209,0,1.68903576949058,1.54397280544316,32.1277221201819,522.527680521905,35
"281",2020-12-06,8912,547,383,33,43,38,0,7,29,1,2,31,29,1,550,29,1395,0.0157700002193451,20,0,1.5547102689743,1.42068965033274,34.4381873140568,517.540981406519,38
"282",2020-12-07,8965,549,384,23,39.9,53,0,4,44,2,1,31,30,1,552,44,1066,0.0168900001049042,25,0.04,1.74195601391639,1.35894747620526,45.3449583273176,515.872320947667,53
"283",2020-12-08,9012,554,384,58,43.3,47,1,1,44,0,1,28,27,0,552,45,2366,0.0194400000572205,69,0,1.88891335258249,1.42367752981234,43.0555374739045,517.750394678735,47
"284",2020-12-09,9067,565,386,39,41.7,55,3,3,47,1,3,25,22,2,553,50,2913,0.00961000025272369,167,0.00598999977111816,0.941372100583144,1.41229307656484,51.3695300148867,546.57568916822,55
"285",2020-12-10,9111,563,386,57,44.1,44,2,0,42,1,3,24,21,0,554,44,3089,0.0139199995994568,252,0.00397000014781952,1.31695057767053,1.46295479587659,41.992739979285,537.316195644033,44
"286",2020-12-11,9150,547,386,49,43.4,39,6,2,30,1,2,24,22,0,555,36,3048,0.0118099999427795,32,0,1.16872986446727,1.47166684966925,36.5425350360946,524.854629576215,39
"287",2020-12-12,9177,530,387,56,45,27,2,3,22,0,2,21,19,1,555,24,2616,0.0156700003147125,24,0,1.5527545766397,1.4521981078334,25.7090912612056,501.492432018291,27
"288",2020-12-13,9217,528,388,26,44,40,5,2,33,0,2,20,18,1,555,38,1502,0.0119799995422363,47,0,1.16165005244926,1.39604664832983,38.4708841356799,506.753337464183,40
"289",2020-12-14,9259,525,388,19,43.4,42,3,4,35,2,2,21,19,0,557,38,918,0.0174300003051758,20,0,1.70583585076241,1.39088662502211,39.7545555515388,493.977412225207,42
"290",2020-12-15,9307,535,389,51,42.4,48,2,7,38,1,1,21,20,1,558,40,2077,0.0134800004959106,49,0,1.31693137488271,1.30917491392215,45.1752447705896,510.593898806636,48
"291",2020-12-16,9361,551,389,53,44.4,54,4,4,45,0,1,19,18,0,558,49,2313,0.0168599998950958,93,0,1.62083041385522,1.40624038724673,50.2488444980148,520.06353711033,54
"292",2020-12-17,9398,547,390,61,45,37,1,5,29,2,0,19,19,1,560,30,3209,0.013400000333786,84,0.0238100004196167,1.36655454316329,1.41332666803141,33.579864754266,521.106200686117,37
"293",2020-12-18,9440,537,390,23,41.3,42,5,4,33,0,0,18,18,0,560,38,3299,0.00726999998092651,170,0.00587999999523163,0.720188236848255,1.34924929265726,41.0519939667377,523.603177898372,42
"294",2020-12-19,9479,534,390,46,39.9,39,1,7,29,3,0,21,21,0,563,30,2798,0.0117900002002716,140,0,1.12281894351123,1.28782991649605,35.8331568877104,513.230192601246,39
"295",2020-12-20,9523,529,390,24,39.6,44,5,3,33,0,0,18,18,0,563,38,1360,0.0161800003051758,51,0,1.55951810170369,1.34466820924669,38.9471581265101,500.422280234838,44
"296",2020-12-21,9597,549,390,28,40.9,74,7,8,58,1,0,17,17,0,564,65,1365,0.00658999979496002,32,0.03125,0.715486737302823,1.20318976446675,71.3889967166489,535.393218422158,74
"297",2020-12-22,9678,592,390,66,43,81,7,8,64,2,0,17,17,0,566,71,3010,0.0229200005531311,48,0,2.25602359924541,1.33734579651856,73.4513993541582,545.735611516361,81
"298",2020-12-23,9780,661,390,52,42.9,102,5,6,90,1,1,15,14,0,567,95,2653,0.0199800002574921,200,0.015,1.96308940354457,1.38623993790275,94.5398118742609,616.05069104091,102
"299",2020-12-24,9853,689,390,57,42.3,73,11,5,55,2,1,15,14,0,569,66,3465,0.0155799996852875,144,0,1.49583538125578,1.40470862905882,67.5801329875909,653.298661037123,73
"300",2020-12-25,9917,719,390,52,46.4,64,7,2,54,0,1,12,11,0,569,61,2540,0.0295300006866455,161,0,2.77697896127655,1.69853587540572,57.1320837655226,649.835544711651,64
"301",2020-12-26,10010,761,390,86,52.1,93,5,4,83,2,2,14,12,0,571,88,950,0.02,50,0,1.9,1.8095617406184,86.2081440199457,710.913609081576,93
"302",2020-12-27,10121,826,391,35,53.7,111,8,6,95,2,4,14,10,1,573,103,1482,0.0283400011062622,30,0.0666699981689453,2.9100516920998,2.00249511067499,98.617082354061,742.735048781111,111
"303",2020-12-28,10256,923,391,65,59,135,15,7,111,1,2,14,12,0,574,126,1186,0.0413199996948242,38,0.0263199996948242,4.08543134203144,2.48391576849336,115.168415229484,792.376565530271,135
"304",2020-12-29,10376,999,391,113,65.7,120,5,15,100,3,4,13,9,0,577,105,1883,0.0504500007629395,25,0.04,5.0313077272859,2.880384929642,101.699975935907,824.888342475918,120
"305",2020-12-30,10513,1090,391,88,70.9,137,12,10,115,3,5,14,9,0,580,127,2458,0.0573600006103516,62,0,5.59487625000969,3.39921162199417,112.38636891018,878.749150488949,137
"306",2020-12-31,10638,1176,391,147,83.7,125,0,9,116,2,5,14,9,0,582,116,2650,0.0332100009918213,143,0,3.15096679657452,3.6356589670397,112.338554291218,1047.63913660752,125
"307",2021-01-01,10755,1231,392,89,89,117,0,5,111,2,6,14,8,1,584,111,2770,0.0379099988937378,134,0.0149300003051758,3.68496270580397,3.76537093054362,101.831053621342,1073.86510817903,117
"308",2021-01-02,10867,1289,392,134,95.9,112,4,8,100,2,6,16,10,0,586,104,2367,0.0295700001716614,430,0,2.50240223118779,3.85142839214187,102.984871136188,1177.26441244756,112
"309",2021-01-03,10990,1315,393,107,106.1,123,0,5,118,3,5,19,14,1,589,118,1514,0.0601100015640259,126,0.0238100004196167,5.73210990370774,4.25457956522872,99.5696920284334,1053.89105946941,123
"310",2021-01-04,11166,1427,393,115,113.3,176,5,30,141,5,8,22,14,0,594,146,1385,0.0534299993515015,155,0.00644999980926514,4.87014929040686,4.36668212928235,151.369308130715,1186.26029248309,176
"311",2021-01-05,11309,1503,395,105,112.1,143,2,20,121,6,8,24,16,2,600,123,2420,0.0574399995803833,97,0.0103100001811981,5.56237063973396,4.44254825963207,119.300099836593,1213.39878093008,143
"312",2021-01-06,11493,1599,395,132,118.4,184,11,42,130,7,7,29,22,0,607,141,2623,0.0514699983596802,211,0.0142200005054474,4.86966216669338,4.33894624772975,159.21520422439,1329.27029471489,184
"313",2021-01-07,11608,1631,395,188,124.3,115,2,8,104,6,9,33,24,0,613,106,2314,0.0488299989700317,91,0.0109899997711182,4.73982152165593,4.56592549416995,96.5959895681408,1363.20810363809,115
"314",2021-01-08,11741,1663,395,186,138.1,133,6,14,112,0,11,31,20,0,613,118,2661,0.0368300008773804,250,0,3.3666998397358,4.52045937044592,118.238433069504,1469.05520503886,133
"315",2021-01-09,11841,1674,397,153,140.9,100,6,2,92,4,11,31,20,2,617,98,3021,0.0324399995803833,374,0.00266999989748001,2.91604767876275,4.57955157724235,90.1007526180394,1504.90469267957,100
"316",2021-01-10,11933,1658,397,120,142.7,92,5,3,82,5,11,35,24,0,622,87,1821,0.0505200004577637,78,0,4.8444929348914,4.45274915312573,75.4001275858284,1379.76335100349,92
"317",2021-01-11,12097,1709,397,66,135.7,164,2,26,134,3,13,35,22,0,625,136,1614,0.0340799999237061,115,0,3.18132561462473,4.21148862801399,147.012523619398,1520.66472695258,164
"318",2021-01-12,12238,1737,398,160,143.6,141,2,22,115,4,13,36,23,1,629,117,2215,0.0708799982070923,74,0.0135099995136261,6.90253106128081,4.4029401168064,111.024638162916,1321.67347426483,141
"319",2021-01-13,12327,1725,402,172,149.3,89,1,9,76,2,11,35,24,4,631,77,2530,0.0375500011444092,173,0.0115600001811981,3.58865641608222,4.21993929529052,76.4279692192814,1510.56164809429,89
"320",2021-01-14,12418,1711,402,130,141,91,2,14,74,9,10,42,32,0,640,76,2580,0.0337199997901916,146,0,3.19140130075915,3.99873640659098,81.5981196779296,1521.84714169655,91
"321",2021-01-15,12513,1679,404,144,135,95,7,7,79,5,11,42,31,2,645,86,2924,0.037279999256134,206,0.00485000014305115,3.51456287074775,4.01985969673554,82.5298898905582,1474.58936193311,95
"322",2021-01-16,12574,1630,405,119,130.1,61,1,1,57,2,9,40,31,1,647,58,2471,0.0323799991607666,289,0,2.89894847558892,4.017416953425,53.1756163892098,1466.31473645538,61
"323",2021-01-17,12653,1569,407,74,123.6,79,2,3,71,2,9,40,31,2,649,73,2035,0.0260400009155273,32,0,2.56368659231244,3.69158747591372,69.5171007355927,1429.66206923486,79
"324",2021-01-18,12775,1591,408,64,123.3,122,2,45,73,7,10,44,34,1,656,75,1022,0.0391400003433228,48,0,3.73841872438092,3.77117220587889,110.287507695237,1384.96566324162,122
"325",2021-01-19,12849,1532,415,81,112,74,3,24,47,8,9,46,37,7,664,50,2339,0.0410400009155273,89,0,3.9535651623319,3.3498913631719,67.1523684126835,1322.18856816462,74
"326",2021-01-20,12910,1490,415,166,111.1,61,1,8,50,2,7,38,31,0,666,51,3060,0.0222199988365173,163,0.00612999975681305,2.14062632330449,3.14302992134651,55.2182525839932,1379.51365392451,61
"327",2021-01-21,12981,1459,417,81,104.1,71,1,9,60,3,7,38,31,2,669,61,2639,0.0242499995231628,117,0,2.32205184113305,3.01883714139992,65.0933709308265,1341.64308505042,71
"328",2021-01-22,13059,1427,418,94,97,78,2,3,72,5,6,38,32,1,674,74,2310,0.0307399988174438,113,0.0176999998092651,3.01318601926299,2.9472118769021,69.2760555000799,1278.05312430559,78
"329",2021-01-23,13108,1363,418,84,92,49,1,4,41,4,9,40,31,0,678,42,2121,0.0329999995231628,274,0,2.92246342332478,2.95057115515008,41.7481311919576,1225.01673368186,49
"330",2021-01-24,13154,1279,419,44,87.7,46,2,9,35,2,8,38,30,1,680,37,1247,0.0224499988555908,37,0,2.18030752125559,2.89580271642767,43.2055203065333,1182.40163437989,46
"331",2021-01-25,13218,1222,419,29,82.7,64,1,18,44,4,7,39,32,0,684,45,825,0.0206100010871887,48,0,1.94768051511234,2.63998297224645,59.9639304620754,1139.55384499236,64
"332",2021-01-26,13280,1158,420,74,81.7,62,1,19,40,8,5,41,36,1,692,41,2351,0.0242499995231628,79,0,2.34616250530682,2.41035402124286,56.6678585598196,1063.88732225051,62
"333",2021-01-27,13358,1118,422,80,69.4,78,0,27,50,1,4,31,27,2,693,50,2798,0.0192999994754791,175,0.00570999979972839,1.85000499486522,2.36883668860868,73.7957648048324,1046.35330103605,78
"334",2021-01-28,13396,1057,422,67,67.4,38,1,3,33,3,5,31,26,0,696,34,2354,0.0208200001716614,209,0.0287100005149841,2.14633907575976,2.34373486498393,34.4721067489261,978.412259812203,38
"335",2021-01-29,13423,951,422,73,64.4,27,1,3,23,3,4,32,28,0,699,24,2849,0.0122899997234344,180,0.00555999994277954,1.18900657648614,2.08313780173009,26.0114993037782,911.830659912212,27
"336",2021-01-30,13442,854,423,41,58.3,19,1,6,12,2,5,34,29,1,701,13,2154,0.01625,216,0,1.47689873417722,1.8766285604233,18.3349174524448,810.309192645221,19
"337",2021-01-31,13484,795,424,25,55.6,42,4,5,33,4,6,33,27,1,705,37,922,0.0195200002193451,24,0,1.90247782264653,1.83693860347915,39.56161202453,742.607609716252,42
"338",2021-02-01,13528,708,424,27,55.3,44,6,7,29,4,5,30,25,0,709,35,547,0.0292499995231628,29,0,2.77773432971703,1.95551771985124,38.6322469999995,639.875167885705,44
"339",2021-02-02,13571,646,425,59,53.1,43,5,5,31,3,5,28,23,1,712,36,2438,0.0217400002479553,106,0.0188699996471405,2.1620416889588,1.92921474608724,38.3038251969401,597.61864103398,43
"340",2021-02-03,13634,631,425,54,49.4,63,4,23,35,2,4,27,23,0,714,39,2867,0.0132500004768372,212,0,1.23376912527094,1.84118105043091,60.3332134547723,604.032248460547,63
"341",2021-02-04,13716,633,425,51,47.1,82,3,43,33,2,5,26,21,0,716,36,2816,0.0131400001049042,90,0,1.27330489660737,1.71646188198057,77.4121247076883,605.079859443519,82
"342",2021-02-05,13772,629,427,72,47,56,1,8,46,2,5,22,17,2,718,47,2434,0.0160199999809265,149,0,1.50958884837689,1.76225934939354,52.5422482275834,596.107960322339,56
"343",2021-02-06,13797,598,427,61,49.9,25,1,4,19,3,6,22,16,0,721,20,2370,0.0147699999809265,205,0.0146300005912781,1.47588543984496,1.76211459306036,22.9774980968133,567.427193094717,25
"344",2021-02-07,13822,553,429,33,51,25,1,2,19,3,4,24,20,2,724,20,1005,0.0258699989318848,75,0,2.40734712282817,1.83423877880059,20.3321760969595,506.884669080929,25
"345",2021-02-08,13870,551,431,24,50.6,48,1,7,39,2,5,22,17,2,726,40,852,0.0140799999237061,29,0,1.36165266004513,1.63194139741889,45.1132784445361,525.010410573484,48
"346",2021-02-09,13924,570,431,42,48.1,54,5,7,39,0,2,20,18,0,726,44,2243,0.017389999628067,149,0,1.63067596846799,1.55603200877735,48.5145683264468,537.802362410788,54
"347",2021-02-10,13979,585,432,41,46.3,55,0,5,49,3,4,21,17,1,729,49,2791,0.0125399994850159,100,0,1.21062395581734,1.55272555599826,51.9451182996006,560.467228678905,55
"348",2021-02-11,14037,610,433,51,46.3,58,1,11,44,1,3,17,14,1,730,45,2564,0.0152100002765656,58,0,1.48735471812029,1.58330410192868,53.6814922587481,578.571339507474,58
"349",2021-02-12,14088,613,435,52,43.4,51,0,8,42,3,2,17,15,2,733,42,2613,0.0156900000572205,173,0,1.47157107500061,1.57787299144636,47.8590229384311,581.751930029958,51
"350",2021-02-13,14123,614,435,45,41.1,35,0,4,30,6,2,21,19,0,739,30,2099,0.0219199991226196,46,0.0217400002479553,2.19161390068926,1.68011991442411,31.7224559671034,567.386265460049,35
"351",2021-02-14,14163,586,437,49,43.4,40,0,4,34,4,2,21,19,2,743,34,1173,0.0170500004291534,10,0,1.69058753198622,1.57772568716098,36.0088771337563,551.682411775917,40
"352",2021-02-15,14223,606,438,34,44.9,60,2,7,50,4,2,23,21,1,747,52,869,0.026470000743866,25,0,2.57297881951001,1.75077228137025,54.365306317935,551.987992859012,60
"353",2021-02-16,14276,603,438,61,47.6,53,4,13,33,3,2,24,22,0,750,37,1561,0.0333100008964539,23,0,3.28263329541442,1.98676618521974,45.7926797042599,534.432050315371,53
"354",2021-02-17,14333,619,439,50,48.9,57,5,6,43,2,2,25,23,1,752,48,2064,0.0184099996089935,222,0,1.66221518779364,2.05127921835921,51.2361786673034,583.358220730434,57
"355",2021-02-18,14403,634,439,68,51.3,70,3,12,51,3,3,26,23,0,755,54,2347,0.0213000011444092,116,0,2.02968342208398,2.12875474749688,62.2033239261127,589.424210539915,70
"356",2021-02-19,14459,641,440,58,52.1,56,2,17,34,1,3,26,23,1,756,36,2578,0.015900000333786,97,0.0103100001811981,1.56972975245146,2.14277741570414,51.0424679931998,606.145055101142,56
"357",2021-02-20,14506,619,440,66,55.1,47,0,3,43,4,3,26,23,0,760,43,2387,0.0268099999427795,68,0,2.60674011663604,2.2020811608394,42.1171762959426,563.105398306709,47
"358",2021-02-21,14543,602,440,53,55.7,37,0,6,30,2,4,24,20,0,762,30,1000,0.03,28,0,2.91828793774319,2.37746693309039,32.9672900519608,541.143620376014,37
"359",2021-02-22,14609,620,440,32,55.4,66,0,12,53,1,6,23,17,0,763,53,863,0.0150600004196167,66,0,1.39900757396439,2.2097567551553,62.4315127373172,589.953545228993,66
"360",2021-02-23,14661,623,440,47,53.4,52,0,7,44,3,6,25,19,0,766,44,2036,0.0191600000858307,84,0,1.84008302711091,2.00367814539766,48.195395819903,583.28935444999,52
"361",2021-02-24,14710,631,441,60,54.9,49,2,10,37,1,6,24,18,1,767,39,2873,0.0180999994277954,41,0,1.78453323116185,2.02115215159312,46.5891470143905,591.993635027703,49
"362",2021-02-25,14744,627,441,43,51.3,34,1,4,27,1,6,23,17,0,768,28,2376,0.0180999994277954,127,0,1.71816215103643,1.97664911287204,30.3335063611415,589.682446015563,34
"363",2021-02-26,14809,629,441,56,51,65,6,13,42,1,6,21,15,0,769,48,2638,0.0182000005245209,181,0,1.70314300758021,1.995708149319,58.1681265990408,591.890658974931,65
"364",2021-02-27,14849,627,442,70,51.6,40,0,6,28,3,6,23,17,1,772,28,2535,0.0209100008010864,47,0.0212800002098083,2.09167358794017,1.92212721664816,31.9712271471189,581.569979330127,40
"365",2021-02-28,14916,641,442,50,51.1,67,2,9,53,7,6,28,22,0,779,55,1552,0.0257699990272522,94,0,2.42983222905804,1.85234782969314,59.3706452873689,587.046975076427,67
"366",2021-03-01,14985,647,442,55,54.4,69,3,5,59,3,6,29,23,0,782,62,990,0.0292899990081787,45,0,2.80165207904318,2.05272561613297,60.9828980168759,584.208629305141,69
"367",2021-03-02,15049,655,443,62,56.6,64,2,7,54,3,4,29,25,1,785,56,1983,0.0252099990844727,41,0,2.46993222255481,2.14270407262496,58.2086869858981,598.958749567201,64
"368",2021-03-03,15110,667,443,65,57.3,61,1,5,52,6,5,32,27,0,791,53,2612,0.0195299994945526,108,0,1.87545436322689,2.1556928057771,54.5567873017006,623.667493023289,61
"369",2021-03-04,15162,656,443,61,59.9,52,2,3,46,1,5,31,26,0,792,48,2382,0.0201500010490417,222,0.00449999988079071,1.88157843595826,2.17903798933736,47.8714359857667,613.242958472145,52
"370",2021-03-05,15219,643,444,51,59.1,57,2,8,44,2,2,28,26,1,794,46,2402,0.0187300002574921,153,0,1.76083994592939,2.18728040910153,51.1941839530234,603.779571343349,57
"371",2021-03-06,15261,643,445,46,55.7,42,3,2,34,0,2,26,24,1,794,37,1946,0.0226099991798401,23,0,2.23458905048089,2.20769690375021,36.1359481798164,593.227423773567,42
"372",2021-03-07,15299,632,446,55,56.4,38,0,0,37,2,5,25,20,1,796,37,1736,0.0190100002288818,15,0.0666699981689453,1.94182811935312,2.13798203093522,34.5111771184415,589.48821456365,38
"373",2021-03-08,15371,662,447,39,54.1,72,1,10,55,6,4,29,25,1,802,56,1159,0.0181200003623962,139,0,1.61795688906142,1.96888271808068,62.8613965079587,624.897223004798,72
"374",2021-03-09,15434,675,447,70,55.3,63,1,7,53,1,3,27,24,0,803,54,2081,0.0297900009155273,57,0,2.89957866722228,2.03026078160461,55.576119196513,607.201489956413,63
"375",2021-03-10,15502,686,447,78,57.1,68,1,10,53,0,2,24,22,0,803,54,2619,0.0187100005149841,183,0,1.74880411665751,2.01216788923755,60.728729872163,644.442753561182,66
"376",2021-03-11,15564,686,450,72,58.7,62,1,4,54,1,2,20,18,3,804,55,2289,0.0297099995613098,85,0,2.8646246417792,2.15260306149769,53.5422719203619,617.927246133969,61
"377",2021-03-12,15630,674,450,97,65.3,66,1,6,55,2,2,17,15,0,806,56,2330,0.0240300011634827,133,0,2.27324006134448,2.22580307798556,57.5902414687187,620.925406248507,62
"378",2021-03-13,15675,671,450,58,67,45,2,2,35,4,4,21,17,0,810,37,2322,0.0189499998092651,98,0,1.81826031227742,2.16632754395649,36.6695528174073,628.737025418387,52
"379",2021-03-14,15742,694,450,64,68.3,67,2,6,57,2,3,22,19,0,812,59,1528,0.032720000743866,36,0,3.19668549466926,2.34559288328737,58.4666879310973,617.150532613247,61
"380",2021-03-15,15833,725,451,62,71.6,91,1,6,81,4,5,24,19,1,816,82,992,0.0373000001907349,13,0,3.68175126260786,2.64042065093686,77.5419725387115,632.535732811778,71
"381",2021-03-16,15913,735,452,83,73.4,80,3,6,67,5,6,27,21,1,821,70,1559,0.0352800011634827,8,0,3.5099886288366,2.72762207402462,67.4889090664504,645.63354519773,66
"382",2021-03-17,15983,747,453,79,73.6,70,1,7,59,3,5,27,22,1,824,60,2806,0.0306500005722046,174,0,2.88603696663108,2.89008390973513,61.0016110775694,672.320057915739,62
"383",2021-03-18,16069,777,453,69,73.1,86,1,2,82,1,5,23,18,0,825,83,2537,0.0311400008201599,158,0,2.93143532767145,2.89962829343402,76.5717018402186,698.09894373313,68
"384",2021-03-19,16181,817,455,111,75.1,112,1,4,105,2,4,24,20,2,827,106,2581,0.0406799983978271,94,0,3.92504956503895,3.13560107967609,95.58772661304,705.916723045789,77
"385",2021-03-20,16230,823,456,89,79.6,49,0,2,46,4,4,27,23,1,831,46,1979,0.0560900020599365,150,0.00666999995708466,5.26080855191062,3.62739368533797,39.6171477770335,673.019839576056,57
"386",2021-03-21,16301,838,457,87,82.9,71,0,2,69,2,4,27,23,1,833,69,1301,0.0499599981307983,85,0,4.6896073281507,3.84066823297818,59.7909952925343,701.867450074547,65
"387",2021-03-22,16332,800,457,63,83,31,0,0,31,2,6,27,21,0,835,31,984,0.0701200008392334,101,0,6.35927012219407,4.22317092720478,24.1711048010388,623.770446478419,63
"388",2021-03-23,16332,747,457,58,79.4,0,0,0,0,1,6,28,22,0,836,0,28,0,2,0,0,3.72174398022812,0,747,66
