"","date","observed_cumulative_cases","observed_active_cases","observed_cumulative_deaths","observed_new_cases","observed_daily_average_cases","observed_new_episodes","observed_new_cases_community_outbreak","observed_new_cases_institution_outbreak","observed_new_cases_sporadic","observed_new_ICU_p_acute_care","observed_census_ICU","observed_census_ICU_p_acute_care","observed_census_acute_care","observed_new_deaths","cumulative_hosp","observed_new_community_cases","num_non_ltch_tests","non_ltch_pct_positivity","num_ltch_tests","ltch_pct_positivity","observed_pct_positivity","pct_positivity_7_day","adjusted_new_episodes","adjusted_active_cases","adjusted_episode_cases"
"1",2020-03-01,7,7,0,0,0,2,0,0,2,0,0,2,2,0,0,2,NA,NA,NA,NA,NA,NA,NA,NA,2
"2",2020-03-02,10,10,0,0,0,3,2,0,1,0,0,2,2,0,0,3,NA,NA,NA,NA,NA,NA,NA,NA,3
"3",2020-03-03,11,11,0,0,0,1,0,0,1,0,0,2,2,0,0,1,NA,NA,NA,NA,NA,NA,NA,NA,1
"4",2020-03-04,12,12,0,0,0,1,0,0,1,0,0,2,2,0,0,1,NA,NA,NA,NA,NA,NA,NA,NA,1
"5",2020-03-05,18,17,0,0,0,6,2,0,4,0,0,2,2,0,0,6,NA,NA,NA,NA,NA,NA,NA,NA,6
"6",2020-03-06,23,22,0,0,0,5,0,1,4,0,0,2,2,0,0,4,NA,NA,NA,NA,NA,NA,NA,NA,5
"7",2020-03-07,27,26,0,0,0,4,0,0,4,0,0,2,2,0,0,4,NA,NA,NA,NA,NA,NA,NA,NA,4
"8",2020-03-08,36,35,0,0,0,9,1,0,8,0,0,2,2,0,0,9,NA,NA,NA,NA,NA,NA,NA,NA,9
"9",2020-03-09,45,44,0,1,0.1,9,0,0,9,0,0,2,2,0,0,9,NA,NA,NA,NA,NA,NA,NA,NA,9
"10",2020-03-10,52,51,0,0,0.1,7,1,0,6,0,0,2,2,0,0,7,NA,NA,NA,NA,NA,NA,NA,NA,7
"11",2020-03-11,61,60,0,0,0.1,9,0,0,9,0,0,2,2,0,0,9,NA,NA,NA,NA,NA,NA,NA,NA,9
"12",2020-03-12,75,74,0,3,0.6,14,1,0,13,0,0,2,2,0,0,14,NA,NA,NA,NA,NA,NA,NA,NA,14
"13",2020-03-13,97,96,0,1,0.7,22,2,2,18,0,0,2,2,0,0,20,NA,NA,NA,NA,NA,NA,NA,NA,22
"14",2020-03-14,115,114,0,4,1.3,18,1,1,16,1,0,3,3,0,1,17,NA,NA,NA,NA,NA,NA,NA,NA,18
"15",2020-03-15,142,140,0,4,1.9,27,1,0,26,0,0,3,3,0,1,27,NA,NA,NA,NA,NA,NA,NA,NA,27
"16",2020-03-16,157,155,0,0,1.7,15,0,0,15,0,0,3,3,0,1,15,NA,NA,NA,NA,NA,NA,NA,NA,15
"17",2020-03-17,180,177,0,5,2.4,23,1,0,22,2,0,5,5,0,3,23,127,0,4,0,0,0,23,177,23
"18",2020-03-18,196,192,0,4,3,16,0,0,16,0,0,4,4,0,3,16,210,0.0190499997138977,1,0,1.89597153550641,0.947985767753204,15.6472004891355,187.766405869626,16
"19",2020-03-19,221,217,0,1,2.7,25,0,0,25,4,0,8,8,0,7,25,110,0.0272699999809265,9,0,2.52075630075791,1.47224261208811,24.2670960727938,210.63839391185,25
"20",2020-03-20,243,239,0,2,2.9,22,1,1,20,3,1,11,10,0,10,21,137,0.00730000019073486,4,0,0.709290798674238,1.28150465873464,21.8267713186525,237.028492626568,22
"21",2020-03-21,263,259,0,4,2.9,20,0,2,18,3,1,11,10,0,13,18,204,0.0147099995613098,3,0,1.44968111618705,1.31513995022512,19.6965262259941,254.633349585138,20
"22",2020-03-22,289,284,0,7,3.3,26,0,1,25,3,5,14,9,0,16,25,159,0.0314499998092651,2,0,3.10593165818208,1.61360523488462,25.0969577228742,273.741439731851,26
"23",2020-03-23,310,305,0,9,4.6,21,2,0,19,4,5,18,13,0,20,21,138,0.0362299990653992,3,0,3.54591480214545,1.88964945877902,20.1339882788631,292.422210716822,21
"24",2020-03-24,328,321,1,8,5,18,1,3,14,3,7,21,14,1,23,15,253,0.0197599995136261,4,0,1.94524508830638,2.16754161425136,17.660654757264,313.73801180545,18
"25",2020-03-25,351,344,1,8,5.6,23,0,1,22,4,8,24,16,0,27,22,153,0.0588199996948242,2,0,5.80610319568265,2.7261318514194,21.5144625314678,320.771595946588,23
"26",2020-03-26,365,354,1,19,8.1,14,1,3,10,2,7,26,19,0,29,11,274,0.025550000667572,3,0,2.5273285858898,2.72707074929538,13.676681486438,343.595022381731,14
"27",2020-03-27,382,362,1,27,11.7,17,3,2,12,5,9,27,18,0,34,15,577,0.0294600009918213,4,0,2.92571782655437,3.04370318184968,16.4896126806862,349.682652693893,17
"28",2020-03-28,407,384,2,26,14.9,25,1,1,23,3,8,26,18,1,37,24,367,0.0817399978637695,3,0,8.10772411243336,3.99485218131344,22.7369904709618,347.791847535389,25
"29",2020-03-29,426,396,2,11,15.4,19,5,4,10,7,8,32,24,0,44,15,184,0.0434800004959106,0,0,4.34800004959107,4.1722905229433,18.2414975670088,375.975535769033,19
"30",2020-03-30,451,406,3,48,21,25,8,3,14,4,12,33,21,1,48,22,549,0.0783199977874756,0,0,7.83199977874756,4.7845883767436,22.9961208520171,369.019321178134,25
"31",2020-03-31,468,403,3,51,27.1,17,2,3,12,6,13,35,22,0,54,14,943,0.064689998626709,0,0,6.4689998626709,5.43083905879567,15.9467260180239,372.680756090259,17
"32",2020-04-01,495,405,3,37,31.3,27,6,4,16,3,15,34,19,0,57,22,575,0.0573899984359741,4,0.25,5.87206374795943,5.44026199483521,24.4975860019695,377.341924127166,27
"33",2020-04-02,512,401,6,32,33.1,17,5,4,7,6,14,35,21,3,63,12,107,0.0841100025177002,9,0,7.75842264602924,6.1875611462837,14.9172433512294,364.817881986915,17
"34",2020-04-03,539,406,6,26,33,27,3,4,19,5,14,38,24,0,68,22,217,0.110600004196167,2,0,10.9589958495745,7.33517229242944,23.1960541514079,354.254453885073,27
"35",2020-04-04,556,414,7,18,31.9,17,3,7,6,7,14,44,30,1,75,9,315,0.0253999996185303,3,0,2.51603769806196,6.53635994751924,15.7366484783287,401.885830003122,17
"36",2020-04-05,583,425,8,40,36,27,4,8,13,4,13,44,31,1,79,17,422,0.0663500022888184,5,0.2,6.79149905524153,6.88543123404074,23.6572636542292,391.43159135573,27
"37",2020-04-06,602,425,9,40,34.9,19,3,7,9,4,12,45,33,1,83,12,238,0.117650003433228,4,0.25,11.9837606682265,7.47853993253773,17.3275599780016,365.76774922089,19
"38",2020-04-07,625,423,9,25,31.1,23,2,11,10,4,14,46,32,0,87,12,285,0.108769998550415,6,0,10.6527318167932,8.07621592598378,21.5133168520915,370.594419036227,23
"39",2020-04-08,645,426,11,26,29.6,20,1,10,8,5,16,45,29,2,92,9,368,0.0434800004959106,6,0.333330001831055,4.81300005173301,7.92492111223715,18.4962273862573,402.154762949514,20
"40",2020-04-09,681,434,11,25,28.6,36,1,20,13,6,16,48,32,0,98,14,295,0.0949199962615967,5,0,9.33379963239034,8.14997496743159,32.4802831172552,386.88877663491,36
"41",2020-04-10,715,450,11,36,30,34,0,20,13,4,16,50,34,0,102,13,331,0.090629997253418,8,0,8.84912362562872,7.84856464972504,31.6621118920083,403.688488569518,34
"42",2020-04-11,759,480,11,31,31.9,44,0,34,8,5,19,54,35,0,107,8,225,0.102220001220703,11,0.363639984130859,11.4404830932617,9.12348542046786,40.935586119367,416.135167162018,44
"43",2020-04-12,792,495,13,35,31.1,33,0,18,14,1,18,50,32,2,108,14,227,0.101319999694824,12,0.5,12.1337405567887,9.88666277783175,30.0244004477011,425.148444400862,33
"44",2020-04-13,816,502,16,16,27.7,24,0,19,5,3,20,52,32,3,111,5,165,0.0606099987030029,26,0.0384599995613098,5.75948155737672,8.99748004771035,23.6650888742554,468.374922975244,24
"45",2020-04-14,849,502,18,32,28.7,33,0,26,7,5,20,51,31,2,116,7,208,0.0673099994659424,18,0.166669998168945,7.52236276812258,8.55028446932883,32.3876094330772,458.082847914963,33
"46",2020-04-15,878,500,24,60,33.6,29,2,18,9,4,16,51,35,6,120,11,390,0.1,24,0.208330001831055,10.6280000106148,9.38099874916909,27.6403710286213,438.198683119152,29
"47",2020-04-16,948,549,24,21,33,70,1,55,13,7,13,53,40,0,127,14,310,0.0354800009727478,11,0,3.42641753942424,8.5370870216025,68.4421152384795,527.12294756609,70
"48",2020-04-17,980,553,26,73,38.3,32,0,26,6,0,13,50,37,2,127,6,378,0.0846599960327148,66,0.5,14.6399726352176,9.36435116582949,30.9784310270391,458.845392992102,32
"49",2020-04-18,1020,575,31,31,38.3,40,0,31,9,1,11,47,36,5,128,9,421,0.0617600011825562,8,0,6.06082995288022,8.59582928863213,39.3656180939136,534.470044888925,40
"50",2020-04-19,1037,578,35,38,38.7,17,0,13,4,5,15,48,33,4,133,4,452,0.0442500019073486,47,0.127659997940063,5.21062540386865,7.60681283821498,16.7576036797815,542.973731728428,17
"51",2020-04-20,1098,614,39,16,38.7,61,1,47,13,3,13,46,33,4,136,14,325,0.0523099994659424,43,0.0232599997520447,4.89155701515467,7.48282361789754,60.203563171311,579.070556227497,61
"52",2020-04-21,1134,627,47,51,41.4,36,0,26,10,2,11,44,33,8,138,10,543,0.069980001449585,25,0.36,8.27449661745152,7.59027131065882,35.0376838784835,566.662779180913,36
"53",2020-04-22,1175,644,54,35,37.9,41,1,31,9,4,9,46,37,7,142,10,656,0.0243899989128113,122,0.106560001373291,3.7275269221524,6.60448944087848,40.5664921485364,616.082094365745,41
"54",2020-04-23,1220,659,57,50,42,45,0,35,10,5,11,49,38,3,147,10,775,0.0361299991607666,105,0.0285700011253357,3.522795394063,6.61825770582687,44.5903022313936,632.000917048839,45
"55",2020-04-24,1261,666,65,38,37,41,0,36,5,7,10,49,39,8,154,5,517,0.0406199979782104,94,0.106379995346069,5.07369206501887,5.25164619579848,40.7049672085501,626.701632178879,41
"56",2020-04-25,1362,738,78,53,40.1,101,0,95,6,4,9,49,40,13,158,6,557,0.0502699995040894,28,0.0357100009918213,4.95731106864081,5.09400064090713,100.654081650067,695.452042958237,101
"57",2020-04-26,1416,757,87,88,47.3,54,0,41,13,5,9,51,42,9,163,13,358,0.0502799987792969,81,0.0123500001430511,4.32815252268233,4.96793308645194,53.3456319479027,718.895644966333,54
"58",2020-04-27,1477,781,95,87,57.4,61,0,54,7,8,11,57,46,8,171,7,269,0.0632000017166138,80,0.1,7.16355314090805,5.29250396155957,60.4168198869998,715.933761678117,61
"59",2020-04-28,1498,777,103,65,59.4,21,0,14,7,7,13,62,49,8,178,7,503,0.0616300010681152,11,0.272730007171631,6.61477054788909,5.05540023733637,20.4614959141492,717.226046470558,21
"60",2020-04-29,1523,766,111,29,58.6,25,0,17,8,7,13,63,50,8,185,8,668,0.0314400005340576,74,0.148649997711182,4.31294072606172,5.13903078075198,24.5987272619745,727.578135334058,25
"61",2020-04-30,1543,756,122,30,55.7,20,0,10,10,2,11,57,46,11,187,10,603,0.0414599990844727,6,0.333330001831055,4.43355656139956,5.26913951894292,19.4843815700291,717.019246694197,20
"62",2020-05-01,1566,740,135,42,56.3,23,0,16,7,6,11,58,47,13,193,7,516,0.031010000705719,55,0.0909099960327148,3.67797025323123,5.06975068868754,22.7005788795448,708.34691012331,23
"63",2020-05-02,1587,741,139,22,51.9,21,0,15,6,4,12,58,46,4,197,6,508,0.0511800003051758,28,0.0357100009918213,5.03718660126871,5.08116147906296,20.6485079807805,697.590735626394,21
"64",2020-05-03,1606,722,148,23,42.6,19,0,13,6,3,12,53,41,9,200,6,826,0.0205800008773804,231,0.0043299999833107,1.70286761786764,4.70612077837514,18.881174865089,707.701375432373,19
"65",2020-05-04,1624,719,152,14,32.1,18,0,11,7,6,10,53,43,4,206,7,637,0.0109899997711182,24,0.125,1.51295459216373,3.89889241426881,17.8768313694801,706.34882209374,18
"66",2020-05-05,1649,719,156,29,27,25,0,24,1,3,9,51,42,4,209,1,923,0.0292499995231628,29,0.172409992218018,3.36109656871868,3.4340818458159,24.9609107651669,690.894840155006,25
"67",2020-05-06,1665,693,161,23,26.1,16,0,11,5,4,10,53,43,5,213,5,598,0.0167200005054474,149,0.0134200000762939,1.60617674881196,3.04740127763736,15.9066015824983,680.05497933426,16
"68",2020-05-07,1688,671,167,32,26.4,23,0,16,7,6,10,55,45,6,219,7,813,0.0356699991226196,234,0.0128199994564056,3.05631224063884,2.85065208895726,22.7511876462979,647.149558666551,23
"69",2020-05-08,1701,638,173,16,22.7,13,0,8,5,4,8,55,47,6,223,5,715,0.00978999972343445,127,0.0472399997711182,1.54386339349022,2.54577968042283,12.9102250746081,626.544719519991,13
"70",2020-05-09,1718,622,179,12,21.3,17,0,12,5,5,7,53,46,6,228,5,1100,0.0154499995708466,164,0.0304900002479553,1.74013920637626,2.0747729097239,16.8988117290152,609.412179089492,17
"71",2020-05-10,1730,553,185,25,21.6,12,0,8,4,3,6,54,48,6,231,4,907,0.0176400005817413,316,0.0126600003242493,1.6353262984548,2.06512414980778,11.9239252399899,542.4826644286,12
"72",2020-05-11,1750,534,188,14,21.6,20,0,14,6,1,6,53,47,3,232,6,517,0.00967000007629394,197,0.0152300000190735,1.12040616851561,2.00904580357234,19.9218186941063,527.041863775459,20
"73",2020-05-12,1773,517,193,13,19.3,23,0,17,6,4,7,53,46,5,236,6,835,0.0131700003147125,322,0.00310999989509583,1.03702422031165,1.67703546808562,22.9276370390795,510.764724867351,23
"74",2020-05-13,1794,499,195,21,19,21,0,15,6,2,8,49,41,2,238,6,1249,0.0144099998474121,224,0.0133899998664856,1.42548878340193,1.65122290159847,20.9005302025685,490.727428513617,21
"75",2020-05-14,1808,471,198,25,18,14,0,10,4,2,7,47,40,3,240,4,1046,0.0267700004577637,127,0.0236199998855591,2.6428951802461,1.59216332154237,13.8770535172344,456.523051654348,14
"76",2020-05-15,1828,457,201,17,18.1,20,0,12,8,1,6,46,40,3,241,8,1163,0.012039999961853,137,0.0146000003814697,1.23097846214588,1.54746547420746,19.8854706963694,450.457513530105,20
"77",2020-05-16,1844,437,207,19,19.1,16,0,6,10,1,5,44,39,6,242,10,967,0.0134399998188019,25,0.04,1.4109354662078,1.50043636846911,15.8359095412901,429.829246954377,16
"78",2020-05-17,1856,397,212,15,17.7,12,0,9,3,1,3,44,41,5,243,3,353,0.0254999995231628,10,0.1,2.7552341134095,1.66042319917693,11.9038706644597,384.278884596837,12
"79",2020-05-18,1871,389,213,26,19.4,15,0,8,7,2,2,45,43,1,245,7,376,0.0398900008201599,17,0.0588199996948242,4.07088557333133,2.08192025700774,14.6685919037706,370.583178652396,15
"80",2020-05-19,1883,352,219,23,20.9,12,0,8,4,0,2,42,40,6,245,4,359,0.0390000009536743,31,0.225809993743896,5.38490003805894,2.70304537382879,11.749496489807,329.955691103017,12
"81",2020-05-20,1898,338,223,17,20.3,15,0,9,6,3,2,43,41,4,248,6,675,0.0296300005912781,36,0.0555600023269653,3.0942912071566,2.94144572007945,14.784082117549,325.83662595526,15
"82",2020-05-21,1906,324,229,11,18.3,8,0,1,7,0,2,40,38,6,248,7,478,0.0209200000762939,36,0,1.94547860631683,2.8418147809467,7.84161987617676,316.669262840181,8
"83",2020-05-22,1913,308,233,7,16.9,7,0,3,4,1,2,38,36,4,249,4,514,0.00583999991416931,14,0,0.568515143159664,2.74717716394867,6.97355289087024,305.963572597009,7
"84",2020-05-23,1922,304,236,6,15,9,1,3,5,1,1,37,36,3,250,6,582,0.00859000027179718,43,0,0.799900825309753,2.65988650096323,8.94418337486393,301.171957659772,9
"85",2020-05-24,1931,300,237,8,14,9,0,3,6,1,2,38,36,1,251,6,332,0.0150600004196167,25,0.04,1.68064989896716,2.50637447032861,8.88272520489112,294.136260244556,9
"86",2020-05-25,1946,296,240,6,11.1,15,1,7,7,0,2,37,35,3,251,8,401,0.0174600005149841,8,0,1.71184846124906,2.16936916860257,14.8407309159202,290.107043889049,15
"87",2020-05-26,1952,286,243,16,10.1,6,0,2,4,1,2,37,35,3,252,4,1123,0.00800999999046326,41,0.0731699991226196,1.03051545990701,1.54731422886658,5.95206081112178,282.572347995207,6
"88",2020-05-27,1957,258,243,8,8.9,5,0,1,4,1,2,35,33,0,253,4,1150,0.00957000017166138,13,0.0769199991226196,1.03228376491871,1.25274173711831,4.95197855024239,254.902616490634,5
"89",2020-05-28,1961,233,244,4,7.9,4,0,2,2,1,1,32,31,1,254,2,1403,0.00284999996423721,88,0,0.268179071081476,1.01312751779898,3.99376220559422,232.273296951726,4
"90",2020-05-29,1968,223,247,7,7.9,7,0,3,4,2,1,33,32,3,256,4,1380,0.0065200001001358,37,0,0.634975309681539,1.0226218273021,6.97046118909601,221.353211292103,7
"91",2020-05-30,1971,205,248,15,9.1,3,1,1,1,0,1,32,31,1,256,2,1020,0.0127499997615814,119,0,1.1417910234252,1.07146328417574,2.97344215702675,202.277821095242,3
"92",2020-05-31,1975,190,249,10,9.4,4,0,1,3,3,1,35,34,1,259,3,1309,0.00535000026226044,11,0.0909099960327148,0.606300022701422,0.917984730423489,3.97884636443898,188.660269747802,4
"93",2020-06-01,1986,180,250,5,9.3,11,0,5,6,0,1,32,31,1,259,6,763,0.00130999997258186,20,0,0.127653892602805,0.691671220616882,10.9910923838992,179.732771516976,11
"94",2020-06-02,1989,161,251,8,8.1,3,0,1,2,0,1,27,26,1,259,2,858,0.0104900002479553,9,0,1.03811075118174,0.692756262227556,2.97585374052423,159.056226112201,3
"95",2020-06-03,1999,152,251,8,8.1,10,0,7,3,0,0,23,23,0,259,3,1110,0.00449999988079071,141,0,0.399280564962245,0.602327233662347,9.98606921451169,151.294173535259,10
"96",2020-06-04,2006,142,254,8,8.7,7,0,2,5,0,0,21,21,3,259,5,1430,0.00559000015258789,21,0,0.550909732474203,0.642717328147022,6.96796485988391,141.090202020703,7
"97",2020-06-05,2010,133,256,15,9.9,4,0,1,3,1,0,22,22,2,260,3,1366,0.00952000021934509,29,0,0.932209340474939,0.685179332546079,3.9674754809226,131.558079654235,4
"98",2020-06-06,2013,124,257,2,8,3,0,0,3,0,0,22,22,1,260,3,1404,0.000710000023245811,68,0,0.0677201109128478,0.5317406307586,2.99763726456743,123.902340268787,3
"99",2020-06-07,2014,116,258,4,7.1,1,0,0,1,0,0,21,21,1,260,1,870,0.00230000004172325,22,0,0.22432735832951,0.477173107276898,0.99739109406411,115.697366911437,1
"100",2020-06-08,2017,108,258,0,6.4,3,0,0,3,0,0,20,20,0,260,3,701,0.0014300000667572,12,0,0.140593274445554,0.479021590397291,2.99509474059278,107.82341066134,3
"101",2020-06-09,2027,105,259,3,5.7,10,0,3,7,0,0,19,19,1,260,7,1338,0.00224000006914139,10,0,0.222338285794598,0.362482666770557,9.98189958752543,104.728493812881,10
"102",2020-06-10,2037,103,259,7,5.6,10,0,4,6,0,0,18,18,0,260,6,1281,0.00233999997377396,12,0,0.231828303666236,0.338560915156841,9.98382315268064,102.722297454351,10
"103",2020-06-11,2044,102,260,5,5.1,7,0,2,5,0,0,17,17,1,260,5,1529,0.00326999992132187,6,0,0.325721816267175,0.306391212841551,6.98105943059651,101.613612384169,7
"104",2020-06-12,2048,105,260,10,4.4,4,0,2,2,0,0,17,17,0,260,2,1596,0.00814999997615814,13,0,0.808415162333648,0.288706330249938,3.98119641642124,104.012811862115,4
"105",2020-06-13,2051,103,260,6,5,3,0,3,0,0,0,17,17,0,260,0,1479,0.00270000010728836,23,0.0434800004959106,0.332446083228058,0.326524326294968,3,102.60176940372,3
"106",2020-06-14,2054,100,260,1,4.6,3,0,1,2,0,0,17,17,0,260,2,768,0,13,0,0,0.294477560819324,3,100,3
"107",2020-06-15,2059,98,260,2,4.9,5,0,2,3,0,0,15,15,0,260,3,720,0.00555999994277954,17,0,0.543175028331244,0.351989239945851,4.98104877756071,97.3809267336497,5
"108",2020-06-16,2063,97,260,3,4.9,4,0,1,3,1,0,15,15,0,261,3,1250,0.000799999982118607,14,0,0.0791139222822989,0.331528616586951,3.99723973772538,96.9107515197874,4
"109",2020-06-17,2066,87,260,8,5,3,0,0,3,1,1,7,6,0,262,3,1098,0.0091100001335144,26,0,0.889927059305944,0.425542724535481,2.9689506977015,86.0995702333435,3
"110",2020-06-18,2068,73,260,2,4.6,2,0,0,2,0,1,7,6,0,262,2,1304,0.00230000004172325,122,0,0.210322584460527,0.409057119991674,1.9951079365162,72.8214396828412,2
"111",2020-06-19,2071,71,260,5,3.9,3,0,0,3,0,1,6,5,0,262,3,1875,0.0010700000077486,19,0,0.105926611115556,0.308701612674804,2.99630425062864,70.9125339315446,3
"112",2020-06-20,2077,71,261,1,3.1,6,0,0,6,1,1,6,5,1,263,6,1792,0.000560000017285347,158,0,0.0514625656910432,0.268561110169516,5.99640897140392,70.957506161613,6
"113",2020-06-21,2083,75,261,1,3.1,6,0,0,6,0,1,5,4,0,263,6,1102,0.00363000005483627,86,0,0.336722227308887,0.316664285499357,5.97650371428307,74.7062964285384,6
"114",2020-06-22,2085,74,262,6,3.7,2,0,1,1,0,1,2,1,1,263,1,509,0.0039300000667572,10,0,0.385427752211834,0.294128960339441,1.9955175117378,73.6682958685973,2
"115",2020-06-23,2094,79,262,4,3.9,9,0,0,9,0,1,2,1,0,263,9,1255,0.00158999994397163,20,0,0.156505876837992,0.305184953847398,8.98361866324677,78.8562082662772,9
"116",2020-06-24,2096,73,263,3,3.1,2,0,0,2,1,1,3,2,1,264,2,1733,0.00289000004529953,24,0,0.285052366448724,0.218774283439223,1.99336973593943,72.7579953617891,2
"117",2020-06-25,2102,71,263,6,3.7,6,0,0,6,0,1,3,2,0,264,6,1796,0.00277999997138977,21,0.0476200008392334,0.32982388366758,0.235845897611659,5.97698507678315,70.727656741934,6
"118",2020-06-26,2106,65,263,6,3.9,4,0,0,4,0,1,3,2,0,264,4,2028,0.00196999996900558,23,0,0.194790830674955,0.248540786120145,3.99093840433571,64.8527490704554,4
"119",2020-06-27,2109,67,263,3,4.1,3,0,0,3,0,1,2,1,0,264,3,1574,0.000640000030398369,80,0,0.0609044768952257,0.249889630577885,2.9978750601022,66.9525430089491,3
"120",2020-06-28,2111,66,263,2,4.3,2,0,0,2,0,1,2,1,0,264,2,880,0.00114000000059605,12,0,0.112466367771807,0.217853079215445,1.99738405358443,65.9136737682863,2
"121",2020-06-29,2115,67,263,1,3.6,4,0,0,4,2,1,4,3,0,266,4,854,0.00351000010967255,8,0,0.347742470262222,0.212469467508358,3.98382315199387,66.7290377958974,4
"122",2020-06-30,2118,66,263,10,4.4,3,0,0,3,0,1,4,3,0,266,3,1605,0.00435999989509583,11,0,0.433032167798812,0.251973223359904,2.98489163067651,65.6676158748833,3
"123",2020-07-01,2120,65,263,4,4.6,2,0,0,2,0,2,4,2,0,266,2,1601,0.00312000006437302,15,0,0.309103966773589,0.255409166263456,1.99281030027075,64.7663347587993,2
"124",2020-07-02,2126,64,263,4,4.3,6,0,1,5,0,1,4,3,0,266,5,1012,0.00197999998927116,12,0,0.195679686439689,0.236245709516614,5.98862131887775,63.8543528816352,6
"125",2020-07-03,2134,72,263,4,4,8,0,0,8,0,1,4,3,0,266,8,1334,0.00300000011920929,14,0,0.296884284794154,0.2508304886765,7.97237811103774,71.7514029993396,8
"126",2020-07-04,2137,72,263,4,4.1,3,0,0,3,0,1,4,3,0,266,3,1257,0.00317999988794327,40,0,0.308192741645697,0.286157383640853,2.98924724279198,71.7419338270076,3
"127",2020-07-05,2139,69,263,5,4.6,2,0,0,2,0,1,3,2,0,266,2,734,0.00272000014781952,47,0,0.255631255889824,0.306609510514855,1.99405406539928,68.7948652562751,2
"128",2020-07-06,2145,69,263,0,4.4,6,0,1,5,0,1,3,2,0,266,5,602,0,10,0,0,0.256932014763109,6,69,6
"129",2020-07-07,2152,70,263,6,3.9,7,0,1,6,0,1,2,1,0,266,6,1272,0.0039300000667572,21,0,0.386617175940848,0.250301301640543,6.97302207311475,69.6852575196721,7
"130",2020-07-08,2165,76,263,5,4,13,0,1,12,0,1,2,1,0,266,12,1684,0.00296999990940094,39,0,0.29027741424441,0.247611794136374,12.9594892139033,75.7434316880542,13
"131",2020-07-09,2173,80,263,5,4.1,8,0,0,8,1,0,3,3,0,267,8,1504,0.00266000002622604,41,0,0.258941102876632,0.256649139341652,7.97590831594073,79.7590831594073,8
"132",2020-07-10,2189,93,263,12,5.3,16,0,0,16,0,0,3,3,0,267,16,1900,0.00684000015258789,14,0.0714300012588501,0.73124453017455,0.318700602967423,15.8639311256859,92.2090996680493,16
"133",2020-07-11,2196,98,263,7,5.7,7,0,0,7,1,1,3,2,0,268,7,1571,0.00381999999284744,25,0,0.376016290022765,0.328389681307004,6.96938876306324,97.5714426828854,7
"134",2020-07-12,2219,118,263,9,6.3,23,0,2,21,1,1,4,3,0,269,21,1068,0.00842999994754791,13,0,0.832862159480219,0.410851238962775,22.7965917309224,116.857039249945,23
"135",2020-07-13,2242,136,263,6,7.1,23,0,2,21,0,0,4,4,0,269,21,808,0.00619000017642975,65,0,0.572911814725686,0.492695783923587,22.8600788867149,135.093844218725,23
"136",2020-07-14,2261,146,263,4,6.9,19,0,2,17,1,0,5,5,0,270,17,1406,0.00356000006198883,66,0,0.340038049399205,0.486041622989067,18.9327716246208,145.422626893802,19
"137",2020-07-15,2282,166,263,15,8.3,21,0,0,21,1,0,6,6,0,271,21,1404,0.00782999992370606,46,0,0.758159992612641,0.552881991327386,20.8148360925924,164.536323398588,21
"138",2020-07-16,2304,184,263,7,8.6,22,0,1,21,0,0,6,6,0,271,21,1695,0.00708000004291534,25,0.04,0.75584884143846,0.623868811121932,21.815400540448,182.382557116306,22
"139",2020-07-17,2334,211,263,17,9.3,30,0,0,29,0,1,6,5,0,271,29,1787,0.00726999998092651,21,0,0.718555860946664,0.622056144089377,28.7576546379331,209.236728572548,30
"140",2020-07-18,2360,230,263,16,10.6,26,0,0,24,2,1,7,6,0,273,24,1551,0.00708999991416931,81,0,0.673810653607635,0.664598196030073,23.8119275016347,228.197638557333,26
"141",2020-07-19,2378,248,263,28,13.3,18,0,0,18,0,1,7,6,0,273,18,2025,0.0212299990653992,22,0,2.10018310246377,0.845644045027723,17.5603512489116,241.942617207227,18
"142",2020-07-20,2408,273,263,47,19.1,30,0,0,27,2,3,9,6,0,275,27,1548,0.0148599994182587,35,0.0285700011253357,1.51631264301018,0.980415591925508,26.523866543605,268.185761718673,30
"143",2020-07-21,2432,292,263,23,21.9,24,0,0,23,0,3,9,6,0,275,23,1428,0.0161099994182587,15,0,1.59425358068423,1.15958923925194,22.5735565817675,286.586022690266,24
"144",2020-07-22,2459,312,263,13,21.6,27,0,1,23,2,3,10,7,0,277,23,1771,0.00902999997138977,16,0,0.894914938406899,1.17912566007969,23.760621152127,308.752773889723,27
"145",2020-07-23,2478,320,263,29,24.7,19,0,1,17,1,3,11,8,0,278,17,1667,0.0101999998092651,32,0,1.0007886805206,1.21411706566285,17.8021356809681,316.275495171165,19
"146",2020-07-24,2501,335,263,34,27.1,23,0,1,18,0,3,8,5,0,278,18,2036,0.0122800004482269,83,0,1.17989999587494,1.28002337065261,18.7530017459016,330.403088048724,23
"147",2020-07-25,2513,334,263,26,28.6,12,0,1,10,1,3,9,6,0,279,10,2126,0.00800000011920929,320,0,0.695339339878943,1.28309889726279,10.9191326931866,331.299031952431,12
"148",2020-07-26,2520,336,263,21,27.6,7,0,0,6,2,4,11,7,0,281,6,1816,0.0121099996566772,73,0,1.16420113163186,1.14938718714395,5.91876270646161,331.45071156185,7
"149",2020-07-27,2535,338,264,22,24,15,0,1,13,1,4,11,7,1,282,13,1601,0.00874000012874603,24,0,0.861091704992148,1.05578419599852,13.8698126050965,334.61512773251,15
"150",2020-07-28,2555,327,264,14,22.7,20,0,2,17,1,4,12,8,0,283,17,1488,0.00739000022411346,24,0,0.727269863325452,0.931929379232978,18.8562126460259,324.23420795591,20
"151",2020-07-29,2571,322,264,20,23.7,16,2,2,12,2,4,13,9,0,285,14,2254,0.00620999991893768,52,0,0.606996522865808,0.890798177012822,15.9011696308151,319.726901508748,16
"152",2020-07-30,2591,332,264,19,22.3,20,1,0,18,1,4,14,10,0,286,19,1891,0.00898999989032745,134,0,0.839510607042431,0.867758452230227,18.8144948515284,328.758541616181,20
"153",2020-07-31,2601,319,264,18,20,10,0,1,9,1,3,15,12,0,287,9,2129,0.00797999978065491,207,0,0.727286795077667,0.803099423544901,9.9238755109581,316.301809777293,10
"154",2020-08-01,2618,306,264,15,18.4,17,0,0,17,1,2,15,13,0,288,17,1629,0.00551999986171722,83,0.0120500004291534,0.583658283315251,0.787144986892945,16.8846058603347,303.922905486024,17
"155",2020-08-02,2626,291,264,2,15.7,8,0,0,8,0,2,15,13,0,288,8,1340,0.00149000003933907,11,0,0.147786828476266,0.641942943585003,7.98625002542965,290.499844675003,8
"156",2020-08-03,2635,277,264,10,14,9,0,1,7,0,1,14,13,0,288,7,1046,0.0114699995517731,47,0,1.09767790769942,0.675740972543185,7.91063876910546,273.463848434602,9
"157",2020-08-04,2647,265,264,20,14.9,12,0,1,11,1,1,13,12,0,289,11,1699,0.0058899998664856,12,0,0.584869069150148,0.655398001946712,11.9251783091752,263.197477448312,12
"158",2020-08-05,2656,245,264,12,13.7,9,1,0,8,1,1,14,13,0,290,9,1599,0.005,70,0,0.479029358897543,0.637116978522675,8.94986040523636,243.635088809212,9
"159",2020-08-06,2666,221,264,12,12.7,10,0,0,10,1,2,12,10,0,291,10,1639,0.00305000007152557,10,0,0.303150401287472,0.560494091986252,9.96474389538236,220.22084008795,10
"160",2020-08-07,2678,222,264,6,11,12,0,3,9,1,2,12,10,0,292,9,1689,0,39,0,0,0.456595978403728,12,222,12
"161",2020-08-08,2684,205,264,14,10.9,6,1,1,4,0,1,12,11,0,292,5,1518,0.00725000023841858,95,0,0.682300084433937,0.470687664277826,5.960324573124,203.373307498084,6
"162",2020-08-09,2686,196,264,16,12.9,2,0,1,1,2,2,14,12,0,294,1,1589,0.00441000014543533,102,0,0.414399185753799,0.508775143888902,1.995180576709,195.055393034965,2
"163",2020-08-10,2698,197,264,8,12.6,12,2,0,10,0,1,14,13,0,294,12,1384,0.00578000009059906,27,0,0.566939767922686,0.432955409635084,11.9208785301887,195.701089203932,12
"164",2020-08-11,2711,201,264,8,10.9,13,2,1,10,0,1,14,13,0,294,12,1460,0.00342000007629395,41,0,0.332658235269098,0.396925290509219,12.9535745946774,200.222374460847,13
"165",2020-08-12,2718,184,264,12,10.9,7,3,0,4,0,2,12,10,0,294,7,1486,0.00268999993801117,7,0,0.267738774808078,0.366740921353581,6.97820356380754,183.427065105798,7
"166",2020-08-13,2740,187,264,11,10.7,22,0,0,22,0,2,11,9,0,294,22,1689,0.00532999992370605,56,0,0.515895121555274,0.397133024248982,21.8680041488975,185.878035265628,22
"167",2020-08-14,2751,181,264,6,10.7,11,4,1,6,1,2,12,10,0,295,10,1882,0.00477999985218048,36,0,0.469028139822923,0.464137044223685,10.9454524714598,180.012689733422,11
"168",2020-08-15,2755,173,264,2,9,4,0,0,4,1,2,13,11,0,296,4,2044,0.00734000027179718,21,0,0.726535620123653,0.470456406465073,3.9662018381335,171.538229499274,4
"169",2020-08-16,2759,155,264,26,10.4,4,0,1,3,0,2,13,11,0,296,3,1196,0.00501999974250793,22,0,0.492932651234769,0.481675472962354,3.9828017198253,154.111422190974,4
"170",2020-08-17,2782,169,265,8,10.4,23,1,4,18,1,1,11,10,1,297,19,1358,0.00662999987602234,32,0,0.647736678535132,0.493217888764132,22.8568707914895,167.72690335588,23
"171",2020-08-18,2808,188,265,15,11.4,26,1,1,24,0,1,9,8,0,297,25,1888,0.00583000004291534,77,0.0519500017166138,0.76372469278389,0.554798811266246,25.777948853494,186.330175378275,26
"172",2020-08-19,2832,197,265,23,13,24,4,3,15,2,1,9,8,0,299,19,1519,0.0118499994277954,25,0.04,1.23057960691847,0.692347501567731,21.7280810381995,194.180629711857,24
"173",2020-08-20,2849,205,266,24,14.9,17,1,0,16,3,0,8,8,1,302,17,1607,0.00995999991893768,103,0,0.936007009925898,0.752363485620677,16.8149435607808,202.768437056474,17
"174",2020-08-21,2870,212,266,16,16.3,21,3,2,16,0,0,8,8,0,302,19,1804,0.00721000015735626,116,0.00861999988555908,0.729518764093518,0.789576431945048,20.8387995511781,210.201342360514,21
"175",2020-08-22,2889,222,266,16,18.3,19,1,0,18,1,0,9,9,0,303,19,1864,0.00589999973773956,73,0,0.567764559171221,0.766894851808986,18.8745420868272,220.534123330297,19
"176",2020-08-23,2906,232,266,13,16.4,17,0,1,15,0,0,9,9,0,303,15,694,0.0172899997234344,5,0,1.71663230444399,0.941709087981732,15.7005359326998,227.368289092424,17
"177",2020-08-24,2925,248,266,19,18,19,2,0,17,1,1,10,9,0,304,19,1142,0.00962999999523163,58,0,0.91645499954621,0.980097419554743,18.7974925875478,245.356745353255,19
"178",2020-08-25,2939,250,266,23,19.1,14,0,1,13,4,2,13,11,0,308,13,1647,0.0145700001716614,73,0,1.3951622257399,1.0703027814056,13.7890671404871,245.943598855522,14
"179",2020-08-26,2957,258,266,15,18,18,1,4,13,0,2,13,11,0,308,14,1832,0.0049099999666214,41,0,0.480251998870817,0.96311312311308,17.9218060061925,256.558996399832,18
"180",2020-08-27,2970,261,266,16,16.9,13,1,3,9,1,2,11,9,0,309,10,1469,0.00612999975681305,9,0,0.609267228874044,0.916436011534243,12.929142798195,259.150627032891,13
"181",2020-08-28,2998,271,266,20,17.4,28,0,3,21,1,1,11,10,0,310,21,2137,0.00607999980449677,35,0,0.598202559033591,0.897676553668539,23.8539021785228,269.114642399033,28
"182",2020-08-29,3019,285,266,12,16.9,21,0,2,18,0,1,11,10,0,310,18,1790,0.00726000010967255,11,0.0909099960327148,0.777091068999096,0.927580340786807,19.8373250801006,282.424313768259,21
"183",2020-08-30,3039,299,267,16,17.3,20,0,6,12,2,1,12,11,1,312,12,1402,0.00428000003099442,33,0,0.418157494317364,0.742083939340146,17.9416424152354,297.545923512948,20
"184",2020-08-31,3059,307,267,13,16.4,20,1,3,16,1,1,13,12,0,313,17,1353,0.00517000019550324,54,0,0.497157801315983,0.682184339592971,19.9017077313888,305.224957266845,20
"185",2020-09-01,3084,311,267,18,15.7,25,1,2,22,0,1,13,12,0,313,23,1361,0.0154299998283386,22,0.0909099960327148,1.6630693911127,0.720456791789084,24.5551491905074,304.984843402078,25
"186",2020-09-02,3120,321,267,15,15.7,36,1,9,26,0,1,11,10,0,313,27,1528,0.00261999994516373,51,0,0.253537676770752,0.688069031489075,35.920387282317,320.053493245324,36
"187",2020-09-03,3142,322,267,24,16.9,22,1,4,17,1,1,10,9,0,314,18,1493,0.00938000023365021,133,0.00751999974250793,0.922785997207461,0.732857426965278,21.8068255521539,318.544323766309,22
"188",2020-09-04,3164,326,267,24,17.4,22,0,3,19,3,1,13,12,0,317,19,2705,0.00813000023365021,258,0.00774999976158142,0.809691210614641,0.763070091476856,21.8210839899089,322.930177932121,22
"189",2020-09-05,3189,333,267,17,18.1,25,1,11,13,2,1,15,14,0,319,14,2256,0.00398999989032745,164,0,0.371960320354493,0.705194270241913,24.9394379137311,331.55948751946,25
"190",2020-09-06,3210,335,267,26,19.6,21,1,3,16,1,1,16,15,0,320,17,1310,0.00611000001430511,192,0.03125,0.932363516560566,0.778652273419513,19.815663909989,331.367494696842,21
"191",2020-09-07,3251,360,267,29,21.9,41,2,6,33,0,1,14,13,0,320,35,1290,0.0147300004959106,44,0,1.4244153403092,0.91111763613283,40.4201964564365,354.036306409061,41
"192",2020-09-08,3303,397,267,24,22.7,52,0,14,36,3,1,16,15,0,323,36,1097,0.0127600002288818,4,0,1.27136423715562,0.855159756996105,49.4677095550496,391.130019259852,52
"193",2020-09-09,3348,428,267,15,22.7,45,2,10,31,0,1,15,14,0,323,33,1587,0.0144900000095367,29,0,1.42299690687715,1.02222536129702,42.4538724636319,420.916891346499,45
"194",2020-09-10,3425,490,267,33,24,77,1,21,52,2,2,16,14,0,325,53,1959,0.0127600002288818,61,0,1.23746734892968,1.06717984011448,73.2372437110877,482.948102234585,77
"195",2020-09-11,3455,504,267,60,29.1,30,0,1,25,0,1,14,13,0,325,25,2314,0.0155599999427795,93,0.0752699995040894,1.78670335776785,1.20675300399351,25.4805202282875,493.527287802277,30
"196",2020-09-12,3504,529,269,47,33.4,49,0,4,42,1,0,14,14,2,326,42,1900,0.0168400001525879,26,0,1.66126688940379,1.39093965671484,45.1885441820036,518.779520768569,49
"197",2020-09-13,3539,542,270,31,34.1,35,1,5,29,1,1,13,12,1,327,30,1199,0.0166799998283386,44,0,1.6089557356539,1.48759568801389,34.4386399143747,531.858094453036,35
"198",2020-09-14,3607,592,272,59,38.4,68,0,19,49,1,1,13,12,2,328,49,2394,0.0141999995708466,218,0.0412799978256226,1.6460121936674,1.51925238135077,67.0619946683515,580.66736415641,68
"199",2020-09-15,3680,641,273,41,40.9,73,0,15,55,1,1,13,12,1,329,55,2961,0.0121599996089935,28,0,1.20460886056306,1.5097158989804,69.2294782158613,632.019918843038,73
"200",2020-09-16,3757,681,274,41,44.6,77,0,7,67,1,0,13,13,1,330,67,1887,0.0190799999237061,162,0.00616999983787537,1.80592971350752,1.56442058564189,72.5928129651306,666.697098944089,77
"201",2020-09-17,3807,706,278,57,48,50,2,4,38,2,2,13,11,4,332,40,2512,0.0191100001335144,208,0.00481000006198883,1.80164707162801,1.6450176888845,43.1618806061729,691.207192698952,50
"202",2020-09-18,3895,774,278,47,46.1,88,1,6,78,0,2,13,11,0,332,79,2409,0.0128699994087219,281,0.0213499999046326,1.37558284568078,1.58628618715778,83.7361660388986,761.617626760855,88
"203",2020-09-19,3965,824,280,47,46.1,70,2,4,60,0,2,12,10,2,332,62,2101,0.0214199995994568,161,0,1.98954107685494,1.6331824996508,64.5654331912395,804.934144348087,70
"204",2020-09-20,4008,856,280,76,52.6,43,1,4,34,2,2,13,11,0,334,35,2847,0.0186199998855591,112,0,1.79152212484578,1.6592634123925,38.2707668564335,838.165040831631,43
"205",2020-09-21,4117,936,280,55,52,109,2,22,82,1,3,14,11,0,335,84,2949,0.0189900004863739,73,0,1.85312744653596,1.68885130565944,104.189657474579,915.827611859599,109
"206",2020-09-22,4226,1015,280,85,58.3,109,0,27,81,3,3,17,14,0,338,81,2507,0.0135599994659424,64,0.03125,1.4000357316654,1.71676943010263,106.681135077781,998.47348276479,109
"207",2020-09-23,4331,1073,281,67,62,105,0,25,75,2,3,18,15,1,340,75,1896,0.0168799996376038,7,0.571430015563965,1.89198578149472,1.7290631541008,98.3497288384536,1049.39012058214,105
"208",2020-09-24,4433,1128,282,38,59.3,102,2,19,75,2,3,20,17,1,342,77,2730,0.0128199994564056,55,0,1.25668217292594,1.65121102571479,94.8746377099237,1111.51417320512,102
"209",2020-09-25,4552,1191,284,57,60.7,119,5,16,86,3,3,22,19,2,345,91,3291,0.0133700001239777,59,0.0339000010490417,1.37315732745982,1.65086452311179,105.546758237796,1171.98009957379,119
"210",2020-09-26,4636,1237,286,76,64.9,84,3,14,65,3,4,23,19,2,348,68,3437,0.0299699997901916,12,0,2.98657260883992,1.79329759910965,79.638118148259,1194.0345904323,84
"211",2020-09-27,4718,1267,287,109,69.6,82,2,12,64,2,4,24,20,1,350,66,2684,0.0331599998474121,13,0,3.30001629923819,2.00879676687999,75.4669941125415,1218.37396273621,82
"212",2020-09-28,4833,1337,288,86,74,115,3,11,97,6,4,29,25,1,356,100,3135,0.0258400011062622,192,0.0104200005531311,2.49501182970644,2.10049453590435,108.098324867235,1298.20460347493,115
"213",2020-09-29,4940,1368,291,58,70.1,107,5,18,74,4,3,29,26,3,360,79,2165,0.0263299989700317,79,0.0253200006484985,2.62944419881239,2.27612431692535,94.584165222971,1326.16630411423,107
"214",2020-09-30,5023,1397,291,107,75.9,83,1,10,67,5,5,32,27,0,365,68,3170,0.0305999994277954,281,0.0142299997806549,2.92670611777675,2.42394150782278,75.6854625785772,1349.44987091577,83
"215",2020-10-01,5123,1432,293,105,85.4,100,2,11,78,3,5,31,26,2,368,80,3844,0.0226300001144409,120,0.00833000004291534,2.21971040476944,2.56151696951471,88.9347982540932,1395.03288874827,100
"216",2020-10-02,5219,1482,294,115,93.7,96,0,13,79,1,5,31,26,1,369,79,3362,0.021710000038147,197,0,2.05082945007727,2.65832727274577,90.1157747673483,1446.65288867355,96
"217",2020-10-03,5292,1494,295,65,92.1,73,2,6,64,5,6,33,27,1,374,66,3113,0.0301999998092651,485,0.0103100001811981,2.75188853513406,2.62480097650208,69.8877225961783,1446.18572058622,73
"218",2020-10-04,5350,1476,295,77,87.6,58,1,7,47,3,6,34,28,0,377,48,3118,0.0291899991035461,102,0,2.82653469580301,2.55716074743991,53.4221281183088,1427.48043963799,58
"219",2020-10-05,5428,1477,295,82,87,78,3,13,59,3,6,35,29,0,380,62,3821,0.0177999997138977,238,0.00839999973773956,1.72488294763206,2.447142335715,73.7562660281529,1447.37104715454,78
"220",2020-10-06,5504,1450,296,139,98.6,76,5,15,53,2,7,36,29,1,382,58,2158,0.0194599997997284,55,0,1.89763576899295,2.34259827431222,71.7199791902001,1417.999479755,76
"221",2020-10-07,5605,1464,296,174,108.1,101,12,22,63,3,10,38,28,0,385,75,2268,0.0313100004196167,76,0,3.02948297575472,2.35728068259479,94.3575549889524,1412.41947338435,101
"222",2020-10-08,5685,1423,296,85,105.3,80,5,14,55,2,9,38,29,0,387,60,2434,0.0271199989318848,182,0,2.52332100153698,2.40065362499015,72.2392409410726,1381.24066431911,80
"223",2020-10-09,5770,1426,296,97,102.7,85,5,19,59,2,9,39,30,0,389,64,2508,0.0207299995422363,247,0.00810000002384186,1.95976547578285,2.38764448580523,81.5413192375156,1393.49876926089,85
"224",2020-10-10,5835,1411,297,67,103,65,5,7,51,6,9,45,36,1,395,56,2628,0.0300600004196167,21,0,2.98216991705371,2.42054182607947,61.0577881897387,1362.06319885217,65
"225",2020-10-11,5899,1376,297,140,112,64,6,6,48,5,10,48,38,0,400,54,2660,0.0233100008964539,238,0.0168099999427795,2.2776184393012,2.34212521800778,58.569621713764,1339.55184218777,64
"226",2020-10-12,5961,1348,297,63,109.3,62,2,14,43,3,10,48,38,0,403,45,1994,0.0150499999523163,237,0.0126600003242493,1.47961093598233,2.30708635920068,58.2256519213275,1324.80397310999,62
"227",2020-10-13,6046,1370,298,74,100,85,4,10,68,1,7,47,40,1,404,72,2117,0.0302300000190735,18,0,2.9975133508374,2.4642117280356,79.4900226565572,1322.24070888171,85
"228",2020-10-14,6113,1375,300,84,87.1,67,1,16,49,2,7,47,40,2,406,50,3004,0.0296300005912781,110,0.0363599991798401,2.98677333609447,2.45811035094128,64.2632054458893,1327.23814976196,67
"229",2020-10-15,6199,1402,300,107,90.3,86,3,25,52,5,8,51,43,0,411,55,2119,0.021710000038147,105,0.00952000021934509,2.11344829603708,2.39955710729843,78.6481438041339,1367.5399566072,86
"230",2020-10-16,6274,1423,301,78,87.6,75,2,10,59,4,8,49,41,1,415,61,3126,0.0214299988746643,280,0.0035699999332428,1.99617664308598,2.40475870262745,69.5838639341506,1389.96456357863,75
"231",2020-10-17,6321,1405,302,64,87.1,47,1,10,36,6,8,51,43,1,421,37,3037,0.0214000010490417,149,0,2.03991849296735,2.2701513563294,46.1222098201815,1371.66769722581,47
"232",2020-10-18,6378,1372,305,74,77.7,57,1,11,40,2,6,49,43,3,423,41,1144,0.0271000003814697,37,0.0540500020980835,2.79443272769098,2.34398196895651,50.6675414912149,1327.41138843773,57
"233",2020-10-19,6442,1350,307,69,78.6,64,1,6,57,3,6,48,42,2,426,58,1334,0.0374799990653992,27,0,3.67364575703472,2.65741551482114,61.5219991667143,1292.32239439766,64
"234",2020-10-20,6520,1354,309,46,74.6,78,3,14,57,4,5,47,42,2,430,60,1595,0.0250799989700317,48,0.0208299994468689,2.49558358677117,2.58571126281168,72.2585959515094,1314.70231530573,78
"235",2020-10-21,6608,1376,312,69,72.4,88,1,46,40,4,4,46,42,3,434,41,2258,0.0305599999427795,446,0.00897000014781952,2.69989274913919,2.54472832181807,85.7126206221574,1332.79429209972,88
"236",2020-10-22,6674,1363,312,88,69.7,66,2,24,36,2,3,46,43,0,436,38,2238,0.0268099999427795,87,0.0114900004863739,2.62367354469915,2.61761764305551,60.8405031541768,1321.41067892482,66
"237",2020-10-23,6753,1365,313,92,71.7,79,1,13,64,2,3,39,36,1,438,65,2768,0.0245700001716614,65,0.0153799998760223,2.4359145946735,2.68043735042515,76.1585853547924,1326.33029245064,79
"238",2020-10-24,6818,1358,317,63,71.6,65,2,17,41,2,3,39,36,4,440,43,2358,0.0211999988555908,191,0,1.96114544140773,2.6691840573452,59.0192587613152,1327.02682320619,65
"239",2020-10-25,6888,1339,319,69,70.9,70,1,24,42,3,3,41,38,2,443,43,1751,0.0308400011062622,77,0,2.95409419787008,2.69199283879936,65.5226990606412,1292.99753586508,70
"240",2020-10-26,6961,1298,320,77,72,73,1,16,51,4,3,42,39,1,447,52,995,0.0392000007629395,121,0.0165299999713898,3.67420526484435,2.69207276848645,65.7780057153144,1242.5356042015,73
"241",2020-10-27,7039,1268,322,61,74.1,78,0,15,60,1,3,34,31,2,448,60,1354,0.0288000011444092,116,0,2.65273479928776,2.71452294170311,73.1489367282511,1228.88086285704,78
"242",2020-10-28,7151,1275,325,94,77.7,112,2,69,38,2,2,32,30,3,450,40,1900,0.0405299997329712,166,0.01807000041008,3.87253724882471,2.88204358451532,107.198510339417,1217.57751706891,112
"243",2020-10-29,7215,1260,326,65,74.4,64,0,18,42,9,2,40,38,1,459,42,2190,0.0292199993133545,96,0,2.79929127280168,2.90713183138712,58.6326693175732,1218.9800795272,64
"244",2020-10-30,7265,1229,328,122,78.7,50,1,9,36,4,2,43,41,2,463,37,2789,0.0358599996566772,105,0.0571400022506714,3.66320799166528,3.0824594595288,44.4236978032201,1176.64120540966,50
"245",2020-10-31,7304,1159,329,83,81.6,39,0,5,32,2,2,42,40,1,465,32,2352,0.0276399993896484,322,0,2.43116224997955,3.1496047178962,36.0952260236376,1126.23021754362,39
"246",2020-11-01,7354,1118,332,50,78.9,50,1,6,40,1,2,40,38,3,466,41,1714,0.0256699991226196,104,0,2.42015283257261,3.07332737999656,45.8460079205462,1086.53260622368,50
"247",2020-11-02,7418,1070,332,56,75.9,64,3,8,47,6,2,45,43,0,472,50,1030,0.0174800002574921,14,0.0714300012588501,1.82034677038704,2.80849045221695,56.9414769714212,1047.34760718841,64
"248",2020-11-03,7489,998,333,36,72.3,71,1,36,33,1,2,46,44,1,473,34,1456,0.0219799995422363,13,0,2.17854862719511,2.74074957048943,69.1385653155598,972.714358380256,71
"249",2020-11-04,7554,922,337,53,66.4,65,5,1,51,1,1,43,42,4,474,56,1466,0.0272900009155273,295,0.0033899998664856,2.32863096551825,2.52019153001707,55.4834215726252,897.030619463579,65
"250",2020-11-05,7601,879,337,45,63.6,47,0,6,34,5,2,46,44,0,479,34,2536,0.0240499997138977,41,0,2.36673648717286,2.45839798921296,39.0641526778285,854.805594229744,47
"251",2020-11-06,7674,872,341,79,57.4,73,1,12,57,4,3,48,45,4,483,58,2342,0.0234800004959106,116,0.0258599996566772,2.35923194148077,2.27211569632945,68.4086166430966,848.07437435828,73
"252",2020-11-07,7709,838,346,75,56.3,35,3,4,25,3,4,48,44,5,486,28,2499,0.0276099991798401,142,0,2.61254782091709,2.2980279207491,31.1492568542723,812.538472995721,35
"253",2020-11-08,7746,776,346,47,55.9,37,1,5,29,1,4,49,45,0,487,30,1176,0.0204099988937378,92,0.0108700001239777,1.97178223268467,2.23397497790797,34.3120507802383,758.205046848829,37
"254",2020-11-09,7816,744,350,31,52.3,70,3,24,41,7,4,48,44,4,494,44,711,0.0210999989509583,20,0.1,2.3258685710166,2.30619237799791,66.8098162252108,723.875074353565,70
"255",2020-11-10,7883,753,350,51,54.4,67,0,11,54,3,5,49,44,0,497,54,1374,0.0334800004959106,17,0,3.30708272332,2.46741153458718,62.9231028180144,724.038822628979,67
"256",2020-11-11,7940,753,353,78,58,57,0,6,49,2,5,48,43,3,499,49,2375,0.0261100006103516,241,0.0290499997138977,2.63808491516186,2.51161924167912,53.4966467895661,729.89744964374,57
"257",2020-11-12,7982,743,355,58,59.9,42,1,8,31,3,3,45,42,2,502,32,2318,0.0215700006484985,214,0.00467000007629395,2.01416435701211,2.4612517945133,39.2504146959519,725.595566221633,42
"258",2020-11-13,8020,719,357,81,60.1,38,1,7,26,0,3,38,35,2,502,27,2719,0.0217000007629395,200,0,2.02131901591067,2.41297851943186,33.3652907835604,702.097928643701,38
"259",2020-11-14,8041,696,357,51,56.7,21,3,2,14,3,3,39,36,0,505,17,1710,0.015789999961853,245,0.0163300001621246,1.58576726212221,2.26629558246116,18.6864805072539,683.164143120513,21
"260",2020-11-15,8071,652,360,29,54.1,30,1,1,25,0,2,37,35,3,505,26,984,0.0152400004863739,306,0.00653999984264374,1.31762794034426,2.17284496926967,26.6015789073081,642.008824906342,30
"261",2020-11-16,8115,613,363,11,51.3,44,0,3,39,3,2,35,33,3,508,39,735,0.0122399997711182,53,0,1.1416751055548,2.0036744742037,41.482174638462,604.860847522492,44
"262",2020-11-17,8156,590,363,38,49.4,41,1,10,29,1,2,34,32,0,509,30,1828,0.020789999961853,38,0,2.03666237568421,1.82218585311287,39.2894142826501,576.025147558785,41
"263",2020-11-18,8197,583,363,66,47.7,41,3,6,30,1,2,34,32,0,510,33,2684,0.0204900002479553,20,0.05,2.07082694768906,1.74114900061676,38.2052437965814,568.959307072938,41
"264",2020-11-19,8217,567,364,53,47,20,2,1,17,0,2,32,30,1,510,19,2476,0.0121200001239777,187,0.0160399997234344,1.23952685900304,1.63048650090118,19.7261039800034,558.8263661401,20
"265",2020-11-20,8242,524,364,29,39.6,25,1,2,20,1,2,32,30,0,511,21,2643,0.00757000029087067,222,0.0225200009346008,0.872842966012306,1.46641849377284,22.7868272980442,518.68083353215,25
"266",2020-11-21,8271,494,365,27,36.1,29,4,4,19,2,2,33,31,1,513,23,1495,0.0187300002574921,71,0,1.7880811229215,1.49532047388702,26.5217100746242,483.727164211493,29
"267",2020-11-22,8298,480,368,26,35.7,27,3,4,19,3,4,33,29,3,516,22,1220,0.0147500002384186,36,0,1.4327229530948,1.51176261856567,25.6334264898304,472.00203250539,27
"268",2020-11-23,8338,462,370,20,37,40,2,10,25,1,3,28,25,2,517,27,922,0.0173500001430511,13,0,1.71087701945381,1.5930771776941,36.4627718811853,452.807429966949,40
"269",2020-11-24,8382,472,370,21,34.6,44,2,7,34,1,3,24,21,0,518,36,1403,0.00855000019073486,41,0.0975599956512451,1.10772923056108,1.46037244267651,42.536219701807,465.919324979247,44
"270",2020-11-25,8437,480,371,38,30.6,55,4,10,39,2,2,24,22,1,520,43,2618,0.0122200000286102,72,0.0138900005817413,1.22646989281736,1.33975000626627,52.3866596650639,473.153410214667,55
"271",2020-11-26,8482,495,372,60,31.6,45,3,4,37,3,2,24,22,1,523,40,3059,0.0143799996376038,224,0.00446000009775162,1.37031553193196,1.35843410239897,43.362534404734,487.111363258583,45
"272",2020-11-27,8528,506,374,56,35.4,46,2,3,40,3,1,25,24,2,526,42,3154,0.0177600002288818,336,0.00298000007867813,1.63370546556817,1.46712874519267,44.2020067254795,496.386081026015,46
"273",2020-11-28,8573,509,375,60,40.1,45,2,3,40,2,1,26,25,1,528,42,2597,0.0119400000572205,191,0,1.11220158352229,1.3705745252785,44.4567384377005,502.416187256894,45
"274",2020-11-29,8618,523,377,23,39.7,45,0,4,38,5,1,29,28,2,533,38,898,0.0245000004768372,12,0,2.41769235474723,1.51128443980027,40.9315337401012,508.294530159813,45
"275",2020-11-30,8662,530,378,45,43.3,44,1,7,35,1,1,26,25,1,534,36,1135,0.0229099988937378,61,0,2.17415123280873,1.57746647027955,42.0897337731551,516.598858327005,44
"276",2020-12-01,8715,550,378,34,45.1,53,2,11,39,3,1,28,27,0,537,41,1906,0.0141700005531311,113,0.0176999998092651,1.43675686145195,1.62447041754967,51.3149168036409,540.809859561036,53
"277",2020-12-02,8757,564,379,50,46.9,42,1,5,34,6,1,32,31,1,543,35,2859,0.0101400005817413,81,0.0123500001430511,1.0200888324757,1.59498740892943,39.5847762214562,557.30896539718,42
"278",2020-12-03,8795,563,380,40,44,38,0,6,31,3,1,34,33,1,546,31,3327,0.0102199995517731,202,0,0.963500666158941,1.53687099953329,36.6526319330699,556.691347687689,38
"279",2020-12-04,8837,566,382,54,43.7,42,1,5,32,2,1,32,31,2,548,33,2994,0.0110199999809265,165,0.0121200001239777,1.10774548791865,1.46173385986907,37.5748618206293,558.708236075036,42
"280",2020-12-05,8872,555,382,45,41.6,35,3,2,29,1,1,32,31,0,549,32,2277,0.0184500002861023,209,0,1.68988940673592,1.54426069175673,33.3710958788711,544.092444149171,35
"281",2020-12-06,8911,548,383,33,43,39,0,7,30,1,2,32,30,1,550,30,1397,0.0157500004768372,20,0,1.55276998349623,1.42070035300659,36.4582429636962,538.103904803518,39
"282",2020-12-07,8964,550,384,24,40,53,0,4,44,2,1,32,31,1,552,44,1068,0.0168499994277954,25,0.04,1.73795053878184,1.3583859681456,47.1106631911965,538.883289889956,53
"283",2020-12-08,9011,555,384,58,43.4,47,1,1,44,0,1,29,28,0,552,45,2367,0.01942999958992,69,0,1.88796424586785,1.4228441659193,45.0119419566066,542.813950798148,47
"284",2020-12-09,9066,566,386,39,41.9,55,2,3,48,1,3,26,23,2,553,50,2911,0.00962000012397766,167,0.00598999977111816,0.942305078709412,1.41173220109555,52.4520540580581,559.797251937217,55
"285",2020-12-10,9110,564,386,57,44.3,44,2,0,42,1,3,25,22,0,554,44,3091,0.0139100003242493,252,0.00397000014781952,1.3160709255012,1.46209938100158,43.3265456692084,555.367539941671,44
"286",2020-12-11,9149,548,386,49,43.6,39,6,2,30,1,2,25,23,0,555,36,3047,0.0118099999427795,32,0,1.16872587936503,1.47081086549392,37.5106818328128,540.551490121707,39
"287",2020-12-12,9178,533,387,56,45.1,29,2,5,22,0,2,22,20,1,555,24,2616,0.0156700003147125,24,0,1.5527545766397,1.45122017548018,28.5665986712838,523.37487882476,29
"288",2020-12-13,9218,531,388,28,44.4,40,5,2,33,0,2,21,19,1,555,38,1502,0.0119799995422363,47,0,1.16165005244926,1.39534589961632,39.4866245556782,523.826253659609,40
"289",2020-12-14,9260,528,388,19,43.7,42,3,4,35,2,2,22,20,0,557,38,917,0.0174500000476837,20,0,1.70775347318313,1.39103203310222,41.2452815749124,517.513386093519,42
"290",2020-12-15,9308,538,389,51,42.7,48,2,7,38,1,1,22,21,1,558,40,2079,0.0134700000286102,49,0,1.31598355542672,1.30932050589635,46.3878094344171,529.76603689291,48
"291",2020-12-16,9362,554,389,53,44.7,54,3,4,46,0,1,20,19,0,558,49,2312,0.0168700003623962,94,0,1.62109064164007,1.4062898720293,52.0761965975745,543.555365613393,54
"292",2020-12-17,9399,549,390,61,45.3,37,1,5,29,2,0,20,20,1,560,30,3207,0.0134099996089935,83,0.0241000008583069,1.36796865706023,1.41370383368059,34.5227196215265,540.265769073934,37
"293",2020-12-18,9441,539,390,23,41.6,42,3,4,35,0,0,19,19,0,560,38,3298,0.00727999985218048,170,0.00587999999523163,0.72113724082124,1.34976259960291,41.6813032025927,534.479537531512,42
"294",2020-12-19,9481,537,390,46,40.1,40,1,7,29,3,0,22,22,0,563,30,2799,0.0117900002002716,140,0,1.12283805922287,1.28834595425765,36.6082449907719,529.987585334817,40
"295",2020-12-20,9525,532,390,24,39.6,44,5,2,34,0,0,19,19,0,563,39,1360,0.0161800003051758,51,0,1.55951810170369,1.34518424700828,40.2926551337498,522.351090542434,44
"296",2020-12-21,9599,552,390,28,40.9,74,7,8,59,1,0,18,18,0,564,66,1365,0.00658999979496002,32,0.03125,0.715486737302823,1.20343185616824,73.4508111616282,547.406784260891,74
"297",2020-12-22,9680,593,390,66,43,81,5,7,67,2,0,18,18,0,566,72,3021,0.0225099992752075,48,0,2.21579367254487,1.33197615861369,77.1445981168765,577.71870393483,81
"298",2020-12-23,9782,662,390,52,42.9,102,5,6,90,1,1,16,15,0,567,95,2652,0.0199800002574921,199,0.0150800001621246,1.96379799070964,1.38093435133791,98.8303154553448,646.880724541456,102
"299",2020-12-24,9855,690,390,57,42.3,73,11,5,55,2,1,16,15,0,569,66,3469,0.01557000041008,144,0,1.49494413015686,1.39907370463743,69.8525201272542,678.003619512203,73
"300",2020-12-25,9919,720,390,52,46.4,64,6,2,55,0,1,13,12,0,569,61,2537,0.0295600008964539,161,0,2.77960423551903,1.69314041816568,61.028081422383,696.724895477308,64
"301",2020-12-26,10012,762,390,86,52.1,93,5,4,83,2,2,15,13,0,571,88,951,0.0199800002574921,50,0,1.89819982466283,1.80390638465711,90.0573221885586,745.178176223655,93
"302",2020-12-27,10123,827,391,35,53.7,111,8,6,95,2,4,15,11,1,573,103,1480,0.0270300006866455,32,0.0625,2.77806885028012,1.97798506302517,105.672206199542,800.280723563312,111
"303",2020-12-28,10258,924,391,65,59,135,15,7,111,1,2,15,13,0,574,126,1188,0.04125,39,0.0256399989128113,4.07538385962507,2.45797036621406,127.028062622771,880.205792566984,135
"304",2020-12-29,10378,1000,391,113,65.7,120,5,15,100,3,4,14,10,0,577,105,1880,0.0505299997329712,25,0.04,5.03918107600976,2.8613114238519,113.846454130659,941.394801244371,120
"305",2020-12-30,10515,1091,391,88,70.9,137,12,10,115,3,5,15,10,0,580,127,2458,0.0573600006103516,62,0,5.59487625000969,3.38003688946619,128.736379111646,1020.01094181737,137
"306",2020-12-31,10640,1178,391,147,83.7,125,0,9,116,2,5,15,10,0,582,116,2652,0.0331800007820129,144,0,3.14711595400209,3.6160614357298,120.7543233767,1134.88442187718,125
"307",2021-01-01,10757,1233,392,89,89,117,0,5,111,2,6,15,9,1,584,111,2759,0.0391400003433228,134,0.0149300003051758,3.80186246070242,3.76209832504171,111.092101653281,1178.48253458104,117
"308",2021-01-02,10869,1291,392,134,95.9,112,4,8,100,2,6,17,11,0,586,104,2369,0.0295499992370605,431,0,2.50014100687844,3.84808992250108,108.976054070062,1253.46236350432,112
"309",2021-01-03,10992,1317,393,107,106.1,123,0,5,118,3,5,20,15,1,589,118,1516,0.0600299978256226,126,0.0238100004196167,5.72506313986087,4.26908910672691,115.143330818952,1229.31158210643,123
"310",2021-01-04,11168,1429,393,115,113.3,176,5,30,141,5,8,23,15,0,594,146,1386,0.0533900022506714,155,0.00644999980926514,4.86685873393035,4.38215694591337,167.736238489779,1348.11701919106,176
"311",2021-01-05,11311,1505,395,105,112.1,143,2,19,122,6,8,25,17,2,600,124,2417,0.0575099992752075,97,0.0103100001811981,5.56888378145397,4.45782876097683,134.969066708241,1407.52778545083,143
"312",2021-01-06,11495,1601,395,132,118.4,184,11,42,130,7,7,30,23,0,607,141,2627,0.0513899993896484,211,0.0142200005054474,4.86264793880394,4.35322471651887,175.026148952904,1510.46003172765,184
"313",2021-01-07,11610,1633,395,188,124.3,115,2,7,105,6,9,34,25,0,613,107,2311,0.048899998664856,91,0.0109899997711182,4.74637747267502,4.58169064775786,108.093608498548,1542.85852970213,115
"314",2021-01-08,11743,1665,395,186,138.1,133,6,13,113,0,11,32,21,0,613,119,2661,0.0368300008773804,249,0,3.36785678126148,4.51968983640915,127.339025199684,1599.78552065104,133
"315",2021-01-09,11843,1676,397,153,140.9,100,6,2,92,4,11,32,21,2,617,98,3020,0.0324499988555908,375,0.00266999989748001,2.91606027998348,4.57910687542416,96.676476516327,1619.1609657282,100
"316",2021-01-10,11935,1660,397,120,142.7,92,5,3,82,5,11,36,25,0,622,87,1824,0.0509899997711182,78,0,4.88989272252994,4.45979681580545,85.0523979273571,1565.5974776944,92
"317",2021-01-11,12099,1711,397,66,135.7,164,2,25,135,3,13,36,23,0,625,137,1608,0.0342000007629395,115,0,3.1917354165297,4.22049348474822,156.914617448226,1647.48839747383,164
"318",2021-01-12,12240,1739,398,160,143.6,141,1,22,116,4,13,37,24,1,629,117,2211,0.0705600023269653,74,0.0135099995136261,6.87124311198813,4.40654481768167,129.650306909464,1600.03319415007,141
"319",2021-01-13,12329,1727,402,172,149.3,89,1,9,76,2,11,36,25,4,631,77,2532,0.0375200009346008,173,0.0115600001811981,3.58597125315181,4.22416243401708,82.7887530287799,1654.97631793121,89
"320",2021-01-14,12420,1713,402,130,141,91,2,14,74,9,10,43,33,0,640,76,2581,0.0337100005149841,146,0,3.19052113418313,4.00189724280395,87.1799851402307,1649.43834927915,91
"321",2021-01-15,12515,1681,404,144,135,95,6,7,80,5,11,43,32,2,645,86,2923,0.0372900009155273,206,0.00485000014305115,3.51542897748658,4.02297898512182,89.4839668725294,1612.27381758979,95
"322",2021-01-16,12576,1632,405,119,130.1,61,0,1,58,2,9,41,32,1,647,58,2470,0.0323900008201599,289,0,2.89972098679938,4.02064480038124,57.0440381308335,1576.96327981932,61
"323",2021-01-17,12655,1571,407,74,123.6,79,2,3,71,2,9,41,32,2,649,73,2036,0.026029999256134,32,0,2.5627213967838,3.68819175384607,73.8242928757602,1524.17759051807,79
"324",2021-01-18,12777,1593,408,64,123.3,122,2,45,73,7,10,45,35,1,656,75,1021,0.0391799998283386,48,0,3.74207481990026,3.7668116686133,116.736001813528,1523.67267851933,122
"325",2021-01-19,12851,1534,415,81,112,74,3,24,47,8,9,47,38,7,664,50,2337,0.0410799980163574,89,0,3.95729412053699,3.35053324126313,71.6988522046503,1463.40078563867,74
"326",2021-01-20,12912,1492,415,166,111.1,61,1,8,50,2,7,39,32,0,666,51,3065,0.0225099992752075,163,0.00612999975681305,2.16828803404187,3.14800706710457,57.7139337894065,1454.37625909401,61
"327",2021-01-21,12983,1461,417,81,104.1,71,1,9,60,3,7,39,32,2,669,61,2636,0.0242799997329712,117,0,2.32481217929938,3.02433435926404,68.3507219239164,1421.49843821052,71
"328",2021-01-22,13061,1429,418,94,97,78,1,3,73,5,6,39,33,1,674,74,2311,0.0307200002670288,111,0.00901000022888184,2.97250332958338,2.94677355242072,74.4418250129293,1379.59956680373,78
"329",2021-01-23,13110,1365,418,84,92,49,1,4,41,4,9,41,32,0,678,42,2122,0.0329900002479553,276,0,2.91929860409346,2.9495703548913,44.5740510137955,1318.65665794835,49
"330",2021-01-24,13156,1281,419,44,87.7,46,2,9,35,2,8,39,31,1,680,37,1247,0.0224499988555908,36,0,2.18200690357925,2.8951825701478,45.0610682540204,1248.49266036216,46
"331",2021-01-25,13219,1223,419,29,82.7,63,1,18,43,4,7,40,33,0,684,44,825,0.0206100010871887,48,0,1.94768051511234,2.63884052660667,61.0033410415161,1195.29741122214,63
"332",2021-01-26,13281,1159,420,74,81.7,62,1,19,40,8,5,42,37,1,692,41,2354,0.024210000038147,79,0,2.3423896461076,2.40813988740247,58.8830874388502,1127.42678882018,62
"333",2021-01-27,13359,1119,422,80,69.4,78,0,27,50,1,4,32,28,2,693,50,2800,0.0196399998664856,175,0.00570999979972839,1.88205880978528,2.36724999822296,75.9055917126857,1094.50714252991,78
"334",2021-01-28,13397,1058,422,66,67.3,38,1,3,33,3,5,32,27,0,696,34,2355,0.0212299990653992,209,0.0287100005149841,2.18397183723271,2.34712994935629,36.1364208873065,1031.12744996383,38
"335",2021-01-29,13424,952,422,73,64.3,27,1,2,24,3,4,33,29,0,699,25,2847,0.0122899997234344,180,0.00555999994277954,1.18898015204223,2.09234092399327,26.654306835397,938.836004291918,27
"336",2021-01-30,13443,855,423,41,58.1,19,1,6,12,2,5,35,30,1,701,13,2155,0.0157799994945526,216,0,1.43424288953019,1.88019010762709,18.7831585830356,840.738506807344,19
"337",2021-01-31,13485,796,424,25,55.4,42,3,5,34,4,6,34,28,1,705,37,922,0.0195200002193451,24,0,1.90247782264653,1.84025738177955,41.1813514335015,778.387993001815,42
"338",2021-02-01,13529,709,424,27,55.1,44,6,7,29,4,5,31,26,0,709,35,548,0.0292000007629395,29,0,2.77324097367259,1.9581945901453,40.8711614525706,686.132956282072,44
"339",2021-02-02,13572,647,425,59,53,43,4,5,32,3,5,29,24,1,712,36,2439,0.0221399998664856,107,0.0280399990081787,2.23879574109322,1.94339546085754,40.0626686307885,630.154072336671,43
"340",2021-02-03,13635,632,425,54,49.3,63,4,22,36,2,4,28,24,0,714,40,2865,0.0129100000858307,212,0,1.20205233168362,1.84625167827158,61.4408098081781,623.164794969213,63
"341",2021-02-04,13717,634,425,51,47.1,82,3,43,33,2,5,27,22,0,716,36,2814,0.0127900004386902,90,0,1.23936161275738,1.71130736048939,78.4811083047412,624.861740700165,82
"342",2021-02-05,13773,631,427,72,47,56,1,8,46,2,5,23,18,2,718,47,2435,0.0160199999809265,149,0,1.50962461120573,1.75711371179847,54.1748308097237,619.921664700758,56
"343",2021-02-06,13798,600,427,61,49.9,25,1,4,19,3,6,23,17,0,721,20,2369,0.0143499994277954,205,0.0146300005912781,1.43722994427581,1.75754043390498,23.6657030367779,589.971091103336,25
"344",2021-02-07,13823,555,429,33,51,25,1,2,19,3,4,25,21,2,724,20,1004,0.0249000000953674,75,0,2.31692308579693,1.81674690006933,21.461088078017,540.045194164972,25
"345",2021-02-08,13871,553,431,24,50.6,48,1,7,39,2,5,23,18,2,726,40,852,0.0140799999237061,29,0,1.36165266004513,1.61509142669397,46.3665643399243,544.242751999454,48
"346",2021-02-09,13926,573,431,42,48.1,55,5,8,39,0,2,20,18,0,726,44,2244,0.0178299999237061,149,0,1.67198160588368,1.5341179788069,51.1444205386898,561.85802201521,55
"347",2021-02-10,13981,588,432,41,46.3,55,0,5,49,3,4,21,17,1,729,49,2791,0.0125399994850159,100,0,1.21062395581734,1.53534249654028,53.3101073433436,579.721288120123,55
"348",2021-02-11,14039,612,433,51,46.3,58,1,11,44,1,3,18,15,1,730,45,2563,0.0152199995517731,58,0,1.48831968146488,1.57090793492707,55.2210942364875,601.406881616229,58
"349",2021-02-12,14090,615,435,52,43.4,51,0,8,42,3,2,18,16,2,733,42,2612,0.0157000005245209,173,0,1.47247401687786,1.56560070716595,49.2807611976948,604.468288966245,51
"350",2021-02-13,14125,616,435,45,41.1,35,0,4,30,6,2,22,20,0,739,30,2099,0.0219199991226196,46,0.0217400002479553,2.19161390068926,1.67336984379644,33.2353521357451,600.299230520632,35
"351",2021-02-14,14165,589,437,49,43.4,40,0,4,34,4,2,22,20,2,743,34,1175,0.0170200002193451,10,0,1.6876371525511,1.58347185333275,37.3326799503993,577.439661493682,40
"352",2021-02-15,14227,611,438,34,44.9,62,2,8,51,4,2,24,22,1,747,53,867,0.0265300011634827,26,0,2.57575711184093,1.75691534644643,59.4123420004039,592.696999287675,62
"353",2021-02-16,14280,608,438,61,47.6,53,3,13,34,3,2,25,23,0,750,37,1561,0.0333100008964539,23,0,3.28263329541442,1.98700844495083,48.5874615674137,584.788557648311,53
"354",2021-02-17,14338,625,439,50,48.9,58,5,6,44,2,2,26,24,1,752,49,2063,0.0184200000762939,222,0,1.66303983183345,2.0516392843817,54.0522912071946,612.911877642788,58
"355",2021-02-18,14410,642,439,68,51.3,72,3,12,53,3,3,27,24,0,755,56,2348,0.0212899994850159,116,0,2.02877105482213,2.12884662343274,66.6787127452199,626.852385400556,72
"356",2021-02-19,14464,647,440,58,52.1,54,2,16,33,1,3,27,24,1,756,35,2576,0.0151400005817413,96,0,1.45960484650321,2.12700817052207,50.4058726845631,636.017132197495,54
"357",2021-02-20,14513,627,440,66,55.1,49,0,3,45,4,3,27,24,0,760,45,2384,0.0255900001525879,68,0,2.48803264126303,2.16935370488975,46.6978987187889,608.857388815125,49
"358",2021-02-21,14553,613,440,53,55.7,40,0,7,31,2,4,25,21,0,762,31,1000,0.03,28,0,2.91828793774319,2.34516095991719,36.9478782160883,592.195140208456,40
"359",2021-02-22,14618,630,440,32,55.4,65,0,11,54,1,6,24,18,0,763,54,863,0.0150600004196167,66,0,1.39900757396439,2.17705388307769,64.121402416863,619.749694863401,65
"360",2021-02-23,14673,636,440,47,53.4,55,0,7,47,3,6,26,20,0,766,47,2036,0.019650000333786,84,0,1.88714154149001,1.97769791823135,52.9684779605677,622.041531551512,55
"361",2021-02-24,14721,643,441,60,54.9,48,2,10,36,1,6,25,19,1,767,38,2874,0.0187899994850159,41,0,1.85257147581254,2.00477386737122,47.1812812279155,629.146416567097,48
"362",2021-02-25,14754,638,441,44,51.4,33,1,5,25,1,6,24,18,0,768,26,2376,0.0185199999809265,128,0.00781000018119812,1.79725239528254,1.97169977315127,30.4565512454263,624.664603637769,33
"363",2021-02-26,14819,640,441,57,51.3,65,5,12,43,1,6,22,16,0,769,48,2639,0.0181900000572205,181,0,1.70224858691506,2.00636316463868,59.0497444857372,627.329926476496,65
"364",2021-02-27,14865,644,442,71,52,46,0,5,33,3,6,24,18,1,772,33,2535,0.0209100008010864,47,0.0212800002098083,2.09167358794017,1.94974044273542,37.1972431296602,628.334078045489,46
"365",2021-02-28,14931,657,442,50,51.6,66,2,9,54,7,6,29,23,0,779,56,1552,0.0257699990272522,94,0,2.42983222905804,1.87996105578039,63.417511750339,638.434021785227,66
"366",2021-03-01,15007,669,442,55,54.9,76,3,6,65,3,6,30,24,0,782,68,996,0.0291199994087219,45,0,2.78612098089213,2.07812011391293,71.7966420230178,647.322845785278,76
"367",2021-03-02,15074,680,443,62,57,67,1,7,58,3,4,30,26,1,785,59,2006,0.0259200000762939,41,0,2.54008403287961,2.17139761268287,64.2570847298215,659.912162987774,67
"368",2021-03-03,15135,692,443,65,57.7,61,1,5,51,6,5,33,28,0,791,52,2676,0.0209299993515015,109,0,2.01108360016581,2.19404220187619,55.7837869842629,675.815011405961,61
"369",2021-03-04,15189,685,443,61,60.1,54,2,3,49,1,5,32,27,0,792,51,2414,0.0202999997138977,225,0.00444000005722046,1.89477829944008,2.2079744738987,52.8761592974651,669.905276838502,54
"370",2021-03-05,15263,689,444,51,59.3,74,2,9,58,1,2,29,27,1,793,60,2440,0.0188499999046326,154,0,1.77309174122218,2.218094924514,67.7627466565829,674.79220743976,74
"371",2021-03-06,15318,702,445,46,55.7,55,3,3,47,0,2,27,25,1,793,50,1957,0.0209500002861023,25,0,2.06857470029779,2.21479508342224,51.797133605409,685.111755819943,55
"372",2021-03-07,15357,692,446,55,56.4,39,0,0,37,2,5,26,21,1,795,37,1752,0.0194099998474121,16,0.0625,1.97999545999242,2.15053268784143,36.1479950905596,676.065205477492,39
"373",2021-03-08,15442,736,447,39,54.1,85,2,10,66,6,4,30,26,1,801,68,1169,0.0196700000762939,142,0,1.75394584967106,2.00307909766699,76.6129207577231,720.986907024768,85
"374",2021-03-09,15499,742,447,70,55.3,57,0,8,46,1,3,28,25,0,802,46,2095,0.030550000667572,57,0,2.97408231405964,2.06507885212128,52.4089383979077,716.335484592338,57
"375",2021-03-10,15577,763,447,77,57,78,3,7,65,0,2,25,23,0,802,68,2655,0.0180799996852875,175,0,1.69619785033351,2.02009517357381,73.6585898136858,747.948588644739,78
"376",2021-03-11,15637,760,450,73,58.7,60,1,6,50,1,2,21,19,3,803,51,2322,0.0288499999046326,86,0,2.78196427651814,2.14683602744211,55.3499469632552,735.410974354392,60
"377",2021-03-12,15711,757,450,97,65.3,74,2,4,63,2,2,18,16,0,805,65,2358,0.0216300010681152,133,0,2.04751274663251,2.18603902821501,67.4521953412723,738.974028820664,74
"378",2021-03-13,15771,767,450,56,66.7,60,4,4,47,4,4,22,18,0,809,51,2353,0.0191199994087219,96,0,1.83705016777144,2.15296409499696,53.9103993054226,750.613260142336,60
"379",2021-03-14,15823,775,450,65,68.1,52,1,6,42,2,3,23,20,0,811,43,1534,0.0293400001525879,36,0,2.86672358178789,2.27963954096774,47.5663918762947,749.161714049498,52
"380",2021-03-15,15913,804,451,59,71,90,1,3,82,4,5,25,20,1,815,83,998,0.0300600004196167,13,0,2.96734722243101,2.45298259421916,83.1356727207599,776.253986355313,90
"381",2021-03-16,15992,812,452,85,73.1,79,1,6,69,5,6,27,21,1,820,70,1585,0.0340700006484985,9,0,3.387763552564,2.5120799140055,73.2420441468912,780.007712103938,79
"382",2021-03-17,16065,824,453,78,73.3,73,2,5,62,3,5,27,22,1,823,64,2838,0.0264299988746643,175,0,2.48949010309649,2.62540737868593,67.1470378131181,800.143111843895,73
"383",2021-03-18,16149,852,454,62,71.7,84,3,3,76,2,5,24,19,1,825,79,2562,0.0273200011253357,160,0,2.57141230283285,2.59532852530231,79.6374827539335,826.520700080397,84
"384",2021-03-19,16259,885,456,117,74.6,110,7,4,92,2,4,24,20,2,827,99,2616,0.0401399993896484,96,0,3.87191144555016,2.85595691086198,98.5420336153064,845.148482318648,110
"385",2021-03-20,16329,904,457,84,78.6,70,3,4,60,5,5,28,23,1,832,63,1994,0.0431300020217895,150,0.00666999995708466,4.05791623250984,3.17322349153889,64.0268295628941,861.337363886607,70
"386",2021-03-21,16399,917,458,88,81.9,70,8,3,58,3,5,28,23,1,835,66,1306,0.0421099996566772,87,0,3.94800140356213,3.32769175179235,65.969617755759,874.896052758046,70
"387",2021-03-22,16553,998,459,55,81.3,154,4,6,138,5,8,31,23,1,840,142,1141,0.0473299980163574,130,0,4.24890068738504,3.51077081821436,140.983167601242,948.684515958026,154
"388",2021-03-23,16684,1043,460,111,85,131,3,2,125,4,9,31,22,1,844,128,1958,0.0316599988937378,153,0,2.9365361361411,3.44630975872537,125.628590437926,1007.37984239654,128
"389",2021-03-24,16802,1098,460,94,87.3,118,2,4,108,4,9,32,23,0,848,110,3096,0.0432800006866455,47,0,4.2632797367437,3.69970827781783,108.546030638522,1043.55946946452,117
"390",2021-03-25,16967,1194,461,124,96.1,165,2,5,154,7,10,38,28,1,855,156,2990,0.0354500007629395,280,0,3.24145266914951,3.79542833014878,155.119145132818,1148.98884159349,159
"391",2021-03-26,17107,1271,462,114,95.7,140,5,3,127,4,11,40,29,1,859,132,2385,0.0654099988937378,117,0,6.23512579382752,4.13303037990269,125.428162219408,1178.83480440051,138
"392",2021-03-27,17250,1361,464,139,103.6,143,2,4,135,5,13,42,29,2,864,137,2455,0.0562099981307983,117,0,5.36530114351127,4.3197996529029,132.451481636315,1276.0763978615,143
"393",2021-03-28,17356,1399,465,141,111.1,106,3,3,97,5,13,43,30,1,869,100,2466,0.0766400003433228,156,0,7.20801833892578,4.78551635795485,94.617142924313,1281.72382951114,114
"394",2021-03-29,17495,1490,465,121,120.6,139,0,2,131,4,12,45,33,0,873,131,1630,0.0773000001907349,40,0,7.54485031801783,5.2563663051881,121.505287783924,1359.25861677899,146
"395",2021-03-30,17621,1547,466,168,128.7,126,2,6,117,5,13,46,33,1,878,119,1967,0.0416900014877319,64,0,4.03762840602505,5.41366520088581,119.412088911193,1474.35715584551,139
"396",2021-03-31,17831,1664,467,176,140.4,210,2,4,202,8,15,52,37,1,886,204,3000,0.0736700010299683,209,0,6.88719236802446,5.78850986249735,191.660131400785,1530.71793456327,172
"397",2021-04-01,18022,1759,468,210,152.7,191,0,2,186,3,15,50,35,1,889,186,2630,0.0714799976348877,99,0.0100999999046326,6.92533139502797,6.31477825190855,173.019383603762,1617.32847182268,159
"398",2021-04-02,18142,1788,468,236,170.1,120,0,5,115,4,15,52,37,0,893,115,3080,0.0821399974822998,98,0,7.96070460180879,6.56128951019159,109.353042316902,1622.46295358801,127
"399",2021-04-03,18320,1904,468,184,176.6,178,0,2,175,9,15,55,40,0,902,175,2852,0.0946700000762939,36,0,9.34899031224343,7.13038796286762,157.972622386239,1696.98213156228,166
"400",2021-04-04,18435,1965,469,215,187.1,115,0,1,114,3,17,56,39,1,905,114,1789,0.0972599983215332,139,0,9.02479963678542,7.38992814827614,103.034837564855,1758.75838434159,164
"401",2021-04-05,18436,1852,469,141,190,1,0,0,1,0,18,56,38,0,905,1,NA,NA,NA,NA,NA,NA,NA,NA,158
