"","date","observed_cumulative_cases","observed_active_cases","observed_cumulative_deaths","observed_new_cases","observed_daily_average_cases","observed_new_episodes","observed_new_cases_community_outbreak","observed_new_cases_institution_outbreak","observed_new_cases_sporadic","observed_new_ICU_p_acute_care","observed_census_ICU","observed_census_ICU_p_acute_care","observed_census_acute_care","observed_new_deaths","cumulative_hosp","observed_new_community_cases","num_non_ltch_tests","non_ltch_pct_positivity","num_ltch_tests","ltch_pct_positivity","observed_pct_positivity","pct_positivity_7_day","adjusted_new_episodes","adjusted_active_cases","adjusted_episode_cases"
"1",2020-03-01,7,7,0,0,0,2,0,0,2,0,0,1,1,0,0,2,NA,NA,NA,NA,NA,NA,NA,NA,2
"2",2020-03-02,10,10,0,0,0,3,2,0,1,0,0,1,1,0,0,3,NA,NA,NA,NA,NA,NA,NA,NA,3
"3",2020-03-03,11,11,0,0,0,1,0,0,1,0,0,1,1,0,0,1,NA,NA,NA,NA,NA,NA,NA,NA,1
"4",2020-03-04,12,12,0,0,0,1,0,0,1,0,0,1,1,0,0,1,NA,NA,NA,NA,NA,NA,NA,NA,1
"5",2020-03-05,18,17,0,0,0,6,2,0,4,0,0,1,1,0,0,6,NA,NA,NA,NA,NA,NA,NA,NA,6
"6",2020-03-06,23,22,0,0,0,5,0,1,4,0,0,1,1,0,0,4,NA,NA,NA,NA,NA,NA,NA,NA,5
"7",2020-03-07,27,26,0,0,0,4,0,0,4,0,0,1,1,0,0,4,NA,NA,NA,NA,NA,NA,NA,NA,4
"8",2020-03-08,36,35,0,0,0,9,1,0,8,0,0,1,1,0,0,9,NA,NA,NA,NA,NA,NA,NA,NA,9
"9",2020-03-09,45,44,0,1,0.1,9,0,0,9,0,0,1,1,0,0,9,NA,NA,NA,NA,NA,NA,NA,NA,9
"10",2020-03-10,52,51,0,0,0.1,7,1,0,6,0,0,1,1,0,0,7,NA,NA,NA,NA,NA,NA,NA,NA,7
"11",2020-03-11,61,60,0,0,0.1,9,0,0,9,0,0,1,1,0,0,9,NA,NA,NA,NA,NA,NA,NA,NA,9
"12",2020-03-12,75,74,0,3,0.6,14,1,0,13,0,0,1,1,0,0,14,NA,NA,NA,NA,NA,NA,NA,NA,14
"13",2020-03-13,97,96,0,1,0.7,22,2,2,18,0,0,1,1,0,0,20,NA,NA,NA,NA,NA,NA,NA,NA,22
"14",2020-03-14,115,114,0,4,1.3,18,1,1,16,1,0,2,2,0,1,17,NA,NA,NA,NA,NA,NA,NA,NA,18
"15",2020-03-15,142,140,0,4,1.9,27,1,0,26,0,0,2,2,0,1,27,NA,NA,NA,NA,NA,NA,NA,NA,27
"16",2020-03-16,157,155,0,0,1.7,15,0,0,15,0,0,2,2,0,1,15,NA,NA,NA,NA,NA,NA,NA,NA,15
"17",2020-03-17,180,177,0,5,2.4,23,1,0,22,2,0,4,4,0,3,23,133,0.00751999974250793,4,0,0.730043770623033,0.730043770623033,22.3922770707948,172.323175718725,23
"18",2020-03-18,196,192,0,4,3,16,0,0,16,0,0,3,3,0,3,16,205,0.0146300005912781,1,0,1.45589811709321,1.09297094385812,15.1568985156206,181.882782187447,16
"19",2020-03-19,221,217,0,1,2.7,25,0,0,25,4,0,7,7,0,7,25,114,0.0263199996948242,6,0,2.5003999710083,1.56211395290818,22.7375531742777,197.36196155273,25
"20",2020-03-20,243,239,0,2,2.9,22,1,1,20,3,1,10,9,0,10,21,137,0.00730000019073486,6,0,0.69937064764383,1.34642812659209,21.4684359730868,232.950295122274,22
"21",2020-03-21,263,259,0,4,2.9,20,0,2,18,3,1,10,9,0,13,18,208,0.0144200003147125,3,0,1.42149766135555,1.36144203354478,19.0739220546806,245.674767342349,20
"22",2020-03-22,289,284,0,7,3.3,26,0,1,25,3,5,13,8,0,16,25,154,0.0194799995422363,2,0,1.92302559583615,1.45503929392668,24.2599811208093,264.233385532394,26
"23",2020-03-23,310,305,0,9,4.6,21,2,0,19,4,5,17,12,0,20,21,136,0.0294099998474121,2,0,2.89837679655656,1.66123036573095,18.7970581884158,273.004892736516,21
"24",2020-03-24,328,321,1,8,5,18,1,3,14,3,7,20,13,1,23,15,262,0.0381699991226196,4,0,3.75960141734073,2.09402431526205,15.958910960342,277.320694551318,18
"25",2020-03-25,351,344,1,8,5.6,23,0,1,22,4,8,23,15,0,27,22,148,0.0337800002098083,2,0,3.33296002070109,2.36217601577746,20.3461176140842,302.50292996568,23
"26",2020-03-26,365,354,1,19,8.1,14,1,3,10,2,7,25,18,0,29,11,281,0.0284699988365173,4,0,2.80704199054785,2.40598201856882,12.8824409460402,318.034917718022,14
"27",2020-03-27,382,362,1,27,11.7,17,3,2,12,5,9,26,17,0,34,15,572,0.0297199988365173,4,0,2.95136099557082,2.72769492541553,15.3977049927823,323.331280492479,17
"28",2020-03-28,407,384,2,26,14.9,25,1,1,23,3,8,25,17,1,37,24,364,0.0824199962615967,3,0,8.17462633221286,3.69242759268086,17.899187607273,270.387001716367,25
"29",2020-03-29,426,396,2,11,15.4,19,5,4,10,7,8,31,23,0,44,15,187,0.0481300020217895,0,0,4.81300020217896,4.10528110787269,16.3870203593316,327.017337486355,19
"30",2020-03-30,451,406,3,48,21,25,8,3,14,4,12,32,20,1,48,22,545,0.0825699996948242,0,0,8.25699996948242,4.87079870400496,18.42533164412,284.66748397785,25
"31",2020-03-31,468,403,3,51,27.1,17,2,3,12,6,13,34,21,0,54,14,937,0.0586999988555908,0,0,5.86999988555908,5.17228419946473,14.0256298405242,317.380630409375,17
"32",2020-04-01,495,405,3,37,31.3,27,6,4,16,3,15,33,18,0,57,22,581,0.0636800003051758,4,0.25,6.4953983209072,5.62406109949417,20.8280138116578,309.788436078246,27
"33",2020-04-02,512,401,6,32,33.1,17,5,4,7,6,14,34,20,3,63,12,110,0.0818200016021729,10,0,7.50016681353251,6.29450750277769,12.7425252670458,292.146052673779,17
"34",2020-04-03,539,406,6,26,33,27,3,4,19,5,14,37,23,0,68,22,218,0.114680004119873,2,0,11.3637458627874,7.49627676952292,16.9515731374025,239.015395172065,27
"35",2020-04-04,556,414,7,18,31.9,17,3,7,6,7,14,43,29,1,75,9,316,0.0253200006484985,3,0,2.50818815201428,6.68678560092312,15.1829822188815,376.417182068547,17
"36",2020-04-05,583,425,8,40,36,27,4,8,13,4,13,43,30,1,79,17,421,0.0665100002288818,5,0.2,6.80767842637541,6.97173963295119,20.8113232983062,320.283082457656,27
"37",2020-04-06,602,425,9,40,34.9,19,3,7,9,4,12,44,32,1,83,12,238,0.121850004196167,4,0.25,12.3968185944991,7.56314229366785,13.6158099753546,234.309936627143,19
"38",2020-04-07,625,423,9,25,31.1,23,2,11,10,4,14,45,31,0,87,12,284,0.102110004425049,6,0,9.99973836438409,8.1531049335,18.6569105903936,269.906098311374,23
"39",2020-04-08,645,426,11,26,29.6,20,1,10,8,5,16,44,28,2,92,9,369,0.0433599996566772,6,0.333330001831055,4.79995196914673,7.91089831181993,17.4364625500051,351.992560700241,20
"40",2020-04-09,681,434,11,25,28.6,36,1,20,13,6,16,47,31,0,98,14,293,0.0955599975585937,5,0,9.39566418948589,8.18168365124184,29.2391509815165,286.413680427011,36
"41",2020-04-10,715,450,11,36,30,34,0,20,13,4,16,49,33,0,102,13,332,0.0903600025177002,9,0,8.797513441606,7.8150790196445,28.8606497251173,306.714798177138,34
"42",2020-04-11,759,480,11,31,31.9,44,0,34,8,5,19,53,34,0,107,8,227,0.101319999694824,11,0.363639984130859,11.3444032588927,9.07739546348427,38.7152635494622,282.91581296773,44
"43",2020-04-12,792,495,13,35,31.1,33,0,18,14,1,18,49,31,2,108,14,227,0.101319999694824,11,0.545449981689453,12.1847015669366,9.84554162642158,25.8259261585382,276.702389176885,33
"44",2020-04-13,816,502,16,16,27.7,24,0,19,5,3,20,51,31,3,111,5,164,0.0548799991607666,26,0.0384599995613098,5.26330518471567,8.82646828216681,23.0475165376709,406.370660382157,24
"45",2020-04-14,849,502,18,32,28.7,33,0,26,7,5,20,50,30,2,116,7,205,0.0585400009155273,18,0.166669998168945,6.72679827566104,8.35890541234923,31.2957420400329,379.780357728077,33
"46",2020-04-15,878,500,24,60,33.6,29,2,18,9,4,16,50,34,6,120,11,392,0.1071399974823,25,0.2,11.2707143916215,9.28330004413133,24.5128249041643,296.037495643832,29
"47",2020-04-16,948,549,24,21,33,70,1,55,13,7,13,52,39,0,127,14,309,0.0355999994277954,10,0,3.44840119849178,8.43369104541789,67.2526708990357,480.479737397899,70
"48",2020-04-17,980,553,26,73,38.3,32,0,26,6,0,13,49,36,2,127,6,376,0.0851099967956543,66,0.5,14.706189772662,9.27778766414017,28.8064015912258,258.656679991313,32
"49",2020-04-18,1020,575,31,31,38.3,40,0,31,9,1,11,46,35,5,128,9,422,0.0616099977493286,8,0,6.0463765233062,8.52092670191354,38.030451931243,449.167762273859,40
"50",2020-04-19,1037,578,35,38,38.7,17,0,13,4,5,15,47,32,4,133,4,452,0.0442500019073486,47,0.127659997940063,5.21062540386865,7.52463010718954,16.2456398629532,468.994960196732,17
"51",2020-04-20,1098,614,39,16,38.7,61,1,47,13,3,13,45,32,4,136,14,325,0.0523099994659424,43,0.0232599997520447,4.89155701515467,7.47152322582369,58.5214137133045,505.296287140642,61
"52",2020-04-21,1134,627,47,51,41.4,36,0,26,10,2,11,43,32,8,138,10,544,0.069850001335144,25,0.36,8.25982438072379,7.69052695511837,33.0104921343993,439.557856826837,36
"53",2020-04-22,1175,644,54,35,37.9,41,1,31,9,4,9,45,36,7,142,10,655,0.0244300007820129,122,0.106560001373291,3.73255735904247,6.61364737903565,39.6490621265866,556.999600952177,41
"54",2020-04-23,1220,659,57,50,42,45,0,35,10,5,11,48,37,3,147,10,774,0.0361800003051758,105,0.0285700011253357,3.52709560345464,6.62488943688749,43.7234256367653,574.873749462831,45
"55",2020-04-24,1261,666,65,38,37,41,0,36,5,7,10,48,38,8,154,5,519,0.040460000038147,94,0.106379995346069,5.05684495633423,5.24641160598352,40.08487898318,544.105880559583,41
"56",2020-04-25,1362,738,78,53,40.1,101,0,95,6,4,9,48,39,13,158,6,557,0.0502699995040894,28,0.0357100009918213,4.95731106864081,5.09083082674561,99.923469574013,605.586757603595,101
"57",2020-04-26,1416,757,87,88,47.3,54,0,41,13,5,9,50,41,9,163,13,356,0.0505600023269653,81,0.0123500001430511,4.34775991761712,4.96756432870967,51.954319555228,637.878454100584,54
"58",2020-04-27,1477,781,95,87,57.4,61,0,54,7,8,11,56,45,8,171,7,269,0.0594799995422363,81,0.098769998550415,6.85728278841291,5.248382296318,59.2626833306148,587.165097315733,61
"59",2020-04-28,1498,777,103,65,59.4,21,0,14,7,7,13,61,48,8,178,7,502,0.0597599983215332,11,0.272730007171631,6.43266066984359,4.9873589090494,19.3702628351419,596.099174700755,21
"60",2020-04-29,1523,766,111,29,58.6,25,0,17,8,7,13,62,49,8,185,8,669,0.0328800010681152,74,0.148649997711182,4.44102564538311,5.08856866424092,23.7141149267831,642.876504239482,25
"61",2020-04-30,1543,756,122,30,55.7,20,0,10,10,2,11,56,45,11,187,10,604,0.0430499982833862,5,0.4,4.59806222712074,5.24156389619321,18.33580684517,630.186997494849,20
"62",2020-05-01,1566,740,135,42,56.3,23,0,16,7,6,11,57,46,13,193,7,516,0.031010000705719,55,0.0909099960327148,3.67797025323123,5.04458179574993,22.0681733235154,641.492608485917,23
"63",2020-05-02,1587,741,139,22,51.9,21,0,15,6,4,12,57,45,4,197,6,508,0.049210000038147,27,0.037039999961853,4.85958131184088,5.03062040192137,19.9446925828705,610.669533984511,21
"64",2020-05-03,1606,722,148,23,42.6,19,0,13,6,3,12,52,40,9,200,6,830,0.0216899991035461,231,0.0043299999833107,1.79103951480566,4.66537463009116,18.6110575864343,675.197262900922,19
"65",2020-05-04,1624,719,152,14,32.1,18,0,11,7,6,10,52,42,4,206,7,632,0.0110800004005432,24,0.125,1.5247805263938,3.90358859265986,17.6136915003514,679.320598393237,18
"66",2020-05-05,1649,719,156,29,27,25,0,24,1,3,9,50,41,4,209,1,923,0.0292499995231628,29,0.172409992218018,3.36109656871868,3.46479372107058,24.8783506262836,631.534100297883,25
"67",2020-05-06,1665,693,161,23,26.1,16,0,11,5,4,10,52,42,5,213,5,599,0.016690000295639,149,0.0134200000762939,1.60386232465984,3.05948467525297,15.7097541779399,652.771929062464,16
"68",2020-05-07,1688,671,167,32,26.4,23,0,16,7,6,10,54,44,6,219,7,811,0.0345300006866455,236,0.0169500005245209,3.05673645469498,2.83929527919215,22.2255650874378,596.764881952962,23
"69",2020-05-08,1701,638,173,16,22.7,13,0,8,5,4,8,54,46,6,223,5,723,0.00967999994754791,125,0.0480000019073486,1.5328585142094,2.53285074504618,12.7226035098412,602.604207855735,13
"70",2020-05-09,1718,622,179,12,21.3,17,0,12,5,5,7,52,45,6,228,5,1097,0.0154999995231628,172,0.0290700006484985,1.73392746953912,2.0863287675745,16.6862167057289,582.965358192677,17
"71",2020-05-10,1730,553,185,25,21.6,12,0,8,4,3,6,53,47,6,231,4,894,0.0178999996185303,308,0.0129900002479553,1.6641863340546,2.06820688461006,11.7590700283124,519.691431414185,12
"72",2020-05-11,1750,534,188,14,21.6,20,0,14,6,1,6,52,46,3,232,6,514,0.0116700005531311,186,0.0161300003528595,1.28550862142018,2.03402518389954,19.7208387521651,509.154648942695,20
"73",2020-05-12,1773,517,193,13,19.3,23,0,17,6,4,7,52,45,5,236,6,844,0.0118499994277954,330,0.00303000003099442,0.937078324300467,1.68773686326837,22.7965039285059,499.465421839596,23
"74",2020-05-13,1794,499,195,21,19,21,0,15,6,2,8,48,40,2,238,6,1248,0.0144200003147125,222,0.0135099995136261,1.42825716223036,1.66265041149273,20.6898394573217,473.20498153392,21
"75",2020-05-14,1808,471,198,25,18,14,0,10,4,2,7,46,39,3,240,4,1054,0.0265700006484985,127,0.0236199998855591,2.62527694064212,1.60101333805661,13.6199296400662,426.246715117792,14
"76",2020-05-15,1828,457,201,17,18.1,20,0,12,8,1,6,45,39,3,241,8,1163,0.012039999961853,137,0.0146000003814697,1.23097846214588,1.55788761633325,19.6435740398008,436.639167023622,20
"77",2020-05-16,1844,437,207,19,19.1,16,0,6,10,1,5,43,38,6,242,10,965,0.0134700000286102,25,0.04,1.41399495228372,1.51218297101105,15.4882277350065,414.635552019782,16
"78",2020-05-17,1856,397,212,15,17.7,12,0,9,3,1,3,43,40,5,243,3,354,0.0254200005531311,10,0.1,2.74689016368363,1.66685494667234,11.7017424570392,357.530585148194,12
"79",2020-05-18,1871,389,213,26,19.4,15,0,8,7,2,2,44,42,1,245,7,376,0.0398900008201599,17,0.0588199996948242,4.07088557333133,2.0647659398025,13.9686268476985,331.685120536387,15
"80",2020-05-19,1883,352,219,23,20.9,12,0,8,4,0,2,41,39,6,245,4,359,0.0390000009536743,31,0.225809993743896,5.38490003805894,2.700169041768,11.2204095255672,283.396038249912,12
"81",2020-05-20,1898,338,223,17,20.3,15,0,9,6,3,2,42,40,4,248,6,675,0.0296300005912781,36,0.0555600023269653,3.0942912071566,2.93817390532889,14.3280432506162,300.146436451379,15
"82",2020-05-21,1906,324,229,11,18.3,8,0,1,7,0,2,39,37,6,248,7,478,0.0209200000762939,36,0,1.94547860631683,2.84105985756813,7.50710616479201,301.186056770373,8
"83",2020-05-22,1913,308,233,7,16.9,7,0,3,4,1,2,37,35,4,249,4,517,0.00579999983310699,14,0,0.564708081679156,2.74587837464432,6.91824527136979,301.704885895474,7
"84",2020-05-23,1922,304,236,6,15,9,1,3,5,1,1,36,35,3,250,6,581,0.00861000001430511,43,0,0.801668270562704,2.65840313439846,8.82590959638009,295.179419549924,9
"85",2020-05-24,1931,300,237,8,14,9,0,3,6,1,2,37,35,1,251,6,331,0.015110000371933,25,0.04,1.68578936042411,2.50681730536138,8.63391372597497,281.695686298748,9
"86",2020-05-25,1946,296,240,6,11.1,15,1,7,7,0,2,36,34,3,251,8,401,0.0174600005149841,8,0,1.71184846124906,2.16981200363534,14.5043396368994,277.660566565279,15
"87",2020-05-26,1952,286,243,16,10.1,6,0,2,4,1,2,36,34,3,252,4,1123,0.00800999999046326,41,0.0731699991226196,1.03051545990701,1.54775706389935,5.85080873727995,275.332824715516,6
"88",2020-05-27,1957,258,243,8,8.9,5,0,1,4,1,2,34,32,0,253,4,1150,0.00957000017166138,13,0.0769199991226196,1.03228376491871,1.25318457215108,4.85055273368967,248.360651322984,5
"89",2020-05-28,1961,233,244,4,7.9,4,0,2,2,1,1,31,30,1,254,2,1405,0.00284999996423721,88,0,0.268201604136188,1.01357357183956,3.98058576627844,230.738241771439,4
"90",2020-05-29,1968,223,247,7,7.9,7,0,3,4,2,1,32,31,3,256,4,1380,0.0065200001001358,37,0,0.634975309681539,1.02361174726847,6.90807244341973,217.87503872065,7
"91",2020-05-30,1971,205,248,15,9.1,3,1,1,1,0,1,31,30,1,256,2,1017,0.0127799999713898,119,0,1.14412499743868,1.07253413682219,2.91718054715411,196.511006083297,3
"92",2020-05-31,1975,190,249,10,9.4,4,0,1,3,3,1,34,33,1,259,3,1308,0.00535000026226044,11,0.0909099960327148,0.606354078801859,0.918329096590435,3.93416202799126,185.83026177278,4
"93",2020-06-01,1986,180,250,5,9.3,11,0,5,6,0,1,31,30,1,259,6,765,0.00130999997258186,20,0,0.127662417710207,0.692016804656314,10.9722768099445,179.168304298335,11
"94",2020-06-02,1989,161,251,8,8.1,3,0,1,2,0,1,26,25,1,259,2,857,0.00933000028133392,9,0,0.923303722991128,0.676700842239759,2.93316507434076,155.619788484431,3
"95",2020-06-03,1999,152,251,8,8.1,10,0,7,3,0,0,22,22,0,259,3,1112,0.00540000021457672,137,0,0.480768633995942,0.597912966393649,9.94779810514304,149.355103993914,10
"96",2020-06-04,2006,142,254,8,8.7,7,0,2,5,0,0,20,20,3,259,5,1431,0.00488999992609024,21,0,0.481927678666332,0.628445262755098,6.91278709330758,139.523153449935,7
"97",2020-06-05,2010,133,256,15,9.9,4,0,1,3,1,0,21,21,2,260,3,1371,0.00948000013828278,29,0,0.928362870684692,0.670357771469834,3.89919828886966,128.531124139888,4
"98",2020-06-06,2013,124,257,2,8,3,0,0,3,0,0,21,21,1,260,3,1398,0.000719999969005585,68,0,0.0686602971807508,0.516719957147273,2.99254485970832,123.691854201277,3
"99",2020-06-07,2014,116,258,4,7.1,1,0,0,1,0,0,20,20,1,260,1,872,0.00229000002145767,22,0,0.223364655336811,0.462007182366552,0.991915682909858,115.062219217544,1
"100",2020-06-08,2017,108,258,0,6.4,3,0,0,3,0,0,19,19,0,260,3,701,0.0014300000667572,12,0,0.140593274445554,0.463854447614458,2.98473437156413,107.450437376309,3
"101",2020-06-09,2027,105,259,3,5.7,10,0,3,7,0,0,18,18,1,260,7,1336,0.00224999994039536,10,0,0.223328374470148,0.363857969254318,9.94341897225395,104.151284583809,10
"102",2020-06-10,2037,103,259,7,5.6,10,0,4,6,0,0,17,17,0,260,6,1283,0.00233999997377396,12,0,0.231831657633358,0.328295544059664,9.94965540195206,102.135751066844,10
"103",2020-06-11,2044,102,260,5,5.1,7,0,2,5,0,0,16,16,1,260,5,1529,0.00326999992132187,6,0,0.325721816267175,0.305980420859784,6.94105516734709,100.797525413881,7
"104",2020-06-12,2048,105,260,10,4.4,4,0,2,2,0,0,16,16,0,260,2,1595,0.00814999997615814,13,0,0.808411067286831,0.288844448945804,3.94148177653916,101.927793268306,4
"105",2020-06-13,2051,103,260,6,5,3,0,3,0,0,0,16,16,0,260,0,1479,0.00270000010728836,23,0.0434800004959106,0.332446083228058,0.326528132666848,3,101.760668945325,3
"106",2020-06-14,2054,100,260,1,4.6,3,0,1,2,0,0,16,16,0,260,2,768,0,13,0,0,0.294618896190161,3,100,3
"107",2020-06-15,2059,98,260,2,4.9,5,0,2,3,0,0,14,14,0,260,3,720,0.00555999994277954,17,0,0.543175028331244,0.352130575316688,4.94102201409813,96.0733857938723,5
"108",2020-06-16,2063,97,260,3,4.9,4,0,1,3,1,0,14,14,0,261,3,1250,0.000799999982118607,14,0,0.0791139222822989,0.331528510718424,3.99140980429947,96.7222503390162,4
"109",2020-06-17,2066,87,260,8,5,3,0,0,3,1,1,6,5,0,262,3,1097,0.00912000000476837,26,0,0.89088512958423,0.425679006711405,2.90326762484972,84.1947611206418,3
"110",2020-06-18,2068,73,260,2,4.6,2,0,0,2,0,1,6,5,0,262,2,1300,0.00231000006198883,120,0,0.21147887891447,0.40935858708959,1.98469173815853,72.4412484427865,2
"111",2020-06-19,2071,71,260,5,3.9,3,0,0,3,0,1,5,4,0,262,3,1878,0.00105999998748302,20,0,0.104883033534938,0.308854582267891,2.9886117922391,70.730479082992,3
"112",2020-06-20,2077,71,261,1,3.1,6,0,0,6,1,1,5,4,1,263,6,1794,0.00111000001430511,158,0,0.102015370167181,0.27593590897348,5.9778463266915,70.7378481991827,6
"113",2020-06-21,2083,75,261,1,3.1,6,0,0,6,0,1,4,3,0,263,6,1102,0.00363000005483627,86,0,0.336722227308887,0.324039084303321,5.92687734988082,74.0859668735103,6
"114",2020-06-22,2085,74,262,6,3.7,2,0,1,1,0,1,1,0,1,263,1,510,0.00391999989748001,10,0,0.384461528406693,0.301365727171243,1.98608504599838,72.9702934038798,2
"115",2020-06-23,2094,79,262,4,3.9,9,0,0,9,0,1,1,0,0,263,9,1256,0.00158999994397163,20,0,0.156507831475578,0.31242199991314,8.94901910325301,78.5525010174431,9
"116",2020-06-24,2096,73,263,3,3.1,2,0,0,2,1,1,2,1,1,264,2,1733,0.00289000004529953,24,0,0.285052366448724,0.225874462322353,1.97936599490916,72.2468588141843,2
"117",2020-06-25,2102,71,263,6,3.7,6,0,0,6,0,1,2,1,0,264,6,1798,0.00277999997138977,21,0.0476200008392334,0.329766903033684,0.242772751482241,5.92838776915877,70.1525886017122,6
"118",2020-06-26,2106,65,263,6,3.9,4,0,0,4,0,1,2,1,0,264,4,2029,0.00196999996900558,23,0,0.194791907266683,0.255616876301061,3.97179930651852,64.541738730926,4
"119",2020-06-27,2109,67,263,3,4.1,3,0,0,3,0,1,1,0,0,264,3,1574,0.000640000030398369,80,0,0.0609044768952257,0.249743891547925,2.993386987265,66.8523093822517,3
"120",2020-06-28,2111,66,263,2,4.3,2,0,0,2,0,1,1,0,0,264,2,879,0.00114000000059605,12,0,0.112464646523448,0.217707094292862,1.99185905341599,65.7313487627277,2
"121",2020-06-29,2115,67,263,1,3.6,4,0,0,4,2,1,3,2,0,266,4,855,0.00351000010967255,8,0,0.347746244932796,0.212462053796591,3.94965558169078,66.1567309933205,4
"122",2020-06-30,2118,66,263,10,4.4,3,0,1,2,0,1,3,2,0,266,2,1605,0.00435999989509583,11,0,0.433032167798812,0.251965530414196,2.96865422284973,64.9655893540411,3
"123",2020-07-01,2120,65,263,4,4.6,2,0,0,2,0,2,3,1,0,266,2,1601,0.00312000006437302,15,0,0.309103966773589,0.255401473317748,1.97762497851372,64.2728118016959,2
"124",2020-07-02,2126,64,263,4,4.3,6,0,1,5,0,1,3,2,0,266,5,1012,0.00197999998927116,12,0,0.195679686439689,0.236246156661463,5.9645884745979,63.5467324748532,6
"125",2020-07-03,2134,72,263,4,4,8,0,0,8,0,1,3,2,0,266,8,1332,0.00300000011920929,14,0,0.296879655184753,0.250830120649759,7.91403942520784,71.2263548268706,8
"126",2020-07-04,2137,72,263,4,4.1,3,0,0,3,0,1,3,2,0,266,3,1259,0.00238000005483627,40,0,0.230671290919081,0.275082522653167,2.97495369368215,71.3988886483716,3
"127",2020-07-05,2139,69,263,5,4.6,2,0,0,2,0,1,2,1,0,266,2,736,0.00407999992370605,46,0,0.383999992819393,0.313873286409731,1.97220350104287,68.0410207859791,2
"128",2020-07-06,2145,69,263,0,4.4,6,0,1,5,0,1,2,1,0,266,5,601,0,11,0,0,0.264195251419331,6,69,6
"129",2020-07-07,2152,70,263,6,3.9,7,0,1,6,0,1,1,0,0,266,6,1271,0.0039300000667572,21,0,0.386612235669381,0.257563832543698,6.91604322807383,69.020504327528,7
"130",2020-07-08,2165,76,263,5,4,13,0,1,12,0,1,1,0,0,266,12,1685,0.00296999990940094,39,0,0.290281313650846,0.254874882097592,12.8739249315148,75.2015245662605,13
"131",2020-07-09,2173,80,263,5,4.1,8,0,0,8,1,0,2,2,0,267,8,1503,0.00266000002622604,41,0,0.258936531050372,0.263911574184832,7.92502573802194,79.2502573802194,8
"132",2020-07-10,2189,93,263,12,5.3,16,0,0,16,0,0,2,2,0,267,16,1900,0.00684000015258789,14,0.0714300012588501,0.73124453017455,0.325963699183375,15.5765408708232,90.5386438116597,16
"133",2020-07-11,2196,98,263,7,5.7,7,0,0,7,1,1,2,1,0,268,7,1571,0.00381999999284744,25,0,0.376016290022765,0.346727270483901,6.90473495278322,96.6662893389651,7
"134",2020-07-12,2219,118,263,9,6.3,23,0,2,21,1,1,3,2,0,269,21,1068,0.00842999994754791,13,0,0.832862159480219,0.410850437149733,22.3669743435067,114.442998692085,23
"135",2020-07-13,2242,136,263,6,7.1,23,0,2,21,0,0,3,3,0,269,21,807,0.00620000004768372,65,0,0.573784408082656,0.492819638304399,22.5638891172114,133.175662854321,23
"136",2020-07-14,2261,146,263,4,6.9,19,0,2,17,1,0,4,4,0,270,17,1406,0.00426999986171722,65,0,0.408131869855501,0.495893871759558,18.7488817262785,143.843337178627,19
"137",2020-07-15,2282,166,263,15,8.3,21,0,0,21,1,0,5,5,0,271,21,1405,0.00712000012397766,46,0,0.689427992707692,0.552914825910537,20.4759929926928,161.85784937081,21
"138",2020-07-16,2304,184,263,7,8.6,22,0,1,21,0,0,5,5,0,271,21,1692,0.00591000020503998,25,0.04,0.64063601321652,0.607443323362843,21.5130778506101,179.733634500583,22
"139",2020-07-17,2334,211,263,17,9.3,30,0,0,29,0,1,5,4,0,271,29,1790,0.00837999999523163,21,0,0.82828271625978,0.621305921375019,28.1306283299634,204.674571642147,30
"140",2020-07-18,2360,230,263,16,10.6,26,0,0,24,2,1,6,5,0,273,24,1556,0.00707000017166138,81,0,0.672017120776121,0.663591754339784,23.4162586391836,224.405811958842,26
"141",2020-07-19,2378,248,263,28,13.3,18,0,0,18,0,1,6,5,0,273,18,2020,0.0212899994850159,22,0,2.10606263269991,0.845477536228311,16.6279413546521,229.096080886318,18
"142",2020-07-20,2408,273,263,47,19.1,30,0,0,27,2,3,8,5,0,275,27,1548,0.0148599994182587,35,0.0285700011253357,1.51631264301018,0.980124426932243,25.5182279207252,258.017637865111,30
"143",2020-07-21,2432,292,263,23,21.9,24,0,0,23,0,3,8,5,0,275,23,1428,0.0161099994182587,15,0,1.59425358068423,1.14957038562206,21.6728679910214,275.151193625141,24
"144",2020-07-22,2459,312,263,13,21.6,27,0,1,23,2,3,9,6,0,277,23,1768,0.0090499997138977,16,0,0.896883379718113,1.17920686948069,23.2533918970193,301.872098776958,27
"145",2020-07-23,2478,320,263,29,24.7,19,0,1,17,1,3,10,7,0,278,17,1668,0.0101900005340576,32,0,0.999818875929889,1.23051870701117,17.3848243455073,308.420222974255,19
"146",2020-07-24,2501,335,263,34,27.1,23,0,1,18,0,3,7,4,0,278,18,2036,0.0122800004482269,83,0,1.17989999587494,1.2807497469562,18.2313182120748,320.693977835837,23
"147",2020-07-25,2513,334,263,26,28.6,12,0,1,10,1,3,8,5,0,279,10,2126,0.00800000011920929,320,0,0.695339339878943,1.28408149254231,10.7483333385779,325.594333508502,12
"148",2020-07-26,2520,336,263,21,27.6,7,0,0,6,2,4,10,6,0,281,6,1818,0.0121000003814697,73,0,1.16328930161354,1.1493995881014,5.74737991825162,321.853275422091,7
"149",2020-07-27,2535,338,264,22,24,15,0,1,13,1,4,10,6,1,282,13,1600,0.00875,24,0,0.862068965517242,1.05593620560241,13.5943847732581,327.454004104712,15
"150",2020-07-28,2555,327,264,14,22.7,20,0,2,17,1,4,11,7,0,283,17,1488,0.00739000022411346,24,0,0.727269863325452,0.932081388836874,18.5525202364799,318.392595136996,20
"151",2020-07-29,2571,322,264,20,23.7,16,2,2,12,2,4,12,8,0,285,14,2254,0.00620999991893768,52,0,0.606996522865808,0.890668980715116,15.6924305997076,314.925903793276,16
"152",2020-07-30,2592,333,264,19,22.3,21,1,0,19,1,4,13,9,0,286,20,1890,0.00898999989032745,134,0,0.839481215055281,0.867763600590172,19.3923271053344,322.882246303818,21
"153",2020-07-31,2602,320,264,18,20,10,0,1,9,1,3,14,11,0,287,9,2129,0.00797999978065491,207,0,0.727286795077667,0.803104571904847,9.76309343337182,311.576655408776,10
"154",2020-08-01,2619,307,264,15,18.4,17,0,0,17,1,2,14,12,0,288,17,1631,0.00551999986171722,83,0.0120500004291534,0.583621342478444,0.78714485799049,16.6409053179746,300.515172506952,17
"155",2020-08-02,2627,292,264,2,15.7,8,0,0,8,0,2,14,12,0,288,8,1341,0.00224000006914139,11,0,0.222177521650784,0.652700317995811,7.93566919412139,289.651925585431,8
"156",2020-08-03,2636,278,264,10,14,9,0,1,7,0,1,13,12,0,288,7,1054,0.0113900005817413,47,0,1.09037789401956,0.685315879210428,7.72374893238904,267.028886172022,9
"157",2020-08-04,2648,266,264,20,14.9,12,0,1,11,1,1,12,11,0,289,11,1681,0.00535000026226044,12,0,0.53120794098404,0.657307033161655,11.7885118049601,260.885830919945,12
"158",2020-08-05,2657,246,264,12,13.7,9,1,0,8,1,1,13,12,0,290,9,1607,0.00560000002384186,70,0,0.536624927746802,0.647253948144654,8.8251996735538,241.22212441047,9
"159",2020-08-06,2667,222,264,12,12.7,10,0,0,10,1,2,11,9,0,291,10,1638,0.00244000002741814,10,0,0.242519420200905,0.561973691736886,9.91222407634435,220.051374494844,10
"160",2020-08-07,2679,223,264,6,11,12,0,3,9,1,2,11,9,0,292,9,1690,0,39,0,0,0.458075578154362,12,223,12
"161",2020-08-08,2685,206,264,14,10.9,6,1,1,4,0,1,11,10,0,292,5,1520,0.00723999977111816,95,0,0.681411743164062,0.472045635395165,5.87668710180717,200.919508594456,6
"162",2020-08-09,2687,197,264,16,12.9,2,0,1,1,2,2,13,11,0,294,1,1587,0.00441000014543533,102,0,0.414367686844634,0.499501373280001,1.98500264167888,194.045520410738,2
"163",2020-08-10,2699,198,264,8,12.6,12,2,0,10,0,1,13,12,0,294,12,1383,0.00578000009059906,27,0,0.566931923780035,0.424723377531497,11.7537699543313,193.937204246467,12
"164",2020-08-11,2712,202,264,8,10.9,13,2,1,10,0,1,13,12,0,294,12,1457,0.00342999994754791,41,0,0.333612144431062,0.396495406595357,12.8551054719036,199.560942110378,13
"165",2020-08-12,2719,185,264,12,10.9,7,3,0,4,0,2,11,9,0,294,7,1489,0.00268999993801117,7,0,0.26774130399055,0.358083460344464,6.9321668006325,183.207265445288,7
"166",2020-08-13,2741,188,264,11,10.7,22,0,0,22,0,2,10,8,0,294,22,1688,0.00532999992370605,56,0,0.515885313716503,0.397135730846693,21.5892243115065,184.489735025601,22
"167",2020-08-14,2752,182,264,6,10.7,11,4,1,6,1,2,11,9,0,295,10,1882,0.00477999985218048,35,0,0.469272807605825,0.46417470336181,10.8301544094903,178.908810252724,11
"168",2020-08-15,2756,174,264,2,9,4,0,0,4,1,2,12,10,0,296,4,2045,0.00732999980449677,21,0,0.72554935141316,0.470480075968824,3.89495972829674,169.430748180908,4
"169",2020-08-16,2760,156,264,26,10.4,4,0,1,3,0,2,12,10,0,296,3,1197,0.00500999987125397,22,0,0.491958149785972,0.481564427817587,3.94658314666724,153.222323626697,4
"170",2020-08-17,2783,170,265,8,10.4,23,1,4,18,1,1,10,9,1,297,19,1355,0.00663999974727631,32,0,0.648680580934347,0.49324280741106,22.5539193500732,166.008752079602,23
"171",2020-08-18,2809,189,265,15,11.4,26,1,1,24,0,1,8,7,0,297,25,1888,0.00583000004291534,77,0.0519500017166138,0.76372469278389,0.55468745717575,25.3089559562673,183.775707029381,26
"172",2020-08-19,2833,198,265,23,13,24,4,3,15,2,1,8,7,0,299,19,1520,0.0118400001525879,25,0.04,1.22956635805395,0.692091036327665,21.1544594115353,189.188577025473,24
"173",2020-08-20,2850,206,266,24,14.9,17,1,0,16,3,0,7,7,1,302,17,1606,0.00995999991893768,103,0,0.935971905781973,0.752103406622732,16.4241085624727,199.021550815846,17
"174",2020-08-21,2871,213,266,16,16.3,21,3,2,16,0,0,7,7,0,302,19,1803,0.00721000015735626,116,0.00861999988555908,0.729523203253684,0.789282034572426,20.4983259955534,207.375970371203,21
"175",2020-08-22,2890,223,266,16,18.3,19,1,0,18,1,0,8,8,0,303,19,1866,0.0058899998664856,73,0,0.566825154763389,0.766607149336744,18.6102091832817,218.425086730095,19
"176",2020-08-23,2907,233,266,13,16.4,17,0,1,15,0,0,8,8,0,303,15,693,0.0173199999332428,5,0,1.71959311658127,0.941983573164644,15.0664322428605,218.498580839099,17
"177",2020-08-24,2926,249,266,19,18,19,2,0,17,1,1,9,8,0,304,19,1142,0.00962999999523163,59,0,0.915691922943757,0.980128050594559,18.3703026418162,240.74765041117,19
"178",2020-08-25,2940,251,266,23,19.1,14,0,1,13,4,2,12,10,0,308,13,1647,0.0145700001716614,73,0,1.3951622257399,1.07033341244542,13.3435571106592,238.325602675035,14
"179",2020-08-26,2958,259,266,15,18,18,1,4,13,0,2,12,10,0,308,14,1833,0.0049099999666214,41,0,0.480257734195145,0.963289323322731,17.7566500338506,254.498025626237,18
"180",2020-08-27,2971,262,266,16,16.9,13,1,3,9,1,2,10,8,0,309,10,1471,0.00748000025749207,9,0,0.743451376943975,0.935786390631589,12.730919976428,254.950103382414,13
"181",2020-08-28,2999,272,266,20,17.4,28,0,3,21,1,1,10,9,0,310,21,2136,0.00514999985694885,35,0,0.506697360407312,0.903954127367821,23.6148793343962,267.011770426465,28
"182",2020-08-29,3020,286,266,12,16.9,21,0,2,18,0,1,10,9,0,310,18,1790,0.00726000010967255,11,0.0909099960327148,0.777091068999096,0.933992115115779,19.4937403556342,277.956096761743,21
"183",2020-08-30,3040,300,267,16,17.3,20,0,6,12,2,1,11,10,1,312,12,1407,0.00425999999046326,33,0,0.416237499068181,0.747798455471052,17.8192196027325,295.480490068313,20
"184",2020-08-31,3060,308,267,13,16.4,20,1,3,16,1,1,12,11,0,313,17,1351,0.0051800000667572,55,0,0.497736848519842,0.688090587696207,19.693748939008,302.451451365557,20
"185",2020-09-01,3085,312,267,18,15.7,25,1,2,22,0,1,12,11,0,313,23,1360,0.015440000295639,21,0.0952400016784668,1.6653468817753,0.726688395701265,23.6136865680376,293.194356922945,25
"186",2020-09-02,3121,322,267,15,15.7,36,1,9,26,0,1,10,9,0,313,27,1529,0.00261999994516373,50,0,0.253703604569686,0.694323520040485,35.7520755898227,319.043271848996,36
"187",2020-09-03,3143,323,267,24,16.9,22,1,4,17,1,1,9,8,0,314,18,1493,0.00870999991893768,133,0.00751999974250793,0.861266288113623,0.711154221636149,21.4389018454603,312.931405337982,22
"188",2020-09-04,3165,327,267,24,17.4,22,0,3,19,3,1,12,11,0,317,19,2706,0.00850000023841858,259,0.00772000014781952,0.843186532325326,0.759224103338722,21.4201627004042,317.02069489643,22
"189",2020-09-05,3190,334,267,17,18.1,25,1,11,13,2,1,14,13,0,319,14,2256,0.00398999989032745,162,0,0.372267979841966,0.701392233459132,24.8113692006546,329.49980807276,25
"190",2020-09-06,3211,336,267,26,19.6,21,1,3,16,1,1,15,14,0,320,17,1310,0.00611000001430511,192,0.03125,0.932363516560566,0.77512452167233,19.4263287578045,324.661556624841,21
"191",2020-09-07,3252,361,267,29,21.9,41,2,6,33,0,1,13,12,0,320,35,1290,0.0147300004959106,44,0,1.4244153403092,0.907507163356524,39.1955968630689,342.388870501939,41
"192",2020-09-08,3304,398,267,24,22.7,52,0,14,36,3,1,15,14,0,323,36,1094,0.0109700000286102,4,0,1.09300364583785,0.825743843936888,48.5758589717286,382.255329743,52
"193",2020-09-09,3349,429,267,15,22.7,45,2,10,31,0,1,14,13,0,323,33,1590,0.0157200002670288,29,0,1.54384190392686,1.01004931527363,41.1560648147491,405.028842591738,45
"194",2020-09-10,3426,491,267,33,24,77,1,21,52,2,2,15,13,0,325,53,1958,0.0122599995136261,61,0,1.18895884337196,1.05686253745339,71.719282063807,469.871084779797,77
"195",2020-09-11,3456,505,267,60,29.1,30,0,1,25,0,1,13,12,0,325,25,2315,0.0159800004959106,93,0.0752699995040894,1.8269855108768,1.19740524867503,24.3468814519074,471.60700532853,30
"196",2020-09-12,3505,530,269,47,33.4,49,0,4,42,1,0,13,13,2,326,42,1900,0.0173699998855591,26,0,1.71355139057956,1.38901716449468,43.3951944349743,497.129834536581,49
"197",2020-09-13,3540,543,270,31,34.1,35,1,5,29,1,1,12,11,1,327,30,1198,0.0150300002098083,44,0,1.44975364342596,1.46293003976117,33.4258563909713,514.508000676581,35
"198",2020-09-14,3608,593,272,59,38.4,68,0,19,49,1,1,12,11,2,328,49,2395,0.0146099996566772,219,0.041100001335144,1.68293226741157,1.49986102934722,65.0153624106146,556.879794071315,68
"199",2020-09-15,3681,642,273,41,40.9,73,1,15,55,1,1,12,11,1,329,56,2960,0.01182000041008,28,0,1.17092373540283,1.51099247071365,68.6267388855171,614.792256508964,73
"200",2020-09-16,3758,682,274,41,44.6,77,1,7,67,1,0,12,12,1,330,68,1888,0.0196000003814697,162,0.00616999983787537,1.85387027775369,1.5552822384032,70.4373501484418,636.239305900549,77
"201",2020-09-17,3808,707,278,57,48,50,2,4,38,2,2,12,10,4,332,40,2512,0.0191100001335144,207,0.00483000010251999,1.80228504437697,1.6429002671182,41.3907700368093,660.881860400604,50
"202",2020-09-18,3896,775,278,47,46.1,88,1,6,78,0,2,12,10,0,332,79,2408,0.0128699994087219,281,0.0213499999046326,1.37561578837501,1.57841887818937,81.0667357033629,736.414179368433,88
"203",2020-09-19,3966,825,280,47,46.1,70,2,4,60,0,2,11,9,2,332,62,2105,0.0213800001144409,162,0,1.98521836086891,1.61722844537356,61.5451933463213,765.722330817986,70
"204",2020-09-20,4009,857,280,76,52.6,43,1,4,34,2,2,12,10,0,334,35,2847,0.0186199998855591,112,0,1.79152212484578,1.66605251414782,36.7305578994596,801.431089138197,43
"205",2020-09-21,4118,937,280,55,52,109,2,22,82,1,3,13,10,0,335,84,2948,0.0189999997615814,73,0,1.85408802704873,1.69050333695313,100.363123466906,874.1219843868,109
"206",2020-09-22,4227,1016,280,85,58.3,109,0,27,81,3,3,16,13,0,338,81,2506,0.0135699999332428,65,0.0307699990272522,1.40048501631575,1.72329780565498,103.894251220184,964.500731354412,109
"207",2020-09-23,4332,1074,281,67,62,105,0,25,75,2,3,17,14,1,340,75,1896,0.0168799996376038,7,0.571430015563965,1.89198578149472,1.72874287761798,94.8642009974967,1000.45535828415,105
"208",2020-09-24,4434,1129,282,38,59.3,102,2,19,75,2,3,19,16,1,342,77,2728,0.0128299999237061,54,0,1.25809632609166,1.65100163214865,92.4938256666691,1077.59128802168,102
"209",2020-09-25,4553,1192,284,57,60.7,119,5,16,86,3,3,21,18,2,345,91,3291,0.0133700001239777,59,0.0339000010490417,1.37315732745982,1.65065042344648,102.477375011673,1132.75858257049,119
"210",2020-09-26,4637,1238,286,76,64.9,84,3,14,65,3,4,22,18,2,348,68,3436,0.0299799990653992,12,0,2.98756603215521,1.79384294791595,74.6471566664038,1104.13499930894,84
"211",2020-09-27,4719,1268,287,109,69.6,82,2,12,64,2,4,23,19,1,350,66,2690,0.0327099990844727,11,0,3.25767854636177,2.00329386527538,70.2181823429013,1118.49477592119,82
"212",2020-09-28,4834,1338,288,86,74,115,3,11,97,6,4,28,24,1,356,100,3139,0.0261199998855591,192,0.0104200005531311,2.5215046456611,2.09863909650572,101.873827791128,1215.89181584529,115
"213",2020-09-29,4942,1370,291,58,70.1,108,5,18,75,4,3,28,25,3,360,80,2161,0.0259100008010864,80,0.025,2.58775152749432,2.26824859810266,90.507246460379,1241.68659563399,108
"214",2020-09-30,5025,1399,291,107,75.9,83,1,10,67,5,5,31,26,0,365,68,3169,0.0302900004386902,282,0.0141799998283386,2.89735645731094,2.41187298036212,70.8691758164012,1252.29377892861,83
"215",2020-10-01,5125,1434,293,105,85.4,100,2,11,78,3,5,30,25,2,368,80,3844,0.0228900003433228,120,0.00833000004291534,2.24492334321096,2.55284826852202,84.4998947359104,1317.48561314119,100
"216",2020-10-02,5221,1484,294,116,93.9,96,0,13,79,1,5,30,25,1,369,79,3362,0.0220099997520447,198,0,2.07858480804422,2.65362362289122,86.0567537228761,1372.35724714871,96
"217",2020-10-03,5294,1496,295,65,92.3,73,2,6,64,5,6,32,26,1,374,66,3112,0.0302099990844727,485,0.0103100001811981,2.75267910032694,2.62006834691575,65.4245056648778,1346.95546173723,73
"218",2020-10-04,5352,1478,295,77,87.7,58,1,7,47,3,6,33,27,0,377,48,3118,0.0291899991035461,102,0,2.82653469580301,2.5584763682645,50.0895143629158,1326.79796309145,58
"219",2020-10-05,5430,1479,295,82,87.1,78,3,13,59,3,6,34,28,0,380,62,3823,0.0180499994754791,238,0.00839999973773956,1.74844491337943,2.44803926365283,71.0765101778002,1385.40578311236,78
"220",2020-10-06,5506,1452,296,139,98.7,76,6,15,52,2,7,35,28,1,382,58,2156,0.0194799995422363,56,0,1.89868349968633,2.34960097396598,69.0142554888816,1352.21894775614,76
"221",2020-10-07,5607,1466,296,174,108.3,101,12,22,63,3,10,37,27,0,385,75,2274,0.0312199997901916,76,0,3.02103317118706,2.36726907594828,88.7993997106817,1305.70559967812,101
"222",2020-10-08,5687,1425,296,85,105.4,80,5,14,55,2,9,37,28,0,387,60,2434,0.0271199989318848,181,0,2.52428594264656,2.40717801872479,68.518256805911,1294.80859914039,80
"223",2020-10-09,5772,1428,296,97,102.7,85,5,19,59,2,9,38,29,0,389,64,2508,0.0207299995422363,247,0.00810000002384186,1.95976547578285,2.39020382840174,78.4604483314618,1326.71125339574,85
"224",2020-10-10,5837,1413,297,67,103,65,5,7,51,6,9,44,35,1,395,56,2630,0.0300399994850159,21,0,2.98020364562775,2.42270733487328,56.9596395464856,1260.58876212829,65
"225",2020-10-11,5901,1377,297,140,112,64,6,6,48,5,10,47,37,0,400,54,2658,0.0233299994468689,238,0.0168099999427795,2.27941707583422,2.34454767487774,55.5450129687132,1263.39783070219,64
"226",2020-10-12,5963,1349,297,63,109.3,62,2,14,43,3,10,47,37,0,403,45,1996,0.0150300002098083,237,0.0126600003242493,1.47784596935175,2.30589068287379,56.593030583162,1276.84440570412,62
"227",2020-10-13,6048,1371,298,74,100,85,4,10,68,1,7,46,39,1,404,72,2109,0.0298699998855591,18,0,2.96172213251735,2.45775334470679,74.2819836524441,1224.03610538196,85
"228",2020-10-14,6115,1376,300,84,87.1,67,1,16,49,2,7,46,39,2,406,50,3002,0.0293099999427795,111,0.0360400009155273,2.95499710664464,2.44831962120073,60.6524364889903,1228.83505217701,67
"229",2020-10-15,6201,1403,300,107,90.3,86,3,25,52,5,8,50,42,0,411,55,2124,0.0235400009155273,105,0.00952000021934509,2.28795701963263,2.41455834648446,75.4455133001729,1286.81918472986,86
"230",2020-10-16,6276,1424,301,78,87.6,75,2,10,59,4,8,48,40,1,415,61,3117,0.019889999628067,279,0.00358000010251999,1.85500438366572,2.39959247618201,66.9045308187582,1328.39429321167,75
"231",2020-10-17,6323,1406,302,64,87.1,47,1,10,36,6,8,50,42,1,421,37,3038,0.0220499992370605,149,0,2.10191081525541,2.2741220718431,44.1852171530731,1299.03825181678,47
"232",2020-10-18,6380,1372,305,74,77.7,57,1,11,40,2,6,48,42,3,423,41,1145,0.0270700001716614,37,0.0540500020980835,2.79145518394089,2.3472703730012,47.8576823112381,1233.3839056346,57
"233",2020-10-19,6444,1350,307,69,78.6,64,1,6,57,3,6,47,41,2,426,58,1332,0.0375399994850159,27,0,3.67941716806778,2.66178054424635,56.2761130097968,1170.21987177975,64
"234",2020-10-20,6522,1354,309,46,74.6,78,3,14,57,4,5,46,41,2,430,60,1597,0.0250500011444092,45,0.0222199988365173,2.49724432248872,2.59542657138511,68.5769804293932,1231.62052502331,78
"235",2020-10-21,6610,1376,312,69,72.4,88,1,46,40,4,4,45,41,3,434,41,2257,0.0305699992179871,446,0.00897000014781952,2.70059594158062,2.55908354780454,82.9925108583635,1241.50475466118,88
"236",2020-10-22,6676,1363,312,88,69.7,66,2,24,36,2,3,45,42,0,436,38,2239,0.0263499999046326,87,0.0114900004863739,2.57941873726513,2.60072093603775,58.4524025519761,1235.75328100904,66
"237",2020-10-23,6755,1365,313,92,71.7,79,1,13,64,2,3,38,35,1,438,65,2770,0.024909999370575,65,0.0153799998760223,2.46914985003295,2.68845600266164,72.1911562975716,1243.014282249,79
"238",2020-10-24,6820,1358,317,63,71.6,65,2,17,41,2,3,38,35,4,440,43,2358,0.0207800006866455,190,0,1.92304715930573,2.66290405181169,57.0071339682532,1263.4811146253,65
"239",2020-10-25,6890,1339,319,69,70.9,70,1,24,42,3,3,40,37,2,443,43,1751,0.0319799995422363,77,0,3.06329207869014,2.70173789391872,62.2325543535082,1190.54395998482,70
"240",2020-10-26,6963,1298,320,77,72,73,1,16,51,4,3,41,38,1,447,52,994,0.0382299995422363,121,0.0165299999713898,3.58751116964315,2.68860846557235,61.2481079137761,1129.46238600156,73
"241",2020-10-27,7041,1268,322,61,74.1,78,0,15,60,1,3,33,30,2,448,60,1357,0.0287400007247925,116,0,2.64767012787124,2.71009786634128,69.2503155215316,1146.49000135503,78
"242",2020-10-28,7153,1275,325,94,77.7,112,2,69,38,2,2,31,29,3,450,40,1900,0.0405299997329712,166,0.01807000041008,3.87253724882471,2.87751805309044,103.393594811914,1096.29583462975,112
"243",2020-10-29,7217,1260,326,65,74.4,64,0,18,42,9,2,39,37,1,459,42,2191,0.029210000038147,96,0,2.79838697348404,2.90879922969314,55.7461130131842,1132.38339039552,64
"244",2020-10-30,7267,1229,328,122,78.7,50,2,9,35,4,2,42,40,2,463,37,2795,0.0357800006866455,105,0.0571400022506714,3.65533800536189,3.07825468045441,41.1049384957077,1066.40457868175,50
"245",2020-10-31,7306,1159,329,83,81.6,39,0,5,32,2,2,41,39,1,465,32,2344,0.0277300000190735,322,0,2.43807652080676,3.15183030352599,34.1762503026973,1056.72731565082,39
"246",2020-11-01,7356,1118,332,50,78.9,50,1,7,39,1,2,39,37,3,466,40,1714,0.0256699991226196,104,0,2.42015283257261,3.05995326836634,43.4962616174667,1020.07051220819,50
"247",2020-11-02,7420,1070,332,56,75.9,64,3,8,47,6,2,44,42,0,472,50,1029,0.0174899995326996,14,0.0714300012588501,1.8214026401507,2.80765204986742,54.7038660459514,999.462733383361,64
"248",2020-11-03,7491,998,333,36,72.3,71,1,36,33,1,2,45,43,1,473,34,1458,0.021949999332428,13,0,2.17560156537593,2.74021368379666,67.3227608537583,919.415156825023,71
"249",2020-11-04,7556,922,337,53,66.4,65,5,1,51,1,1,42,41,4,474,56,1467,0.0272699999809265,295,0.0033899998664856,2.32719295871921,2.51945021378159,52.2831799477302,844.340926996558,65
"250",2020-11-05,7603,879,337,45,63.6,47,0,6,34,5,2,45,43,0,479,34,2537,0.0240400004386902,41,0,2.36576730461431,2.45764740394306,37.0887478021658,803.735568179522,47
"251",2020-11-06,7676,872,341,79,57.4,73,2,13,55,4,3,47,44,4,483,57,2343,0.0234699988365173,116,0.0258599996566772,2.35827438935074,2.27235260165575,65.1348293602741,797.571424599281,73
"252",2020-11-07,7711,838,346,75,56.3,35,3,4,25,3,4,47,43,5,486,28,2498,0.0276200008392334,143,0,2.6124483944114,2.29726286931356,29.3525081093702,758.764349844722,35
"253",2020-11-08,7748,776,346,47,55.9,37,1,5,29,1,4,48,44,0,487,30,1176,0.0204099988937378,91,0.0109899997711182,1.97334243711187,2.23343281281917,32.8573432804321,720.576612853843,37
"254",2020-11-09,7818,744,350,31,52.3,70,3,24,41,7,4,47,43,4,494,44,711,0.0210999989509583,20,0.1,2.3258685710166,2.30549937437144,64.2960361995115,681.369339373558,70
"255",2020-11-10,7885,753,350,51,54.4,67,0,11,54,3,5,48,43,0,497,54,1374,0.0334800004959106,17,0,3.30708272332,2.46713953979202,58.5365007132838,662.87009327968,67
"256",2020-11-11,7942,753,353,78,58,57,0,6,49,2,5,47,42,3,499,49,2373,0.0261299991607666,241,0.0290499997138977,2.63992111474937,2.51181499065347,50.3181670203449,681.052648292239,57
"257",2020-11-12,7984,743,355,58,59.9,42,1,8,31,3,3,44,41,2,502,32,2316,0.0215899991989136,215,0.00465000003576279,2.01510028259079,2.46171970179297,37.6661360853771,688.810597232349,42
"258",2020-11-13,8022,719,357,81,60.1,38,3,7,24,0,3,37,34,2,502,27,2721,0.0216799998283386,198,0,2.0209414022922,2.41352927507032,32.0250942590427,666.408991564877,38
"259",2020-11-14,8043,696,357,51,56.7,21,3,2,14,3,3,38,35,0,505,17,1710,0.015789999961853,245,0.0163300001621246,1.58576726212221,2.26686054188615,18.0242978635087,656.053606647181,21
"260",2020-11-15,8073,652,360,29,54.1,30,1,1,25,0,2,36,34,3,505,26,984,0.0152400004863739,307,0.00651000022888184,1.31640050727023,2.17301169476591,25.7612311506443,620.935488854619,30
"261",2020-11-16,8117,613,363,11,51.3,44,0,3,39,3,2,34,32,3,508,39,736,0.0122300004959106,53,0,1.14084668757798,2.00372285427468,40.3896481382484,587.688572019136,44
"262",2020-11-17,8158,590,363,38,49.4,41,1,10,29,1,2,33,31,0,509,30,1827,0.0207999992370605,38,0,2.03761922820963,1.82237092640177,37.7875514917553,546.488512671187,41
"263",2020-11-18,8199,583,363,66,47.7,41,3,6,30,1,2,33,31,0,510,33,2684,0.0204900002479553,20,0.05,2.07082694768906,1.74107175967887,36.5266439771475,539.304043596272,41
"264",2020-11-19,8219,567,364,53,47,20,2,1,17,0,2,31,29,1,510,19,2476,0.0121200001239777,187,0.0160399997234344,1.23952685900304,1.63027555630919,19.1476098358465,541.56288299605,20
"265",2020-11-20,8244,524,364,29,39.6,25,1,2,20,1,2,31,29,0,511,21,2640,0.00758000016212463,222,0.0225200009346008,0.873886814657247,1.46641061521848,22.3357931222442,507.426456955047,25
"266",2020-11-21,8273,494,365,27,36.1,29,4,4,19,2,2,32,30,1,513,23,1491,0.0187800002098083,71,0,1.79263638366352,1.49596334686724,25.507724772242,461.948523369025,29
"267",2020-11-22,8300,480,368,26,35.7,27,3,4,19,3,4,32,28,3,516,22,1223,0.0147200000286102,36,0,1.4299094547252,1.51217891078938,24.8614290325176,455.158451618567,27
"268",2020-11-23,8340,462,370,20,37,40,2,10,25,1,3,27,24,2,517,27,923,0.0173300004005432,13,0,1.70893059505357,1.59333375471447,35.3299976737371,433.424404639502,40
"269",2020-11-24,8384,472,370,21,34.6,44,2,7,34,1,3,23,20,0,518,36,1404,0.00855000019073486,41,0.0975599956512451,1.10755433145279,1.46046734089206,41.5568999971153,453.079355517734,44
"270",2020-11-25,8439,480,371,38,30.6,55,4,10,39,2,2,23,21,1,520,43,2619,0.0122200000286102,72,0.0138900005817413,1.22646823176572,1.33984466718873,51.0912298005249,458.692797773301,55
"271",2020-11-26,8484,495,372,60,31.6,45,3,4,37,3,2,23,21,1,523,40,3059,0.0143799996376038,224,0.00446000009775162,1.37031553193196,1.35852876332143,42.0161471371592,470.449820822344,45
"272",2020-11-27,8530,506,374,56,35.4,46,2,3,40,3,1,24,23,2,526,42,3154,0.0177600002288818,335,0.0029899999499321,1.63418431370366,1.46714269175663,42.5158420004122,476.071810766871,46
"273",2020-11-28,8575,509,375,60,40.1,45,2,3,40,2,1,25,24,1,528,42,2598,0.01192999958992,193,0,1.11050300733115,1.36969506656629,43.3119009856509,488.541847659436,45
"274",2020-11-29,8620,523,377,23,39.7,45,1,4,37,5,1,28,27,2,533,38,898,0.0245000004768372,12,0,2.41769235474723,1.51080690942658,38.6748325489401,477.235195344623,45
"275",2020-11-30,8664,530,378,45,43.3,44,1,7,35,1,1,25,24,1,534,36,1135,0.0229099988937378,61,0,2.17415123280873,1.57726700053446,40.1671659247429,488.294387225382,44
"276",2020-12-01,8717,550,378,34,45.1,53,2,11,39,3,1,27,26,0,537,41,1907,0.0141600000858307,113,0.0176999998092651,1.43580297733297,1.62415966423163,49.869372180933,521.418407305198,53
"277",2020-12-02,8759,564,379,50,46.9,42,1,7,32,6,1,31,30,1,543,33,2858,0.0101499998569489,81,0.0123500001430511,1.02106327331565,1.59481609873876,38.7804615930911,543.156979954648,42
"278",2020-12-03,8797,563,380,40,44,38,0,6,31,3,1,33,32,1,546,31,3332,0.0101999998092651,202,0,0.961697774886006,1.53644213344648,35.9209807518315,543.403618170359,38
"279",2020-12-04,8839,566,382,54,43.7,42,1,5,32,2,1,31,30,2,548,33,2985,0.0110599994659424,166,0.0120500004291534,1.11121543881553,1.46173229417675,36.6727855742131,543.236261666807,42
"280",2020-12-05,8874,555,382,45,41.6,35,3,2,29,1,1,31,30,0,549,32,2279,0.0184300005435944,209,0,1.68818212374805,1.54425788223631,32.0447686033464,521.088955464289,35
"281",2020-12-06,8912,547,383,33,43,38,0,7,29,1,2,31,29,1,550,29,1398,0.0157400000095367,20,0,1.55179971885278,1.42055893425139,34.3712195284801,516.277830416503,38
"282",2020-12-07,8965,549,384,23,39.9,53,0,4,44,2,1,31,30,1,552,44,1066,0.0168900001049042,25,0.04,1.74195601391639,1.35881676012391,45.2259214910112,514.387065876481,53
"283",2020-12-08,9012,554,384,58,43.3,47,1,1,44,0,1,28,27,0,552,45,2368,0.01942999958992,69,0,1.88798682925444,1.42341445325555,42.9250336965755,516.143748175618,47
"284",2020-12-09,9067,565,386,39,41.7,55,3,3,47,1,3,25,22,2,553,50,2911,0.00962000012397766,167,0.00598999977111816,0.942305078709412,1.41216328259752,51.2947407143598,545.730570072266,55
"285",2020-12-10,9111,563,386,57,44.1,44,2,0,42,1,3,24,21,0,554,44,3093,0.0138999998569489,252,0.00397000014781952,1.31519101927633,1.46266231751042,41.9055480662874,536.200535484541,44
"286",2020-12-11,9150,547,386,49,43.4,39,6,2,30,1,2,24,22,0,555,36,3047,0.0118099999427795,32,0,1.16872587936503,1.47087809473178,36.4771958611992,523.861837113221,39
"287",2020-12-12,9177,530,387,56,45,27,2,3,22,0,2,21,19,1,555,24,2615,0.01567999958992,24,0,1.55374001241534,1.4516720788271,25.6503583299265,500.19541311921,27
"288",2020-12-13,9217,528,388,26,44,40,5,2,33,0,2,20,18,1,555,38,1500,0.0120000004768372,47,0,1.16354238624795,1.39620674559784,38.3997247362414,505.764596335144,40
"289",2020-12-14,9259,525,388,19,43.4,42,3,4,35,2,2,21,19,0,557,38,918,0.0174300003051758,20,0,1.70583585076241,1.39104672229013,39.6538827048575,492.586537369742,42
"290",2020-12-15,9307,535,389,51,42.4,48,2,7,38,1,1,21,20,1,558,40,2079,0.0134700000286102,49,0,1.31598355542672,1.30933196888617,45.0948054057272,509.518022301602,48
"291",2020-12-16,9361,551,389,53,44.4,54,4,4,45,0,1,19,18,0,558,49,2305,0.0164900004863739,93,0,1.58504800338164,1.40115238669649,50.1889576642622,519.390115775683,54
"292",2020-12-17,9398,547,390,61,45,37,1,5,29,2,0,19,19,1,560,30,3215,0.0136899995803833,84,0.0238100004196167,1.394767768602,1.41252049374301,33.4855600956894,519.386712411403,37
"293",2020-12-18,9440,537,390,23,41.3,42,5,4,33,0,0,18,18,0,560,38,3299,0.00726999998092651,170,0.00587999999523163,0.720188236848255,1.34844368766919,41.009490815032,523.002541254531,42
"294",2020-12-19,9479,534,390,46,39.9,39,1,7,29,3,0,21,21,0,563,30,2798,0.0117900002002716,140,0,1.12281894351123,1.2868835349686,35.7808423368761,512.298993596395,39
"295",2020-12-20,9523,529,390,24,39.6,44,5,3,33,0,0,18,18,0,563,38,1360,0.0161800003051758,51,0,1.55951810170369,1.34345149431942,38.8551204743061,499.14101923442,44
"296",2020-12-21,9597,549,390,28,40.9,74,7,8,58,1,0,17,17,0,564,65,1365,0.00658999979496002,32,0.03125,0.715486737302823,1.20197304953948,71.3167685719451,534.783168399967,74
"297",2020-12-22,9678,592,390,66,43,81,7,8,64,2,0,17,17,0,566,71,3021,0.0221799993515015,48,0,2.18330980908719,1.32587680006241,73.3894866307272,545.219381484374,81
"298",2020-12-23,9780,661,390,52,42.9,102,5,6,90,1,1,15,14,0,567,95,2650,0.02,200,0.015,1.96491228070175,1.38014312539385,94.2439063771406,613.991811739894,102
"299",2020-12-24,9853,689,390,57,42.3,73,11,5,55,2,1,15,14,0,569,66,3465,0.0155799996852875,145,0,1.49542102242441,1.39452216165419,67.4277955754427,651.70835078,73
"300",2020-12-25,9917,719,390,52,46.4,64,7,2,54,0,1,12,11,0,569,61,2542,0.0295000004768372,161,0,2.77428787318239,1.68796496684478,56.8749414370339,646.804637593892,64
"301",2020-12-26,10010,761,390,86,52.1,93,5,4,83,2,2,14,12,0,571,88,952,0.0199600005149841,49,0,1.89829375527122,1.7987470828105,85.9539048424007,708.715018012124,93
"302",2020-12-27,10121,826,391,35,53.7,111,8,6,95,2,4,14,10,1,573,103,1483,0.0269700002670288,32,0.0625,2.77204689082533,1.97196548125644,98.6660421941,743.127678177929,111
"303",2020-12-28,10256,923,391,65,59,135,15,7,111,1,2,14,12,0,574,126,1188,0.0420900011062622,39,0.0256399989128113,4.15671404008469,2.46356938165385,114.04387427767,784.138856811824,135
"304",2020-12-29,10376,999,391,113,65.7,120,5,15,100,3,4,13,9,0,577,105,1880,0.0505299997329712,25,0.04,5.03918107600976,2.87155099121422,100.849586738215,816.797496680727,120
"305",2020-12-30,10513,1090,391,88,70.9,137,12,10,115,3,5,14,9,0,580,127,2458,0.0573600006103516,62,0,5.59487625000969,3.39011727254393,111.282834903506,869.27787436867,137
"306",2020-12-31,10638,1176,391,147,83.7,125,0,9,116,2,5,14,9,0,582,116,2651,0.033199999332428,144,0,3.1489516361455,3.62633593164694,111.7793482151,1041.96994397377,125
"307",2021-01-01,10755,1231,392,89,89,117,0,5,111,2,6,14,8,1,584,111,2748,0.039300000667572,134,0.0149300003051758,3.81669055778562,3.77525060087597,100.666587607652,1060.95107518035,117
"308",2021-01-02,10867,1289,392,134,95.9,112,4,8,100,2,6,16,10,0,586,104,2375,0.0294700002670288,431,0,2.49434250300048,3.86040042198015,102.611022176683,1172.63084217062,112
"309",2021-01-03,10990,1315,393,107,106.1,123,0,5,118,3,5,19,14,1,589,118,1514,0.0601100015640259,126,0.0238100004196167,5.73210990370774,4.28326656667764,98.5192114415126,1042.18443258974,123
"310",2021-01-04,11166,1427,393,115,113.3,176,5,30,141,5,8,22,14,0,594,146,1384,0.0534700012207031,155,0.00644999980926514,4.87343935411886,4.38565589725395,150.247623761985,1175.2969801942,176
"311",2021-01-05,11309,1503,395,105,112.1,143,2,20,121,6,8,24,16,2,600,123,2417,0.0571000003814697,97,0.0103100001811981,5.52946582894147,4.45569657624419,118.384017363705,1202.20469998088,143
"312",2021-01-06,11493,1599,395,132,118.4,184,11,42,130,7,7,29,22,0,607,141,2625,0.0514300012588501,211,0.0142200005054474,4.86615562098487,4.35159362924065,158.166725265067,1317.3800971549,184
"313",2021-01-07,11608,1631,395,188,124.3,115,2,8,104,6,9,33,24,0,613,106,2311,0.048899998664856,91,0.0109899997711182,4.74637747267502,4.57979732017343,95.790541709297,1350.81484460248,115
"314",2021-01-08,11741,1663,395,186,138.1,133,6,14,112,0,11,31,20,0,613,118,2664,0.0367899990081787,249,0,3.36452308128349,4.51520196638742,117.630739895658,1460.49085124135,133
"315",2021-01-09,11841,1674,397,153,140.9,100,6,2,92,4,11,31,20,2,617,98,3020,0.0324499988555908,375,0.00266999989748001,2.91606027998348,4.57544736309927,89.6568824627283,1497.32266574089,100
"316",2021-01-10,11933,1658,397,120,142.7,92,5,3,82,5,11,35,24,0,622,87,1829,0.0508500003814697,78,0,4.87701367056676,4.45329075836485,74.6431510533572,1365.33729248812,92
"317",2021-01-11,12097,1709,397,66,135.7,164,2,26,134,3,13,35,22,0,625,136,1613,0.0341000008583069,115,0,3.18306142271117,4.21180819673518,146.332027000906,1512.11348635697,164
"318",2021-01-12,12238,1737,398,160,143.6,141,2,22,115,4,13,36,23,1,629,117,2206,0.0707200002670288,74,0.0135099995136261,6.88631844531026,4.40564428478786,109.839037752139,1304.07186816637,141
"319",2021-01-13,12327,1725,402,172,149.3,89,1,9,76,2,11,35,24,4,631,77,2531,0.0375300002098084,173,0.0115600001811981,3.58684580482146,4.22288573962166,76.0038602468947,1501.06050553108,89
"320",2021-01-14,12418,1711,402,130,141,91,2,14,74,9,10,42,32,0,640,76,2581,0.0337100005149841,146,0,3.19052113418313,4.00062054840854,81.2238486369257,1513.421118655,91
"321",2021-01-15,12513,1679,404,144,135,95,7,7,79,5,11,42,31,2,645,86,2923,0.0372900009155273,206,0.00485000014305115,3.51542897748658,4.02217853358041,82.0577743527245,1465.37212951424,95
"322",2021-01-16,12574,1630,405,119,130.1,61,1,1,57,2,9,40,31,1,647,58,2469,0.0320000004768372,289,0,2.86468459671178,4.01483915025588,52.9864116850883,1460.99743183955,61
"323",2021-01-17,12653,1569,407,74,123.6,79,2,3,71,2,9,40,31,2,649,73,2040,0.0259800004959106,32,0,2.55787649670163,3.68353383970371,69.2417956675953,1423.74489592407,79
"324",2021-01-18,12775,1591,408,64,123.3,122,2,45,73,7,10,44,34,1,656,75,1023,0.0391000008583069,48,0,3.73476198674584,3.76234820599438,109.861981483305,1375.93883386585,122
"325",2021-01-19,12849,1532,415,81,112,74,3,24,47,8,9,46,37,7,664,50,2339,0.0410400009155273,89,0,3.9535651623319,3.34338345128319,66.8453598980028,1312.78182727481,74
"326",2021-01-20,12910,1490,415,166,111.1,61,1,8,50,2,7,38,31,0,666,51,3056,0.0222499990463257,162,0.00616999983787537,2.1440502504446,3.13726980065792,55.0423806316247,1374.37543413962,61
"327",2021-01-21,12981,1459,417,81,104.1,71,1,9,60,3,7,38,31,2,669,61,2640,0.0242400002479553,117,0,2.32113168859637,3.01307130843124,64.8754173413516,1336.43006395134,71
"328",2021-01-22,13059,1427,418,94,97,78,2,3,72,5,6,38,32,1,674,74,2310,0.0307399988174438,112,0.0178600001335144,3.01443919418864,2.94150133938868,68.9264017528021,1271.3104770439,78
"329",2021-01-23,13108,1363,418,84,92,49,1,4,41,4,9,40,31,0,678,42,2120,0.0330200004577637,275,0,2.92285599041582,2.94981153848926,41.5569050385885,1218.81098970467,49
"330",2021-01-24,13154,1279,419,44,87.7,46,2,9,35,2,8,38,30,1,680,37,1247,0.0224499988555908,37,0,2.18030752125559,2.89587311342554,43.0802318693478,1178.07071786205,46
"331",2021-01-25,13218,1222,419,29,82.7,64,1,18,44,4,7,39,32,0,684,45,825,0.0206100010871887,48,0,1.94768051511234,2.64057576033504,59.8278105222948,1135.85743240543,64
"332",2021-01-26,13280,1158,420,74,81.7,62,1,19,40,8,5,41,36,1,692,41,2350,0.0242600011825562,79,0,2.34709768542639,2.41108040649139,56.5170767148524,1059.62865453168,62
"333",2021-01-27,13358,1118,422,80,69.4,78,0,27,50,1,4,31,27,2,693,50,2800,0.0196399998664856,176,0.00568000018596649,1.88144084875302,2.37356477767831,73.5952168249873,1041.86904820672,78
"334",2021-01-28,13396,1057,422,67,67.4,38,1,3,33,3,5,31,26,0,696,34,2351,0.0208400011062622,209,0.0287100005149841,2.14825127767399,2.34886757611797,34.3564174120463,974.815682486264,38
"335",2021-01-29,13423,951,422,73,64.4,27,1,3,23,3,4,32,28,0,699,24,2848,0.0122899997234344,180,0.00555999994277954,1.18899336862753,2.08808960103781,25.9671920765906,910.074986034902,27
"336",2021-01-30,13442,854,423,41,58.3,19,1,6,12,2,5,34,29,1,701,13,2157,0.0162300002574921,216,0,1.47526803857608,1.88129132220356,18.3058662312324,808.400750882498,19
"337",2021-01-31,13484,795,424,25,55.6,42,4,5,33,4,6,33,27,1,705,37,922,0.0195200002193451,24,0,1.90247782264653,1.84160136525941,39.452288697038,740.258635517439,42
"338",2021-02-01,13528,708,424,27,55.3,44,6,7,29,4,5,30,25,0,709,35,547,0.0292499995231628,29,0,2.77773432971703,1.96018048163151,38.4812562766877,636.820841254141,44
"339",2021-02-02,13571,646,425,59,53.1,43,5,5,31,3,5,28,23,1,712,36,2440,0.0225399994850159,107,0.0186899995803833,2.23782601878837,1.94457024354036,38.0842001674691,593.677591894028,43
"340",2021-02-03,13634,631,425,54,49.4,63,4,23,35,2,4,27,23,0,714,39,2867,0.0132500004768372,212,0,1.23376912527094,1.85204571161435,60.2584843086413,602.823169198786,63
"341",2021-02-04,13716,633,425,51,47.1,82,3,43,33,2,5,26,21,0,716,36,2814,0.0127900004386902,90,0,1.23936161275738,1.72220433091198,77.3851602615293,604.605734598556,82
"342",2021-02-05,13772,629,427,72,47,56,1,8,46,2,5,22,17,2,718,47,2435,0.0160199999809265,149,0,1.50962461120573,1.76800879413744,52.4319959028149,594.632455805756,56
"343",2021-02-06,13797,598,427,61,49.9,25,1,4,19,3,6,22,16,0,721,20,2370,0.0147699999809265,205,0.0146300005912781,1.47588543984496,1.7680969943187,22.9316549776921,566.056483832992,25
"344",2021-02-07,13822,553,429,33,51,25,1,2,19,3,4,24,20,2,724,20,1004,0.0249000000953674,75,0,2.31692308579693,1.82730346048305,20.322855433792,506.626952744348,25
"345",2021-02-08,13870,551,431,24,50.6,48,1,7,39,2,5,22,17,2,726,40,852,0.0140799999237061,28,0,1.36319999261336,1.6252271266111,45.0264485478335,523.814328746406,48
"346",2021-02-09,13924,570,431,42,48.1,54,5,7,39,0,2,20,18,0,726,44,2243,0.0178299999237061,149,0,1.67193519351474,1.54438558014343,48.3374301924401,535.507618402065,54
"347",2021-02-10,13979,585,432,41,46.3,55,0,5,49,3,4,21,17,1,729,49,2791,0.0125399994850159,100,0,1.21062395581734,1.54107912736435,51.8529891932607,559.367319960357,55
"348",2021-02-11,14037,610,433,51,46.3,58,1,11,44,1,3,17,14,1,730,45,2565,0.0155900001525879,58,0,1.52452727378528,1.58181707893976,53.5170006893572,576.341564900176,58
"349",2021-02-12,14088,613,435,52,43.4,51,0,8,42,3,2,17,15,2,733,42,2612,0.0157000005245209,173,0,1.47247401687786,1.57650985117864,47.7616612290677,580.330912700441,51
"350",2021-02-13,14123,614,435,45,41.1,35,0,4,30,6,2,21,19,0,739,30,2100,0.0219000005722046,46,0.0217400002479553,2.18965709287211,1.67847723018252,31.6224686626318,565.339858628531,35
"351",2021-02-14,14163,586,437,49,43.4,40,0,4,34,4,2,21,19,2,743,34,1173,0.0170500004291534,10,0,1.69058753198622,1.58900072249527,35.9196066077478,550.143808004124,40
"352",2021-02-15,14223,606,438,34,44.9,60,2,7,50,4,2,23,21,1,747,52,867,0.0253699994087219,26,0,2.46313432109316,1.74613419799239,54.3642465922832,551.9756429793,60
"353",2021-02-16,14276,603,438,61,47.6,53,4,13,33,3,2,24,22,0,750,37,1560,0.0333299994468689,23,0,3.28457353993149,1.97651110462335,45.6014493133737,531.315511782819,53
"354",2021-02-17,14333,619,439,50,48.9,57,5,6,43,2,2,25,23,1,752,48,2064,0.0184099996089935,222,0,1.66221518779364,2.04102413776282,51.1122647751242,581.760247829206,56
"355",2021-02-18,14402,633,439,68,51.3,69,3,12,50,3,3,26,23,0,755,53,2349,0.021710000038147,116,0,2.06883529775283,2.11878242690105,61.0314608054622,585.602163959577,69
"356",2021-02-19,14459,641,440,58,52.1,57,2,17,35,1,3,26,23,1,756,37,2577,0.0155200004577637,97,0.0103100001811981,1.53310064312764,2.12744337350816,51.9469417248496,605.432152584557,55
"357",2021-02-20,14506,619,440,66,55.1,47,0,3,43,4,3,26,23,0,760,43,2386,0.0268199992179871,68,0,2.60768207555489,2.18716122817713,41.9416267730321,560.578301686206,46
"358",2021-02-21,14543,602,440,53,55.7,37,0,6,30,2,4,24,20,0,762,30,1001,0.0299699997901916,28,0,2.91544895918191,2.36214143206222,32.8344033019981,538.477026260095,36
"359",2021-02-22,14609,620,440,32,55.4,66,0,12,53,1,6,23,17,0,763,53,863,0.0150600004196167,66,0,1.39900757396439,2.21012332532954,62.3163565041821,588.606434577224,66
"360",2021-02-23,14660,622,440,47,53.4,51,0,7,43,3,6,25,19,0,766,43,2035,0.0186699998378754,84,0,1.79298960217444,1.99703990564996,47.2095444203457,581.635735568722,51
"361",2021-02-24,14709,630,441,60,54.9,49,2,10,37,1,6,24,18,1,767,39,2871,0.0181099998950958,41,0,1.78550170669025,2.01465226549234,46.4796911549671,589.287318657161,49
"362",2021-02-25,14743,626,441,43,51.3,34,1,4,27,1,6,23,17,0,768,28,2378,0.0193400001525879,127,0,1.8359489166808,1.98138278248205,30.1394235848176,584.402827289136,34
"363",2021-02-26,14806,626,441,56,51,63,6,13,40,1,6,21,15,0,769,46,2639,0.0181900000572205,181,0,1.70224858691506,2.00554677445168,56.1659356901504,587.432081348568,62
"364",2021-02-27,14846,624,442,70,51.6,40,0,6,28,3,6,23,17,1,772,28,2535,0.0205100011825562,47,0.0212800002098083,2.05240174313094,1.92622101267683,31.9200672507531,577.647213016784,42
"365",2021-02-28,14912,637,442,50,51.1,66,2,9,52,7,6,28,22,0,779,54,1553,0.0257599997520447,94,0,2.42897872586068,1.85672526505951,58.2527034926153,580.999483792517,67
"366",2021-03-01,14977,639,442,55,54.4,65,3,5,55,3,6,29,23,0,782,58,991,0.0302699995040894,45,0,2.89551829233133,2.0705125105405,56.9216851347742,572.033737950357,65
"367",2021-03-02,15039,645,443,62,56.6,62,2,7,52,3,4,29,25,1,785,54,1985,0.0256900000572205,41,0,2.51701135802481,2.1739441899477,56.0806488744504,586.241083778157,62
"368",2021-03-03,15096,653,443,65,57.3,57,1,5,48,6,5,32,27,0,791,49,2612,0.0191400003433228,108,0,1.83800297414555,2.18144437101274,50.7403484547394,609.560153896833,55
"369",2021-03-04,15146,640,443,61,59.9,50,2,3,44,1,5,31,26,0,792,46,2381,0.0201600003242493,223,0.00448000013828278,1.88172046093988,2.18798316304975,45.8671339541963,596.412298493166,46
"370",2021-03-05,15204,628,444,51,59.1,58,2,8,45,2,2,28,26,1,794,47,2402,0.0187300002574921,152,0,1.76152938991762,2.19645184919297,52.0034837422215,587.961442342875,62
"371",2021-03-06,15243,625,445,46,55.7,39,2,2,32,0,2,26,24,1,794,34,1943,0.0210999989509583,23,0,2.08531525746246,2.20115377981176,33.4338648544919,577.828398060513,40
"372",2021-03-07,15282,615,446,55,56.4,39,0,0,38,2,5,25,20,1,796,38,1739,0.0189800000190735,16,0.0625,1.93767635516631,2.13096772685542,35.3350214165023,571.86942555655,35
"373",2021-03-08,15354,645,447,39,54.1,72,1,10,55,6,4,29,25,1,802,56,1161,0.0198099994659424,140,0,1.76782547117288,1.96986875240421,62.4169216823642,603.730615805802,69
"374",2021-03-09,15418,661,447,70,55.3,64,1,7,54,1,3,27,24,0,803,55,2081,0.0312299990653992,57,0,3.03973938517753,2.0445441848546,55.948989215298,588.277852205672,60
"375",2021-03-10,15489,675,447,78,57.1,71,1,10,56,0,2,24,22,0,803,57,2618,0.0183299994468689,186,0,1.71141007674404,2.02645948522582,63.4693243095438,633.189366823545,66
"376",2021-03-11,15557,681,450,72,58.7,68,1,4,60,1,2,20,18,3,804,61,2283,0.0275999999046326,85,0,2.66092904485963,2.13777499721435,59.1252144778448,615.414279662497,63
"377",2021-03-12,15621,666,450,97,65.3,64,1,6,53,2,2,17,15,0,806,54,2325,0.0232299995422363,132,0,2.19819897988195,2.20015636720926,55.7037489753919,613.012904029834,58
"378",2021-03-13,15670,666,450,58,67,49,2,2,39,4,4,21,17,0,810,41,2322,0.0189499998092651,97,0,1.81901197011631,2.16211304044552,40.3007177391812,622.15312229987,50
"379",2021-03-14,15737,689,450,64,68.3,67,2,6,57,2,3,22,19,0,812,59,1530,0.033989999294281,36,0,3.32086200001596,2.35971098970976,57.9086041771704,606.186919967295,58
"380",2021-03-15,15829,721,451,62,71.6,92,0,6,83,4,5,24,19,1,816,83,994,0.0392400002479553,13,0,3.87334262626292,2.66049915472262,77.3642898416168,619.923529828984,71
"381",2021-03-16,15912,732,452,83,73.4,83,3,4,72,5,6,27,21,1,821,75,1555,0.0327999997138977,8,0,3.26321174376909,2.69242377737856,70.142005514774,645.545973824194,66
"382",2021-03-17,15982,744,453,79,73.6,70,1,7,59,3,5,27,22,1,824,60,2804,0.0306699991226196,173,0,2.88876981994711,2.86061802640757,60.7267430633543,666.211613985594,61
"383",2021-03-18,16064,771,453,69,73.1,82,2,1,78,1,5,23,18,0,825,80,2542,0.0330399990081787,159,0,3.10950305363903,2.92470002766177,71.9965312495919,684.229069917942,66
"384",2021-03-19,16174,810,455,112,75.3,110,1,3,104,1,4,23,19,2,826,105,2586,0.0425400018692017,94,0,4.10479271767744,3.19707056163255,92.4005453045287,689.661349492079,83
"385",2021-03-20,16220,816,456,93,80.3,46,0,1,44,3,4,26,22,1,829,44,1930,0.0507800006866455,147,0.00680000007152557,4.76673092613096,3.61817326963465,37.4089439029046,675.220414199322,50
"386",2021-03-21,16252,794,457,82,82.9,32,0,0,32,2,4,26,22,1,831,32,794,0.0541599988937378,66,0,5.00035338623579,3.85810061052319,26.2086533214644,650.302210538836,65
"387",2021-03-22,16252,755,457,41,79.9,0,0,0,0,0,4,26,22,0,831,0,NA,NA,NA,NA,NA,NA,NA,NA,NA
