"","date","observed_cumulative_cases","observed_active_cases","observed_cumulative_deaths","observed_new_cases","observed_daily_average_cases","observed_new_episodes","observed_new_cases_community_outbreak","observed_new_cases_institution_outbreak","observed_new_cases_sporadic","observed_new_ICU_p_acute_care","observed_census_ICU","observed_census_ICU_p_acute_care","observed_census_acute_care","observed_new_deaths","cumulative_hosp","observed_new_community_cases","num_non_ltch_tests","non_ltch_pct_positivity","num_ltch_tests","ltch_pct_positivity","observed_pct_positivity","pct_positivity_7_day","adjusted_new_episodes","adjusted_active_cases","adjusted_episode_cases"
"1",2020-03-01,7,7,0,0,0,2,0,0,2,0,0,1,1,0,0,2,NA,NA,NA,NA,NA,NA,NA,NA,2
"2",2020-03-02,10,10,0,0,0,3,2,0,1,0,0,1,1,0,0,3,NA,NA,NA,NA,NA,NA,NA,NA,3
"3",2020-03-03,11,11,0,0,0,1,0,0,1,0,0,1,1,0,0,1,NA,NA,NA,NA,NA,NA,NA,NA,1
"4",2020-03-04,12,12,0,0,0,1,0,0,1,0,0,1,1,0,0,1,NA,NA,NA,NA,NA,NA,NA,NA,1
"5",2020-03-05,18,18,0,0,0,6,2,0,4,0,0,1,1,0,0,6,NA,NA,NA,NA,NA,NA,NA,NA,6
"6",2020-03-06,23,23,0,0,0,5,0,1,4,0,0,1,1,0,0,4,NA,NA,NA,NA,NA,NA,NA,NA,5
"7",2020-03-07,27,27,0,0,0,4,0,0,4,0,0,1,1,0,0,4,NA,NA,NA,NA,NA,NA,NA,NA,4
"8",2020-03-08,36,36,0,0,0,9,1,0,8,0,0,1,1,0,0,9,NA,NA,NA,NA,NA,NA,NA,NA,9
"9",2020-03-09,45,45,0,1,0.1,9,0,0,9,0,0,1,1,0,0,9,NA,NA,NA,NA,NA,NA,NA,NA,9
"10",2020-03-10,52,52,0,0,0.1,7,1,0,6,0,0,1,1,0,0,7,NA,NA,NA,NA,NA,NA,NA,NA,7
"11",2020-03-11,61,61,0,0,0.1,9,0,0,9,0,0,1,1,0,0,9,NA,NA,NA,NA,NA,NA,NA,NA,9
"12",2020-03-12,75,75,0,3,0.6,14,1,0,13,0,0,1,1,0,0,14,NA,NA,NA,NA,NA,NA,NA,NA,14
"13",2020-03-13,97,97,0,1,0.7,22,2,2,18,0,0,1,1,0,0,20,NA,NA,NA,NA,NA,NA,NA,NA,22
"14",2020-03-14,115,115,0,4,1.3,18,1,1,16,1,0,2,2,0,1,17,NA,NA,NA,NA,NA,NA,NA,NA,18
"15",2020-03-15,142,142,0,4,1.9,27,1,0,26,0,0,2,2,0,1,27,NA,NA,NA,NA,NA,NA,NA,NA,27
"16",2020-03-16,157,157,0,0,1.7,15,0,0,15,0,0,2,2,0,1,15,NA,NA,NA,NA,NA,NA,NA,NA,15
"17",2020-03-17,180,179,0,5,2.4,23,1,0,22,2,0,4,4,0,3,23,127,0,4,0,0,3.91631563163937,23,179,23
"18",2020-03-18,196,194,0,4,3,16,0,0,16,0,0,3,3,0,3,16,210,0.0190499997138977,1,0,1.89597153550641,4.9882989479044,15.6399577512773,189.634487734238,16
"19",2020-03-19,221,219,0,1,2.7,25,0,0,25,4,0,7,7,0,7,25,110,0.0272699999809265,9,0,2.52075630075791,1.12493485800177,24.252050045641,212.447958399815,25
"20",2020-03-20,243,241,0,2,2.9,22,1,1,20,3,1,10,9,0,10,21,137,0.00730000019073486,4,0,0.709290798674238,3.33007145263098,21.8232150497522,238.971182237632,22
"21",2020-03-21,263,261,0,4,2.9,20,0,2,18,3,1,10,9,0,13,18,204,0.0147099995613098,3,0,1.44968111618705,3.73673192615194,19.690296112504,256.509293631308,20
"22",2020-03-22,289,287,0,7,3.3,26,0,1,25,3,5,13,8,0,16,25,159,0.0314499998092651,2,0,3.10593165818208,3.21771174429362,25.0784188692572,276.420248619073,26
"23",2020-03-23,311,309,0,9,4.6,22,2,0,20,4,5,17,12,0,20,22,138,0.0362299990653992,3,0,3.54591480214545,4.14196392664783,21.0741243824352,295.995656098749,22
"24",2020-03-24,329,325,1,8,5,18,1,3,14,3,7,20,13,1,23,15,253,0.0197599995136261,4,0,1.94524508830638,2.97459838504624,17.6536882265267,317.496578241411,18
"25",2020-03-25,352,348,1,8,5.6,23,0,1,22,4,8,23,15,0,27,22,153,0.0588199996948242,2,0,5.80610319568265,3.86553159551176,21.4839654413876,324.019089709223,23
"26",2020-03-26,366,358,1,19,8.1,14,1,3,10,2,7,25,18,0,29,11,274,0.025550000667572,3,0,2.5273285858898,4.22511871201689,13.6700439737252,347.261431144874,14
"27",2020-03-27,383,366,1,27,11.7,17,3,2,12,5,9,26,17,0,34,15,577,0.0294600009918213,4,0,2.92571782655437,3.34602638651584,16.4791347705812,353.290888402181,17
"28",2020-03-28,408,388,2,26,14.9,25,1,1,23,3,8,25,17,1,37,24,367,0.0817399978637695,3,0,8.10772411243336,4.96540532428532,22.6905323997779,350.663607129743,25
"29",2020-03-29,427,400,2,11,15.4,19,5,4,10,7,8,31,23,0,44,15,184,0.0434800004959106,0,0,4.34800004959107,5.24839487129029,18.2259260196632,379.358027191018,19
"30",2020-03-30,452,409,3,48,21,25,8,3,14,4,12,32,20,1,48,22,549,0.0783199977874756,0,0,7.83199977874756,5.20900568076375,22.9549825541415,370.981266574722,25
"31",2020-03-31,469,406,3,51,27.1,17,2,3,12,6,13,34,21,0,54,14,943,0.064689998626709,0,0,6.4689998626709,5.77371456142217,15.9251030080441,374.827987233279,17
"32",2020-04-01,496,409,3,37,31.3,27,6,4,16,3,15,33,18,0,57,22,575,0.0573899984359741,4,0.25,5.87206374795943,3.21467848547554,24.4667424480328,380.495348238428,27
"33",2020-04-02,513,405,6,32,33.1,17,5,4,7,6,14,34,20,3,63,12,107,0.0841100025177002,9,0,7.75842264602924,1.83967607694745,14.8950150818306,367.706759011784,17
"34",2020-04-03,540,410,6,26,33,27,3,4,19,5,14,37,23,0,68,22,217,0.110600004196167,2,0,10.9589958495745,5.22400512885283,23.1384910195881,356.671878092323,27
"35",2020-04-04,557,417,7,18,31.9,17,3,7,6,7,14,43,29,1,75,9,315,0.0253999996185303,3,0,2.51603769806196,4.48597303144282,15.7312420478285,404.547548216053,17
"36",2020-04-05,584,428,8,40,36,27,4,8,13,4,13,43,30,1,79,17,422,0.0663500022888184,5,0.2,6.79149905524153,4.16803340824819,23.6296981756342,393.50063642185,27
"37",2020-04-06,603,427,9,40,34.9,19,3,7,9,4,12,44,32,1,83,12,238,0.117650003433228,4,0.25,11.9837606682265,3.59324434773785,17.2932259035774,366.267288402295,19
"38",2020-04-07,626,425,9,25,31.1,23,2,11,10,4,14,45,31,0,87,12,285,0.108769998550415,6,0,10.6527318167932,4.25457155473089,21.4827962419805,371.265700236809,23
"39",2020-04-08,646,428,11,26,29.6,20,1,10,8,5,16,44,28,2,92,9,368,0.0434800004959106,6,0.333330001831055,4.81300005173301,3.67798247274579,18.485885271631,403.55098847312,20
"40",2020-04-09,682,436,11,25,28.6,36,1,20,13,6,16,47,31,0,98,14,295,0.0949199962615967,5,0,9.33379963239034,5.46318495933137,32.4490843466747,387.700055367869,36
"41",2020-04-10,716,453,11,36,30,34,0,20,13,4,16,49,33,0,102,13,331,0.090629997253418,8,0,8.84912362562872,3.69357634669163,31.6346459444904,405.422662527241,34
"42",2020-04-11,760,483,11,31,31.9,44,0,34,8,5,19,53,34,0,107,8,225,0.102220001220703,11,0.363639984130859,11.4404830932617,2.56708449769668,40.9137344147228,417.416715288887,44
"43",2020-04-12,793,498,13,35,31.1,33,0,18,14,1,18,49,31,2,108,14,227,0.101319999694824,12,0.5,12.1337405567887,3.33071122415002,29.9838427109997,426.282405005562,33
"44",2020-04-13,817,505,16,16,27.7,24,0,19,5,3,20,51,31,3,111,5,165,0.0606099987030029,26,0.0384599995613098,5.75948155737672,3.44535165007856,23.6582133729725,470.479550670225,24
"45",2020-04-14,850,505,18,32,28.7,33,0,26,7,5,20,50,30,2,116,7,208,0.0673099994659424,18,0.166669998168945,7.52236276812258,6.06044841264623,32.3750374645612,459.913417086201,33
"46",2020-04-15,879,503,24,60,33.6,29,2,18,9,4,16,50,34,6,120,11,390,0.1,24,0.208330001831055,10.6280000106148,3.11945015201198,27.6124587557275,439.55152310281,29
"47",2020-04-16,949,552,24,21,33,70,1,55,13,7,13,52,39,0,127,14,310,0.0354800009727478,11,0,3.42641753942424,3.02345438851925,68.4306622376722,529.551825371074,70
"48",2020-04-17,981,556,26,73,38.3,32,0,26,6,0,13,49,36,2,127,6,378,0.0846599960327148,66,0.5,14.6399726352176,4.14162299903353,30.9574588996768,459.39119137005,32
"49",2020-04-18,1021,578,31,31,38.3,40,0,31,9,1,11,46,35,5,128,9,421,0.0617600011825562,8,0,6.06082995288022,4.31831817531008,39.3525946579216,536.422190253188,40
"50",2020-04-19,1038,581,35,38,38.7,17,0,13,4,5,15,47,32,4,133,4,452,0.0442500019073486,47,0.127659997940063,5.21062540386865,2.68942019689812,16.7526274455435,545.069136465189,17
"51",2020-04-20,1099,617,39,16,38.7,61,1,47,13,3,13,45,32,4,136,14,325,0.0523099994659424,43,0.0232599997520447,4.89155701515467,3.33488120713335,60.1872128562081,581.179309448599,61
"52",2020-04-21,1135,630,47,51,41.4,36,0,26,10,2,11,43,32,8,138,10,543,0.069980001449585,25,0.36,8.27449661745152,3.3430735371909,35.0179281725082,568.129474868019,36
"53",2020-04-22,1176,647,54,35,37.9,41,1,31,9,4,9,45,36,7,142,10,656,0.0243899989128113,122,0.106560001373291,3.7275269221524,3.21706265864382,40.5575925224572,618.376236202983,41
"54",2020-04-23,1221,662,57,50,42,45,0,35,10,5,11,48,37,3,147,10,775,0.0361299991607666,105,0.0285700011253357,3.522795394063,3.8666623827206,44.5818914103813,634.321211367245,45
"55",2020-04-24,1262,669,65,38,37,41,0,36,5,7,10,48,38,8,154,5,517,0.0406199979782104,94,0.106379995346069,5.07369206501887,5.56603129164666,40.698910382783,628.714209216367,41
"56",2020-04-25,1363,741,78,53,40.1,101,0,95,6,4,9,48,39,13,158,6,557,0.0502699995040894,28,0.0357100009918213,4.95731106864081,4.17789224760848,100.646980177838,697.402051962958,101
"57",2020-04-26,1417,760,87,88,47.3,54,0,41,13,5,9,50,41,9,163,13,358,0.0502799987792969,81,0.0123500001430511,4.32815252268233,3.70993417106485,53.3321982097082,720.95927995217,54
"58",2020-04-27,1478,784,95,87,57.4,61,0,54,7,8,11,56,45,8,171,7,269,0.0632000017166138,80,0.1,7.16355314090805,4.56067778361507,60.4048475895547,717.342930030121,61
"59",2020-04-28,1499,780,103,65,59.4,21,0,14,7,7,13,61,48,8,178,7,503,0.0616300010681152,11,0.272730007171631,6.61477054788909,3.95235498567886,20.4504407856434,718.763401828838,21
"60",2020-04-29,1524,769,111,29,58.6,25,0,17,8,7,13,62,49,8,185,8,668,0.0314400005340576,74,0.148649997711182,4.31294072606172,2.94420686384356,24.5904894012019,729.63579369053,25
"61",2020-04-30,1544,759,122,30,55.7,20,0,10,10,2,11,56,45,11,187,10,603,0.0414599990844727,6,0.333330001831055,4.43355656139956,3.44551484539141,19.473796268723,719.061136796077,20
"62",2020-05-01,1567,742,135,42,56.3,23,0,16,7,6,11,57,46,13,193,7,516,0.031010000705719,55,0.0909099960327148,3.67797025323123,2.30453278025754,22.69443196432,709.609788217916,23
"63",2020-05-02,1588,743,139,22,51.9,21,0,15,6,4,12,57,45,4,197,6,508,0.0511800003051758,28,0.0357100009918213,5.03718660126871,4.41733368082991,20.6412920848508,698.580003174027,21
"64",2020-05-03,1607,724,148,23,42.6,19,0,13,6,3,12,52,40,9,200,6,826,0.0205800008773804,231,0.0043299999833107,1.70286761786764,3.6534749315111,18.8787354645892,709.367412727097,19
"65",2020-05-04,1625,721,152,14,32.1,18,0,11,7,6,10,52,42,4,206,7,637,0.0109899997711182,24,0.125,1.51295459216373,3.28186990946069,17.8743027999222,708.053188391988,18
"66",2020-05-05,1650,721,156,29,27,25,0,24,1,3,9,50,41,4,209,1,923,0.0292499995231628,29,0.172409992218018,3.36109656871868,4.51450321990485,24.960108289335,692.238076610545,25
"67",2020-05-06,1666,694,161,23,26.1,16,0,11,5,4,10,52,42,5,213,5,598,0.0167200005054474,149,0.0134200000762939,1.60617674881196,4.84520871063607,15.9046841754909,680.770163558135,16
"68",2020-05-07,1689,672,167,32,26.4,23,0,16,7,6,10,54,44,6,219,7,813,0.0356699991226196,234,0.0128199994564056,3.05631224063884,5.00592417947669,22.7460796951861,647.623650737867,23
"69",2020-05-08,1702,639,173,16,22.7,13,0,8,5,4,8,54,46,6,223,5,715,0.00978999972343445,127,0.0472399997711182,1.54386339349022,2.28401606188567,12.9083820554688,627.291226688913,13
"70",2020-05-09,1719,623,179,12,21.3,17,0,12,5,5,6,51,45,6,228,5,1100,0.0154499995708466,164,0.0304900002479553,1.74013920637626,1.9576290139321,16.8967344015289,610.133106430504,17
"71",2020-05-10,1731,554,185,25,21.6,12,0,8,4,3,5,52,47,6,231,4,907,0.0176400005817413,316,0.0126600003242493,1.6353262984548,2.26079293313219,11.9223634760775,543.247341436732,12
"72",2020-05-11,1751,535,188,14,21.6,20,0,14,6,1,5,51,46,3,232,6,517,0.00967000007629394,197,0.0152300000190735,1.12040616851561,1.6784242225907,19.9202136842166,527.885720175984,20
"73",2020-05-12,1774,518,193,13,19.3,23,0,17,6,4,6,51,45,5,236,6,835,0.0131700003147125,322,0.00310999989509583,1.03702422031165,2.71652070496625,22.9261514759184,511.62441075429,23
"74",2020-05-13,1795,500,195,21,19,21,0,15,6,2,7,47,40,2,238,6,1249,0.0144099998474121,224,0.0133899998664856,1.42548878340193,3.50451767723225,20.8984881541943,491.54067951619,21
"75",2020-05-14,1809,472,198,25,18,14,0,10,4,2,6,45,39,3,240,4,1046,0.0267700004577637,127,0.0236199998855591,2.6428951802461,2.54164242948619,13.8745295082212,457.194481970106,14
"76",2020-05-15,1829,458,201,17,18.1,20,0,12,8,1,5,44,39,3,241,8,1163,0.012039999961853,137,0.0146000003814697,1.23097846214588,3.90523460992325,19.883119486411,451.30859059703,20
"77",2020-05-16,1845,438,207,19,19.1,16,0,6,10,1,4,42,38,6,242,10,967,0.0134399998188019,25,0.04,1.4109354662078,3.46364435123163,15.8325408739851,430.665290280548,16
"78",2020-05-17,1857,398,212,15,17.7,12,0,9,3,1,2,42,40,5,243,3,353,0.0254999995231628,10,0.1,2.7552341134095,2.10866175552835,11.9018971935326,384.985027675323,12
"79",2020-05-18,1872,390,213,26,19.4,15,0,8,7,2,1,43,42,1,245,7,376,0.0398900008201599,17,0.0588199996948242,4.07088557333133,6.60443062228757,14.6617883173394,371.156777680337,15
"80",2020-05-19,1884,353,219,23,20.9,12,0,8,4,0,1,40,39,6,245,4,359,0.0390000009536743,31,0.225809993743896,5.38490003805894,2.03691832297806,11.7443538203843,330.439224648912,12
"81",2020-05-20,1899,339,223,17,20.3,15,0,9,6,3,1,41,40,4,248,6,675,0.0296300005912781,36,0.0555600023269653,3.0942912071566,2.68173985157522,14.7796494679185,326.550194937393,15
"82",2020-05-21,1907,325,229,11,18.3,8,0,1,7,0,1,38,37,6,248,7,478,0.0209200000762939,36,0,1.94547860631683,2.95966536676334,7.83836843822554,317.495677489043,8
"83",2020-05-22,1914,309,233,7,16.9,7,0,3,4,1,1,36,35,4,249,4,514,0.00583999991416931,14,0,0.568515143159664,1.31386297723829,6.9730099494187,306.915018592594,7
"84",2020-05-23,1923,305,236,6,15,9,1,3,5,1,0,35,35,3,250,6,582,0.00859000027179718,43,0,0.799900825309753,3.34084418323294,8.94303749690339,302.104406092589,9
"85",2020-05-24,1933,302,237,8,14,10,0,3,7,1,1,36,35,1,251,7,332,0.0150600004196167,25,0.04,1.68064989896716,3.17893065722198,9.8603705704683,295.975987468775,10
"86",2020-05-25,1948,298,240,6,11.1,15,1,7,7,0,1,35,34,3,251,8,401,0.0174600005149841,8,0,1.71184846124906,4.2027599125231,14.8374612282099,291.945430750817,15
"87",2020-05-26,1954,288,243,16,10.1,6,0,2,4,1,1,35,34,3,252,4,1123,0.00800999999046326,41,0.0731699991226196,1.03051545990701,3.1749729774069,5.95107665165589,284.477518919224,6
"88",2020-05-27,1959,261,243,8,8.9,5,0,1,4,1,1,33,32,0,253,4,1150,0.00957000017166138,13,0.0769199991226196,1.03228376491871,2.21941166316051,4.9509927020157,257.802273806525,5
"89",2020-05-28,1963,236,244,4,7.9,4,0,2,2,1,1,31,30,1,254,2,1403,0.00284999996423721,88,0,0.268179071081476,3.84600070156374,3.99363414784951,235.248829446242,4
"90",2020-05-29,1970,226,247,7,7.9,7,0,3,4,2,1,32,31,3,256,4,1380,0.0065200001001358,37,0,0.634975309681539,3.05262143853682,6.96985477707606,224.296794904798,7
"91",2020-05-30,1973,208,248,15,9.1,3,1,1,1,0,1,31,30,1,256,2,1020,0.0127499997615814,119,0,1.1417910234252,4.96818116223893,2.9728969422835,205.181281997484,3
"92",2020-05-31,1977,193,249,10,9.4,4,0,1,3,3,1,34,33,1,259,3,1309,0.00535000026226044,11,0.0909099960327148,0.606300022701422,4.01101503371625,3.97841209445732,191.611178076754,4
"93",2020-06-01,1988,184,250,5,9.3,11,0,5,6,0,1,31,30,1,259,6,763,0.00130999997258186,20,0,0.127653892602805,1.3584334708949,10.9909095165018,183.721225172722,11
"94",2020-06-02,1991,165,251,8,8.1,3,0,1,2,0,1,26,25,1,259,2,858,0.0104900002479553,9,0,1.03811075118174,1.95621500057418,2.97535803397631,162.967037803046,3
"95",2020-06-03,2001,156,251,8,8.1,10,0,7,3,0,0,22,22,0,259,3,1110,0.00449999988079071,141,0,0.399280564962245,2.0493440119792,9.98578322480836,155.260727690035,10
"96",2020-06-04,2008,146,254,8,8.7,7,0,2,5,0,0,20,20,3,259,5,1430,0.00559000015258789,21,0,0.550909732474203,1.21554948024347,6.96730719989583,145.045370236958,7
"97",2020-06-05,2012,137,256,15,9.9,4,0,1,3,1,0,21,21,2,260,3,1366,0.00952000021934509,29,0,0.932209340474939,4.54546359178658,3.96680777431194,135.484221693579,4
"98",2020-06-06,2015,128,257,2,8,3,0,0,3,0,0,21,21,1,260,3,1404,0.000710000023245811,68,0,0.0677201109128478,2.13470757944391,2.99758875919019,127.897120392115,3
"99",2020-06-07,2016,118,258,4,7.1,1,0,0,1,0,0,20,20,1,260,1,870,0.00230000004172325,22,0,0.22432735832951,1.17381426146552,0.997337534971174,117.685829126599,1
"100",2020-06-08,2019,110,258,0,6.4,3,0,0,3,0,0,19,19,0,260,3,701,0.0014300000667572,12,0,0.140593274445554,3.35079597764225,2.99499403889984,109.816448092994,3
"101",2020-06-09,2029,107,259,3,5.7,10,0,3,7,0,0,18,18,1,260,7,1338,0.00224000006914139,10,0,0.222338285794598,1.65093614786697,9.98152799817045,106.717642257748,10
"102",2020-06-10,2039,105,259,7,5.6,10,0,4,6,0,0,17,17,0,260,6,1281,0.00233999997377396,12,0,0.231828303666236,3.26493399824025,9.98349105283101,104.711093424543,10
"103",2020-06-11,2046,104,260,5,5.1,7,0,2,5,0,0,16,16,1,260,5,1529,0.00326999992132187,6,0,0.325721816267175,3.24749675325114,6.98067059338203,103.597948342346,7
"104",2020-06-12,2050,107,260,10,4.4,4,0,2,2,0,0,16,16,0,260,2,1596,0.00814999997615814,13,0,0.808415162333648,2.32359755459641,3.98081039143407,105.973355941723,4
"105",2020-06-13,2053,105,260,6,5,3,0,3,0,0,0,16,16,0,260,0,1479,0.00270000010728836,23,0.0434800004959106,0.332446083228058,1.02486385849205,3,104.585702617365,3
"106",2020-06-14,2056,102,260,1,4.6,3,0,1,2,0,0,16,16,0,260,2,768,0,13,0,0,2.28118551391153,3,102,3
"107",2020-06-15,2061,100,260,2,4.9,5,0,2,3,0,0,14,14,0,260,3,720,0.00555999994277954,17,0,0.543175028331244,5.79612121562628,4.98065972164653,99.3553240548844,5
"108",2020-06-16,2065,99,260,3,4.9,4,0,1,3,1,0,14,14,0,261,3,1250,0.000799999982118607,14,0,0.0791139222822989,1.24756853351701,3.9971830713881,98.9070413558074,4
"109",2020-06-17,2068,89,260,8,5,3,0,0,3,1,1,6,5,0,262,3,1098,0.0091100001335144,26,0,0.889927059305944,2.86429679160215,2.96831327630407,88.0599605303541,3
"110",2020-06-18,2070,75,260,2,4.6,2,0,0,2,0,1,6,5,0,262,2,1304,0.00230000004172325,122,0,0.210322584460527,2.93781747965684,1.99500750572673,74.8127814647525,2
"111",2020-06-19,2073,73,260,5,3.9,3,0,0,3,0,1,5,4,0,262,3,1875,0.0010700000077486,19,0,0.105926611115556,2.01728461975697,2.99622837936731,72.9082238979379,3
"112",2020-06-20,2079,73,261,1,3.1,6,0,0,6,1,1,5,4,1,263,6,1792,0.000560000017285347,158,0,0.0514625656910432,3.03693982940125,5.99633524999002,72.9554122082119,6
"113",2020-06-21,2085,77,261,1,3.1,6,0,0,6,0,1,4,3,0,263,6,1102,0.00363000005483627,86,0,0.336722227308887,3.32634853995706,5.97602135126145,76.6922740078553,6
"114",2020-06-22,2087,76,262,6,3.7,2,0,1,1,0,1,1,0,1,263,1,509,0.0039300000667572,10,0,0.385427752211834,0.76103003419879,1.99542548925354,75.6523371832691,2
"115",2020-06-23,2096,81,262,4,3.9,9,0,0,9,0,1,1,0,0,263,9,1255,0.00158999994397163,20,0,0.156505876837992,1.33367375563353,8.98328236536591,80.8495412882932,9
"116",2020-06-24,2098,75,263,3,3.1,2,0,0,2,1,1,2,1,1,264,2,1733,0.00289000004529953,24,0,0.285052366448724,3.21461327017645,1.99323362105536,74.746260789576,2
"117",2020-06-25,2104,73,263,6,3.7,6,0,0,6,0,1,2,1,0,264,6,1796,0.00277999997138977,21,0.0476200008392334,0.32982388366758,1.23483991638528,5.97651259581152,72.7142365823735,6
"118",2020-06-26,2108,67,263,6,3.9,4,0,0,4,0,1,2,1,0,264,4,2028,0.00196999996900558,23,0,0.194790830674955,0.836554749707938,3.99075237584091,66.8451022953353,4
"119",2020-06-27,2111,69,263,3,4.1,3,0,0,3,0,1,1,0,0,264,3,1574,0.000640000030398369,80,0,0.0609044768952257,4.37395432930578,2.99783143650815,68.9501230396874,3
"120",2020-06-28,2113,68,263,2,4.3,2,0,0,2,0,1,1,0,0,264,2,880,0.00114000000059605,12,0,0.112466367771807,2.80956972231648,1.99733034995516,67.9092318984755,2
"121",2020-06-29,2117,69,263,1,3.6,4,0,0,4,2,1,3,2,0,266,4,854,0.00351000010967255,8,0,0.347742470262222,3.14409131598495,3.98349105213015,68.7152206492451,4
"122",2020-06-30,2120,68,263,10,4.4,3,0,0,3,0,1,3,2,0,266,3,1605,0.00435999989509583,11,0,0.433032167798812,3.98932404780892,2.9845814659651,67.6505132285422,3
"123",2020-07-01,2122,67,263,4,4.6,2,0,0,2,0,2,3,1,0,266,2,1601,0.00312000006437302,15,0,0.309103966773589,2.01466729157041,1.99266270054678,66.7542004683173,2
"124",2020-07-02,2128,66,263,4,4.3,6,0,1,5,0,1,3,2,0,266,5,1012,0.00197999998927116,12,0,0.195679686439689,2.52630273077999,5.98838772216913,65.8467179326325,6
"125",2020-07-03,2136,74,263,4,4,8,0,0,8,0,1,3,2,0,266,8,1334,0.00300000011920929,14,0,0.296884284794154,0.817540185156179,7.97181105214242,73.7392522323173,8
"126",2020-07-04,2139,74,263,4,4.1,3,0,0,3,0,1,3,2,0,266,3,1257,0.00317999988794327,40,0,0.308192741645697,1.28403202888739,2.98902649588244,73.729320231767,3
"127",2020-07-05,2141,71,263,5,4.6,2,0,0,2,0,1,2,1,0,266,2,734,0.00272000014781952,47,0,0.255631255889824,2.45476754421626,1.99393199934105,70.7845859766074,2
"128",2020-07-06,2147,71,263,0,4.4,6,0,1,5,0,1,2,1,0,266,5,602,0,10,0,0,0.674415745241444,6,71,6
"129",2020-07-07,2154,72,263,6,3.9,7,0,1,6,0,1,1,0,0,266,6,1272,0.0039300000667572,21,0,0.386617175940848,0.821123327889053,6.97246823432992,71.669618811959,7
"130",2020-07-08,2167,78,263,5,4,13,0,1,12,0,1,1,0,0,266,12,1684,0.00296999990940094,39,0,0.29027741424441,2.38002985880722,12.9586575545753,77.7312741047394,13
"131",2020-07-09,2175,82,263,5,4.1,8,0,0,8,1,0,2,2,0,267,8,1504,0.00266000002622604,41,0,0.258941102876632,2.81394728054755,7.97541372978958,81.7479907303432,8
"132",2020-07-10,2191,95,263,12,5.3,16,0,0,16,0,0,2,2,0,267,16,1900,0.00684000015258789,14,0.0714300012588501,0.73124453017455,0.794158698265843,15.861137722756,94.1755052288638,16
"133",2020-07-11,2198,100,263,7,5.7,7,0,0,7,1,1,2,1,0,268,7,1571,0.00381999999284744,25,0,0.376016290022765,2.40986419045713,6.96876033485453,99.5537190693504,7
"134",2020-07-12,2221,120,263,9,6.3,23,0,2,21,1,1,3,2,0,269,21,1068,0.00842999994754791,13,0,0.832862159480219,2.29570231809806,22.7924158952827,118.813805115901,23
"135",2020-07-13,2244,138,263,6,7.1,23,0,2,21,0,0,3,3,0,269,21,808,0.00619000017642975,65,0,0.572911814725686,3.05652101019295,22.8572063998969,137.061642056466,23
"136",2020-07-14,2263,148,263,4,6.9,19,0,2,17,1,0,4,4,0,270,17,1406,0.00356000006198883,66,0,0.340038049399205,3.93475970281606,18.9313914710647,147.402702218681,19
"137",2020-07-15,2284,168,263,15,8.3,21,0,0,21,1,0,5,5,0,271,21,1404,0.00782999992370606,46,0,0.758159992612641,2.15418085582843,20.8110348014884,166.488278411907,21
"138",2020-07-16,2306,186,263,7,8.6,22,0,1,21,0,0,5,5,0,271,21,1695,0.00708000004291534,25,0.04,0.75584884143846,2.3907101593332,21.8116108370807,184.331410271287,22
"139",2020-07-17,2336,213,263,17,9.3,30,0,0,29,0,1,5,4,0,271,29,1787,0.00726999998092651,21,0,0.718555860946664,0.891727399691504,28.7526794498318,211.183473200489,30
"140",2020-07-18,2362,232,263,16,10.6,26,0,0,24,2,1,6,5,0,273,24,1551,0.00708999991416931,81,0,0.673810653607635,3.18597424755332,23.8080664991049,230.14464282468,26
"141",2020-07-19,2380,250,263,28,13.3,18,0,0,18,0,1,6,5,0,273,18,2025,0.0212299990653992,22,0,2.10018310246377,1.36994472419956,17.5513255542728,243.768410476011,18
"142",2020-07-20,2410,275,263,47,19.1,30,0,0,27,2,3,8,5,0,275,27,1548,0.0148599994182587,35,0.0285700011253357,1.51631264301018,2.9341817831986,26.5140918423824,270.050935431673,30
"143",2020-07-21,2434,294,263,23,21.9,24,0,0,23,0,3,8,5,0,275,23,1428,0.0161099994182587,15,0,1.59425358068423,1.81420161011996,22.5648019837749,288.437034053471,24
"144",2020-07-22,2461,314,263,13,21.6,27,0,1,23,2,3,9,6,0,277,23,1771,0.00902999997138977,16,0,0.894914938406899,3.92959579987707,23.7557068645769,310.664867629441,27
"145",2020-07-23,2480,322,263,29,24.7,19,0,1,17,1,3,10,7,0,278,17,1667,0.0101999998092651,32,0,1.0007886805206,2.6727416452896,17.7980736589128,318.175277539407,19
"146",2020-07-24,2503,337,263,34,27.1,23,0,1,18,0,3,7,4,0,278,18,2036,0.0122800004482269,83,0,1.17989999587494,3.34293825839687,18.7479310370407,332.28070886015,23
"147",2020-07-25,2515,336,263,26,28.6,12,0,1,10,0,3,7,4,0,278,10,2126,0.00800000011920929,320,0,0.695339339878943,2.38433789147843,10.9174725414956,333.227077394251,12
"148",2020-07-26,2522,338,263,21,27.6,7,0,0,6,2,4,9,5,0,280,6,1816,0.0121099996566772,73,0,1.16420113163186,3.05894427455533,5.91709495919075,333.329682701079,7
"149",2020-07-27,2537,340,264,22,24,15,0,1,13,1,4,9,5,1,281,13,1601,0.00874000012874603,24,0,0.861091704992148,3.16182928418697,13.8671399450029,336.525198561616,15
"150",2020-07-28,2557,330,264,14,22.7,20,0,2,17,1,4,10,6,0,282,17,1488,0.00739000022411346,24,0,0.727269863325452,3.01744633055034,18.8532607878739,327.151532941082,20
"151",2020-07-29,2573,324,264,20,23.7,16,2,2,12,2,4,11,7,0,284,14,2254,0.00620999991893768,52,0,0.606996522865808,2.25982250453453,15.8991407094749,321.665827847847,16
"152",2020-07-30,2593,334,264,19,22.3,20,1,0,18,1,4,12,8,0,285,19,1891,0.00898999989032745,134,0,0.839510607042431,3.65194357936972,18.8106865549737,330.672068913749,20
"153",2020-07-31,2603,321,264,18,20,10,0,1,9,1,3,13,10,0,286,9,2129,0.00797999978065491,207,0,0.727286795077667,3.93137760935915,9.92231272614197,318.229153899064,10
"154",2020-08-01,2620,308,264,15,18.4,17,0,0,17,1,2,13,11,0,287,17,1629,0.00551999986171722,83,0.0120500004291534,0.583658283315251,3.37821483782635,16.8822368958712,305.866409642843,17
"155",2020-08-02,2628,293,264,2,15.7,8,0,0,8,0,2,13,11,0,287,8,1340,0.00149000003933907,11,0,0.147786828476266,3.58378322204268,7.98596774765345,292.486068757808,8
"156",2020-08-03,2637,279,264,10,14,9,0,1,7,0,1,12,11,0,287,7,1046,0.0114699995517731,47,0,1.09767790769942,2.42358102311236,7.90880424283736,275.365197678803,9
"157",2020-08-04,2649,267,264,20,14.9,12,0,1,11,1,1,11,10,0,288,11,1699,0.0058899998664856,12,0,0.584869069150148,2.36544445216518,11.9236422699346,265.146589642959,12
"158",2020-08-05,2658,247,264,12,13.7,9,1,0,8,1,1,12,11,0,289,9,1599,0.005,70,0,0.479029358897543,1.21054796253076,8.94883107291019,245.595697223202,9
"159",2020-08-06,2668,223,264,12,12.7,10,0,0,10,1,2,10,8,0,290,10,1639,0.00305000007152557,10,0,0.303150401287472,0.655861207168395,9.96402011114859,222.197648478614,10
"160",2020-08-07,2680,224,264,6,11,12,0,3,9,1,2,10,8,0,291,9,1689,0,39,0,0,2.04192464635396,12,224,12
"161",2020-08-08,2686,207,264,14,10.9,6,1,1,4,0,1,10,9,0,291,5,1518,0.00725000023841858,95,0,0.682300084433937,5.6367729654231,5.95951006316175,205.323716614897,6
"162",2020-08-09,2688,198,264,16,12.9,2,0,1,1,2,2,12,10,0,293,1,1589,0.00441000014543533,102,0,0.414399185753799,2.56217990735285,1.99508163717408,197.026164160469,2
"163",2020-08-10,2700,199,264,8,12.6,12,2,0,10,0,1,12,11,0,293,12,1384,0.00578000009059906,27,0,0.566939767922686,4.35467501585909,11.9192542193631,197.660965804437,12
"164",2020-08-11,2713,203,264,8,10.9,13,2,1,10,0,1,12,11,0,293,12,1460,0.00342000007629395,41,0,0.332658235269098,2.65798197982753,12.9526215121749,202.198513914291,13
"165",2020-08-12,2720,186,264,12,10.9,7,3,0,4,0,2,10,8,0,293,7,1486,0.00268999993801117,7,0,0.267738774808078,3.034038176503,6.97775609755908,185.408947735141,7
"166",2020-08-13,2742,189,264,11,10.7,22,0,0,22,0,2,9,7,0,293,22,1689,0.00532999992370605,56,0,0.515895121555274,1.91066613298099,21.8652943624084,187.842756113417,22
"167",2020-08-14,2753,184,264,6,10.7,11,4,1,6,1,2,10,8,0,294,10,1882,0.00477999985218048,36,0,0.469028139822923,2.44447169250589,10.944332647203,182.975720708536,11
"168",2020-08-15,2757,176,264,2,9,4,0,0,4,1,2,11,9,0,295,4,2044,0.00734000027179718,21,0,0.726535620123653,0.695492045071488,3.96550798448873,174.482351317504,4
"169",2020-08-16,2761,158,264,26,10.4,4,0,1,3,0,2,11,9,0,295,3,1196,0.00501999974250793,22,0,0.492932651234769,1.21854159199886,3.98244865064272,157.07562893385,4
"170",2020-08-17,2784,172,265,8,10.4,23,1,4,18,1,1,9,8,1,296,19,1358,0.00662999987602234,32,0,0.647736678535132,2.45356018456901,22.8539324446235,170.677704235539,23
"171",2020-08-18,2810,191,265,15,11.4,26,1,1,24,0,1,7,6,0,296,25,1888,0.00583000004291534,77,0.0519500017166138,0.76372469278389,3.27712735396654,25.7733902920569,189.268701831314,26
"172",2020-08-19,2834,200,265,23,13,24,4,3,15,2,1,7,6,0,298,19,1519,0.0118499994277954,25,0.04,1.23057960691847,2.32918340469244,21.7224987238868,197.078933935651,24
"173",2020-08-20,2851,208,266,24,14.9,17,1,0,16,3,0,6,6,1,301,17,1607,0.00995999991893768,103,0,0.936007009925898,3.59744205990567,16.8111444759268,205.689297117221,17
"174",2020-08-21,2872,215,266,16,16.3,21,3,2,16,0,0,6,6,0,301,19,1804,0.00721000015735626,116,0.00861999988555908,0.729518764093518,4.09019516756752,20.8354902138421,213.138441893476,21
"175",2020-08-22,2891,225,266,16,18.3,19,1,0,18,1,0,7,7,0,302,19,1864,0.00589999973773956,73,0,0.567764559171221,3.03094996975352,18.8719665198285,223.483814050601,19
"176",2020-08-23,2908,235,266,13,16.4,17,0,1,15,0,0,7,7,0,302,15,694,0.0172899997234344,5,0,1.71663230444399,5.43813446260983,15.6943881358049,230.212080794277,17
"177",2020-08-24,2927,251,266,19,18,19,2,0,17,1,1,8,7,0,303,19,1142,0.00962999999523163,58,0,0.91645499954621,2.99326581850126,18.7933352458918,248.269849827307,19
"178",2020-08-25,2941,253,266,23,19.1,14,0,1,13,4,2,11,9,0,307,13,1647,0.0145700001716614,73,0,1.3951622257399,2.80824540230635,13.7847368300415,248.810647538499,14
"179",2020-08-26,2959,261,266,15,18,18,1,4,13,0,2,11,9,0,307,14,1832,0.0049099999666214,41,0,0.480251998870817,2.49673858885852,17.9202007358284,259.512313717944,18
"180",2020-08-27,2972,264,266,16,16.9,13,1,3,9,1,2,9,7,0,308,10,1469,0.00612999975681305,9,0,0.609267228874044,1.98819206866879,12.9276881472609,262.090967087688,13
"181",2020-08-28,3000,274,266,20,17.4,28,0,3,21,1,1,9,8,0,309,21,2137,0.00607999980449677,35,0,0.598202559033591,2.74171377644385,23.8509028880192,272.054637681775,28
"182",2020-08-29,3021,288,266,12,16.9,21,0,2,18,0,1,9,8,0,309,18,1790,0.00726000010967255,11,0.0909099960327148,0.777091068999096,3.34941160979295,19.8339854728601,285.343767565761,21
"183",2020-08-30,3041,302,267,16,17.3,20,0,6,12,2,1,10,9,1,311,12,1402,0.00428000003099442,33,0,0.418157494317364,2.73444654137163,17.9404443730741,300.501183389032,20
"184",2020-08-31,3061,311,267,13,16.4,20,1,3,16,1,1,11,10,0,312,17,1353,0.00517000019550324,54,0,0.497157801315983,2.03990693856594,19.8996898568932,309.164914440811,20
"185",2020-09-01,3086,315,267,18,15.7,25,1,2,22,0,1,11,10,0,312,23,1361,0.0154299998283386,22,0.0909099960327148,1.6630693911127,1.18434038749403,24.5460167010908,308.782402645373,25
"186",2020-09-02,3122,325,267,15,15.7,36,1,9,26,0,1,9,8,0,312,27,1528,0.00261999994516373,51,0,0.253537676770752,1.77061785075446,35.9187528865012,324.022025485663,36
"187",2020-09-03,3144,326,267,24,16.9,22,1,4,17,1,1,8,7,0,313,18,1493,0.00938000023365021,133,0.00751999974250793,0.922785997207461,4.00856515354092,21.8028598100155,322.429572114725,22
"188",2020-09-04,3166,330,267,24,17.4,22,0,3,19,3,1,11,10,0,316,19,2705,0.00813000023365021,258,0.00774999976158142,0.809691210614641,2.34223993149981,21.8174109639556,326.828716742386,22
"189",2020-09-05,3191,337,267,17,18.1,25,1,11,13,2,1,13,12,0,318,14,2256,0.00398999989032745,164,0,0.371960320354493,1.76828085619916,24.9381946146292,335.512256080717,25
"190",2020-09-06,3212,339,267,26,19.6,21,1,3,16,1,1,14,13,0,319,17,1310,0.00611000001430511,192,0.03125,0.932363516560566,2.4609303101616,19.8118796134222,335.248658173536,21
"191",2020-09-07,3253,364,267,29,21.9,41,2,6,33,0,1,12,11,0,319,35,1290,0.0147300004959106,44,0,1.4244153403092,2.13106880646168,40.4082934777023,357.846252168104,41
"192",2020-09-08,3305,401,267,24,22.7,52,0,14,36,3,1,14,13,0,322,36,1097,0.0127600002288818,4,0,1.27136423715562,3.52963462383951,49.4567819884332,394.949154926715,52
"193",2020-09-09,3350,432,267,15,22.7,45,2,10,31,0,1,13,12,0,322,33,1587,0.0144900000095367,29,0,1.42299690687715,4.35188188558616,42.4426608307888,424.703923603053,45
"194",2020-09-10,3427,494,267,33,24,77,1,21,52,2,2,14,12,0,324,53,1959,0.0127600002288818,61,0,1.23746734892968,3.63261057942039,73.2215848349268,486.744583178374,77
"195",2020-09-11,3457,508,267,60,29.1,30,0,1,25,0,1,12,11,0,324,25,2314,0.0155599999427795,93,0.0752699995040894,1.78670335776785,2.26464492817481,25.4698556562196,497.227466934383,30
"196",2020-09-12,3506,533,269,47,33.4,49,0,4,42,1,0,12,12,2,325,42,1900,0.0168400001525879,26,0,1.66126688940379,2.38202254705002,45.1718855371012,522.490833125594,49
"197",2020-09-13,3541,546,270,31,34.1,35,1,5,29,1,1,11,10,1,326,30,1199,0.0166799998283386,44,0,1.6089557356539,2.19496961834805,34.4271155674892,535.573503328304,35
"198",2020-09-14,3609,596,272,59,38.4,68,0,19,49,1,1,11,10,2,327,49,2394,0.0141999995708466,218,0.0412799978256226,1.6460121936674,3.38305428007292,67.0427380466231,584.356568893619,68
"199",2020-09-15,3682,645,273,41,40.9,73,0,15,55,1,1,11,10,1,328,55,2961,0.0121599996089935,28,0,1.20460886056306,4.45624789798536,69.2136599192802,635.778375417013,73
"200",2020-09-16,3759,685,274,41,44.6,77,0,7,67,1,0,11,11,1,329,67,1887,0.0190799999237061,162,0.00616999983787537,1.80592971350752,1.71555786996185,72.56392435702,670.317734097892,77
"201",2020-09-17,3809,710,278,57,48,50,2,4,38,2,2,11,9,4,331,40,2512,0.0191100001335144,208,0.00481000006198883,1.80164707162801,4.95308546072217,43.1446745759024,694.817973722268,50
"202",2020-09-18,3897,778,278,47,46.1,88,1,6,78,0,2,11,9,0,331,79,2409,0.0128699994087219,281,0.0213499999046326,1.37558284568078,1.9601044984463,83.710220373458,765.298119627219,88
"203",2020-09-19,3967,829,280,47,46.1,70,2,4,60,0,2,10,8,2,331,62,2101,0.0214199995994568,161,0,1.98954107685494,2.71004623176048,64.535982494694,809.424669162924,70
"204",2020-09-20,4010,861,280,76,52.6,43,1,4,34,2,2,11,9,0,333,35,2847,0.0186199998855591,112,0,1.79152212484578,2.02718156607309,38.2557961880122,842.692586225101,43
"205",2020-09-21,4119,941,280,55,52,109,2,22,82,1,3,12,9,0,334,84,2949,0.0189900004863739,73,0,1.85312744653596,2.64019461241796,104.152492354047,920.303515537596,109
"206",2020-09-22,4228,1020,280,85,58.3,109,0,27,81,3,3,15,12,0,337,81,2507,0.0135599994659424,64,0.03125,1.4000357316654,3.68024871630962,106.654059663537,1003.05112168898,109
"207",2020-09-23,4334,1079,281,67,62,106,0,26,75,2,3,16,13,1,339,75,1896,0.0168799996376038,7,0.571430015563965,1.89198578149472,3.21728368402024,99.3158498758987,1054.77069354793,106
"208",2020-09-24,4435,1132,282,38,59.3,101,2,18,75,2,3,18,15,1,341,77,2730,0.0128199994564056,55,0,1.25668217292594,2.35313666216893,93.8515347752214,1115.11606968248,101
"209",2020-09-25,4554,1195,284,57,60.7,119,5,16,86,3,3,20,17,2,344,91,3291,0.0133700001239777,59,0.0339000010490417,1.37315732745982,3.42476775561683,105.516924156954,1175.52444359956,119
"210",2020-09-26,4639,1242,286,76,64.9,85,3,14,66,3,4,21,17,2,347,69,3437,0.0299699997901916,12,0,2.98657260883992,2.34082140958601,80.5541836811404,1197.97530626053,85
"211",2020-09-27,4721,1272,287,109,69.6,82,2,12,64,2,4,22,18,1,349,66,2684,0.0331599998474121,13,0,3.30001629923819,2.50708367936251,75.4149931968058,1222.17986888389,82
"212",2020-09-28,4836,1342,288,86,74,115,3,11,97,6,4,27,23,1,355,100,3135,0.0258400011062622,192,0.0104200005531311,2.49501182970644,2.67971761923981,108.038755418613,1302.26009771779,115
"213",2020-09-29,4943,1373,291,58,70.1,107,5,18,74,4,3,27,24,3,359,79,2165,0.0263299989700317,79,0.0253200006484985,2.62944419881239,2.99513377501572,94.5345697517194,1330.15144644444,107
"214",2020-09-30,5026,1402,291,107,75.9,83,1,10,67,5,5,30,25,0,364,68,3170,0.0305999994277954,281,0.0142299997806549,2.92670611777675,2.27887118100313,75.6379466742461,1353.30001819549,83
"215",2020-10-01,5127,1438,293,105,85.4,101,2,11,78,3,5,29,24,2,367,80,3844,0.0226300001144409,120,0.00833000004291534,2.21971040476944,5.33757200491425,88.8924010443204,1400.11590877166,101
"216",2020-10-02,5223,1488,294,115,93.7,96,0,13,79,1,5,29,24,1,368,79,3362,0.021710000038147,197,0,2.05082945007727,1.8675017447335,90.0770928842799,1451.78119255454,96
"217",2020-10-03,5296,1501,295,65,92.1,73,2,6,64,5,6,31,25,1,373,66,3113,0.0301999998092651,485,0.0103100001811981,2.75188853513406,2.75188853513406,69.8443589546524,1451.97549683232,73
"218",2020-10-04,5353,1482,295,77,87.6,57,1,7,47,3,6,32,26,0,376,48,3118,0.0291899991035461,102,0,2.82653469580301,2.46271409331571,53.3897354645183,1432.283082467,57
"219",2020-10-05,5431,1483,295,82,87,78,3,13,59,3,6,33,27,0,379,62,3821,0.0177999997138977,238,0.00839999973773956,1.72488294763206,3.85213099981205,73.7307330020403,1452.63995229074,78
"220",2020-10-06,5507,1456,296,139,98.6,76,5,15,53,2,7,34,27,1,381,58,2158,0.0194599997997284,55,0,1.89763576899295,2.41161038895866,71.6937012195883,1423.20739613311,76
"221",2020-10-07,5608,1470,296,174,108.1,101,12,22,63,3,10,36,26,0,384,75,2268,0.0313100004196167,76,0,3.02948297575472,2.38141898725055,94.303307361248,1417.14482428046,101
"222",2020-10-08,5688,1429,296,85,105.3,80,5,14,55,2,9,36,27,0,386,60,2434,0.0271199989318848,182,0,2.52332100153698,2.70721993276421,72.2030937359249,1386.20368247728,80
"223",2020-10-09,5771,1430,296,97,102.7,83,5,19,57,2,9,37,28,0,388,62,2508,0.0207299995422363,247,0.00810000002384186,1.95976547578285,2.18508082258805,79.5578930758364,1396.73850158784,83
"224",2020-10-10,5836,1415,297,67,103,65,5,7,51,6,9,43,34,1,394,56,2628,0.0300600004196167,21,0,2.98216991705371,1.05109736875991,61.0179158810376,1364.91698163693,65
"225",2020-10-11,5900,1380,297,140,112,64,6,6,48,5,10,46,36,0,399,54,2660,0.0233100008964539,238,0.0168099999427795,2.2776184393012,3.6963826652463,58.5402570047829,1342.6954567889,64
"226",2020-10-12,5962,1352,297,62,109.1,62,2,14,43,3,10,46,36,0,402,45,1994,0.0150499999523163,237,0.0126600003242493,1.47961093598233,3.62778915956051,58.2097550734802,1328.25753020767,62
"227",2020-10-13,6047,1374,298,74,99.9,85,4,10,68,1,7,45,38,1,403,72,2117,0.0302300000190735,18,0,2.9975133508374,6.2668403222664,79.4384945014189,1325.11793673541,85
"228",2020-10-14,6114,1379,300,84,87,67,1,16,49,2,7,45,38,2,405,50,3004,0.0296300005912781,110,0.0363599991798401,2.98677333609447,2.86878759253545,64.227550215988,1330.11583495695,67
"229",2020-10-15,6200,1405,300,107,90.1,86,3,25,52,5,8,49,41,0,410,55,2119,0.021710000038147,105,0.00952000021934509,2.11344829603708,3.74394023507113,78.6203911011196,1369.75726358315,86
"230",2020-10-16,6275,1426,301,78,87.4,75,2,10,59,4,8,47,39,1,414,61,3126,0.0214299988746643,280,0.0035699999332428,1.99617664308598,2.33042123023616,69.5547916084228,1392.21529235428,75
"231",2020-10-17,6322,1408,302,64,87,47,1,10,36,6,8,49,41,1,420,37,3037,0.0214000010490417,149,0,2.03991849296735,3.63053187472826,46.1041893752231,1373.91077406254,47
"232",2020-10-18,6379,1376,305,74,77.6,57,1,11,40,2,6,47,41,3,422,41,1144,0.0271000003814697,37,0.0540500020980835,2.79443272769098,2.28116645258777,50.6401870097351,1330.36334939989,57
"233",2020-10-19,6443,1354,307,69,78.6,64,1,6,57,3,6,46,40,2,425,58,1334,0.0374799990653992,27,0,3.67364575703472,4.68495974400046,61.4711274679303,1294.96390675134,64
"234",2020-10-20,6521,1358,309,46,74.6,78,3,14,57,4,5,45,40,2,429,60,1595,0.0250799989700317,48,0.0208299994468689,2.49558358677117,1.32449919625083,72.2228460917733,1317.77708321047,78
"235",2020-10-21,6609,1382,312,69,72.4,88,1,46,40,4,4,44,40,3,433,41,2258,0.0305599999427795,446,0.00897000014781952,2.69989274913919,2.72589064213662,85.6861915850681,1337.71504318449,88
"236",2020-10-22,6674,1368,312,88,69.7,65,1,24,36,1,3,43,40,0,434,37,2238,0.0268099999427795,87,0.0114900004863739,2.62367354469915,3.67398226488401,59.8478389477862,1325.40118055599,65
"237",2020-10-23,6753,1370,313,92,71.7,79,1,13,64,2,3,36,33,1,436,65,2768,0.0245700001716614,65,0.0153799998760223,2.4359145946735,3.1347996314509,76.1207823444346,1330.39187402885,79
"238",2020-10-24,6818,1363,317,63,71.6,65,2,17,41,2,3,36,33,4,438,43,2358,0.0211999988555908,191,0,1.96114544140773,2.90238983662614,58.9991248000149,1331.27458377722,65
"239",2020-10-25,6888,1344,319,69,70.9,70,1,24,42,3,3,38,35,2,441,43,1751,0.0308400011062622,77,0,2.95409419787008,2.97200043941531,65.492371060993,1296.8778303715,70
"240",2020-10-26,6961,1303,320,77,72,73,1,16,51,4,3,39,36,1,445,52,995,0.0392000007629395,121,0.0165299999713898,3.67420526484435,4.8135561964882,65.732389659649,1246.17891781774,73
"241",2020-10-27,7039,1273,322,61,74.1,78,0,15,60,1,3,31,28,2,446,60,1354,0.0288000011444092,116,0,2.65273479928776,3.06682034256294,73.1109356380474,1232.92035112057,78
"242",2020-10-28,7151,1279,325,94,77.7,112,2,69,38,2,2,29,27,3,448,40,1900,0.0405299997329712,166,0.01807000041008,3.87253724882471,2.27342338189421,107.161526962275,1220.21482461874,112
"243",2020-10-29,7215,1264,326,65,74.4,64,0,18,42,9,2,37,35,1,457,42,2190,0.0292199993133545,96,0,2.79929127280168,8.46009387817097,58.6045989337057,1222.00507267152,64
"244",2020-10-30,7265,1233,328,122,78.7,50,1,9,36,4,2,40,38,2,461,37,2789,0.0358599996566772,105,0.0571400022506714,3.66320799166528,3.45676265896321,44.3913373740104,1179.3924049231,50
"245",2020-10-31,7304,1163,329,83,81.6,39,0,5,32,2,2,39,37,1,463,32,2352,0.0276399993896484,322,0,2.43116224997955,2.67070266422989,36.0766516193942,1129.44205729236,39
"246",2020-11-01,7354,1123,332,50,78.9,50,1,6,40,1,2,37,35,3,464,41,1714,0.0256699991226196,104,0,2.42015283257261,3.78355473578672,45.8223172354276,1090.74298183866,50
"247",2020-11-02,7418,1076,332,56,75.9,64,3,8,47,6,2,42,40,0,470,50,1030,0.0174800002574921,14,0.0714300012588501,1.82034677038704,0.771351742607932,56.9197462020274,1052.75293826763,64
"248",2020-11-03,7489,1004,333,36,72.3,71,1,36,33,1,2,43,41,1,471,34,1456,0.0219799995422363,13,0,2.17854862719511,1.5944240483231,69.1208806379761,978.04012236847,71
"249",2020-11-04,7554,928,337,53,66.4,65,5,1,51,1,1,40,39,4,472,56,1466,0.0272900009155273,295,0.0033899998664856,2.32863096551825,2.13172052746231,55.4522872324332,902.352188423178,65
"250",2020-11-05,7601,885,337,45,63.6,47,0,6,34,5,2,43,41,0,477,34,2536,0.0240499997138977,41,0,2.36673648717286,1.45150873208012,39.0449403585905,860.140359333899,47
"251",2020-11-06,7675,879,341,79,57.4,74,1,12,58,4,3,46,43,4,481,59,2342,0.0234800004959106,116,0.0258599996566772,2.35923194148077,3.08675199066455,69.3479456872064,854.387190831431,74
"252",2020-11-07,7710,846,346,75,56.3,35,3,4,25,3,4,46,42,5,484,28,2499,0.0276099991798401,142,0,2.61254782091709,2.23809339275942,31.1317916668234,819.767705361877,35
"253",2020-11-08,7747,784,346,47,55.9,37,1,5,29,1,4,47,43,0,485,30,1176,0.0204099988937378,92,0.0108700001239777,1.97178223268467,3.78824395057803,34.2979276431447,765.652509074182,37
"254",2020-11-09,7817,752,350,31,52.3,70,3,24,41,7,4,46,42,4,492,44,711,0.0210999989509583,20,0.1,2.3258685710166,1.61070966921578,66.7853825488071,731.241083561431,70
"255",2020-11-10,7884,761,350,51,54.4,67,0,11,54,3,5,47,42,0,495,54,1374,0.0334800004959106,17,0,3.30708272332,6.25342923165549,62.8804655087658,731.130263929088,67
"256",2020-11-11,7940,760,353,78,58,56,0,6,48,2,5,46,41,3,497,48,2375,0.0261100006103516,241,0.0290499997138977,2.63808491516186,3.79372928236479,52.4970944857737,736.20399602475,56
"257",2020-11-12,7982,750,355,58,59.9,42,1,8,31,3,3,43,40,2,500,32,2318,0.0215700006484985,214,0.00467000007629395,2.01416435701211,3.47628327024555,39.2350262112959,732.070926827249,42
"258",2020-11-13,8020,726,357,81,60.1,38,1,7,26,0,3,36,33,2,500,27,2719,0.0217000007629395,200,0,2.02131901591067,1.80719775825291,33.3522606281059,708.583008000181,38
"259",2020-11-14,8041,703,357,50,56.6,21,3,2,14,3,3,37,34,0,503,17,1710,0.015789999961853,245,0.0163300001621246,1.58576726212221,1.99351812892312,18.6800441618808,689.768885047188,21
"260",2020-11-15,8071,659,360,29,54,30,1,1,25,0,2,35,33,3,503,26,984,0.0152400004863739,306,0.00653999984264374,1.31762794034426,2.03244545604088,26.5933995889058,648.694243426498,30
"261",2020-11-16,8115,620,363,11,51.1,44,0,3,39,3,2,33,31,3,506,39,735,0.0122399997711182,53,0,1.1416751055548,2.57052347375756,41.4715440303278,611.598905097519,44
"262",2020-11-17,8156,598,363,39,49.4,41,1,10,29,1,2,32,30,0,507,30,1828,0.020789999961853,38,0,2.03666237568421,2.49217400763048,39.2748264334098,583.544873572636,41
"263",2020-11-18,8197,590,363,66,47.7,41,3,6,30,1,2,32,30,0,508,33,2684,0.0204900002479553,20,0.05,2.07082694768906,1.80389125303612,38.1889279835906,575.499015464195,41
"264",2020-11-19,8217,574,364,53,47,20,2,1,17,0,2,30,28,1,508,19,2476,0.0121200001239777,187,0.0160399997234344,1.23952685900304,2.4799402920533,19.720481078009,565.555586251431,20
"265",2020-11-20,8242,531,364,28,39.4,25,1,2,20,1,2,30,28,0,509,21,2643,0.00757000029087067,222,0.0225200009346008,0.872842966012306,2.53055995659579,22.7824510051321,525.499118272626,25
"266",2020-11-21,8271,499,365,27,36.1,29,4,4,19,2,2,31,29,1,511,23,1495,0.0187300002574921,71,0,1.7880811229215,2.12372135582942,26.5118911025365,488.410159137641,29
"267",2020-11-22,8298,485,368,26,35.7,27,3,4,19,3,4,31,27,3,514,22,1220,0.0147500002384186,36,0,1.4327229530948,2.35819463213597,25.6259009809843,476.75281708079,27
"268",2020-11-23,8338,468,370,20,37,40,2,10,25,1,3,27,24,2,515,27,922,0.0173500001430511,13,0,1.71087701945381,1.40900043323138,36.4517429474289,458.496877755435,40
"269",2020-11-24,8382,478,370,21,34.4,44,2,7,34,1,3,23,20,0,516,36,1403,0.00855000019073486,41,0.0975599956512451,1.10772923056108,0.910961905709608,42.5266986026554,471.715609224146,44
"270",2020-11-25,8437,486,371,38,30.4,55,4,10,39,2,2,23,21,1,518,43,2618,0.0122200000286102,72,0.0138900005817413,1.22646989281736,2.48441558484945,52.3740681984462,478.92551498709,55
"271",2020-11-26,8482,501,372,60,31.4,45,3,4,37,3,2,23,21,1,521,40,3059,0.0143799996376038,224,0.00446000009775162,1.37031553193196,3.3749029761795,43.3494476626668,492.851831974901,45
"272",2020-11-27,8528,512,374,56,35.4,46,2,3,40,3,1,24,23,2,524,42,3154,0.0177600002288818,336,0.00298000007867813,1.63370546556817,2.50033760734067,44.1856244575853,502.072374340087,46
"273",2020-11-28,8573,515,375,60,40.1,45,2,3,40,2,1,25,24,1,526,42,2597,0.0119400000572205,191,0,1.11220158352229,2.90121775305566,44.445585641387,508.201823936055,45
"274",2020-11-29,8618,526,377,23,39.7,45,0,4,38,5,1,28,27,2,531,38,898,0.0245000004768372,12,0,2.41769235474723,0.952814523580083,40.9095988428226,510.906552403281,45
"275",2020-11-30,8662,533,378,45,43.3,44,1,7,35,1,1,25,24,1,532,36,1135,0.0229099988937378,61,0,2.17415123280873,3.59521581343971,42.0710466166847,519.246329074804,44
"276",2020-12-01,8715,554,378,34,45.1,53,2,11,39,3,1,27,26,0,535,41,1906,0.0141700005531311,113,0.0176999998092651,1.43675686145195,2.62518408367467,51.3008525040898,544.552982616238,53
"277",2020-12-02,8757,568,379,50,46.9,42,1,5,34,6,1,31,30,1,541,35,2859,0.0101400005817413,81,0.0123500001430511,1.0200888324757,3.06210957483699,39.576251955158,561.123174586564,42
"278",2020-12-03,8795,567,380,40,44,38,0,6,31,3,1,33,32,1,544,31,3327,0.0102199995517731,202,0,0.963500666158941,1.75985067122795,36.6455006991209,560.516093432308,38
"279",2020-12-04,8837,570,382,54,43.7,42,1,5,32,2,1,31,30,2,546,33,2994,0.0110199999809265,165,0.0121200001239777,1.10774548791865,1.91939112971804,37.566134018317,562.505951225476,42
"280",2020-12-05,8872,559,382,45,41.6,35,3,2,29,1,1,31,30,0,547,32,2277,0.0184500002861023,209,0,1.68988940673592,4.87634093753382,33.3581848981384,547.788292439356,35
"281",2020-12-06,8911,553,383,33,43,39,0,7,30,1,2,31,29,1,548,30,1397,0.0157500004768372,20,0,1.55276998349623,1.92192473351792,36.4471210542946,542.808598100831,39
"282",2020-12-07,8964,555,384,24,40,53,0,4,44,2,1,30,29,1,550,44,1068,0.0168499994277954,25,0.04,1.73795053878184,2.20949675139829,47.0924057016722,543.551935555183,53
"283",2020-12-08,9011,560,384,57,43.3,47,1,1,44,0,1,27,26,0,550,45,2367,0.01942999958992,69,0,1.88796424586785,2.32434216727635,44.9916577862022,547.451741339405,47
"284",2020-12-09,9066,571,386,39,41.7,55,2,3,48,1,3,24,21,2,551,50,2911,0.00962000012397766,167,0.00598999977111816,0.942305078709412,2.0800460056342,52.4408050945654,564.613994179937,55
"285",2020-12-10,9110,569,386,57,44.1,44,2,0,42,1,3,23,20,0,552,44,3091,0.0139100003242493,252,0.00397000014781952,1.3160709255012,2.11600420845722,43.3127201024851,560.112221325319,44
"286",2020-12-11,9149,553,386,49,43.4,39,6,2,30,1,2,23,21,0,553,36,3047,0.0118099999427795,32,0,1.16872587936503,2.2021892096384,37.5006364583012,545.329221151126,39
"287",2020-12-12,9178,538,387,56,45,29,2,5,22,0,2,20,18,1,553,24,2616,0.0156700003147125,24,0,1.5527545766397,2.51938540206891,28.5577012320453,528.085135951682,29
"288",2020-12-13,9218,536,388,28,44.3,40,5,2,33,0,2,19,17,1,553,38,1502,0.0119799995422363,47,0,1.16165005244926,2.2330190896378,39.4760853013665,528.610045303485,40
"289",2020-12-14,9260,533,388,19,43.6,42,3,4,35,2,2,20,18,0,555,38,917,0.0174500000476837,20,0,1.70775347318313,1.73986524153641,41.2297877107167,522.196759205578,42
"290",2020-12-15,9308,543,389,51,42.7,48,2,7,38,1,1,20,19,1,556,40,2079,0.0134700000286102,49,0,1.31598355542672,1.93093581340566,46.3752415717948,534.518904337115,48
"291",2020-12-16,9362,559,389,54,44.9,54,3,4,46,0,1,18,17,0,556,49,2312,0.0168700003623962,94,0,1.62109064164007,5.27086895122137,52.0572315319488,548.244743395089,54
"292",2020-12-17,9400,555,390,60,45.3,38,1,5,30,1,0,17,17,1,557,31,3207,0.0134099996089935,83,0.0241000008583069,1.36796865706023,3.1877928117757,35.4966854205865,545.989045433081,38
"293",2020-12-18,9441,544,390,23,41.6,41,3,4,34,0,0,16,16,0,557,37,3298,0.00727999985218048,170,0.00587999999523163,0.72113724082124,2.21429653864503,40.6833195029718,539.34394080045,41
"294",2020-12-19,9480,541,390,46,40.1,39,1,7,28,3,0,19,19,0,560,29,2799,0.0117900002002716,140,0,1.12283805922287,1.9708949338848,35.613529105182,533.790318824257,39
"295",2020-12-20,9524,536,390,24,39.6,44,5,2,34,0,0,16,16,0,560,39,1360,0.0161800003051758,51,0,1.55951810170369,1.81388012629414,40.2781338170138,526.078967331267,44
"296",2020-12-21,9598,556,390,28,40.9,74,7,8,59,1,0,15,15,0,561,66,1365,0.00658999979496002,32,0.03125,0.715486737302823,0.866487238869246,73.4395366823037,551.278521141831,74
"297",2020-12-22,9680,598,390,67,43.1,82,5,7,68,2,0,15,15,0,563,73,3021,0.0225099992752075,48,0,2.21579367254487,1.47794470582083,78.0802094572998,582.27349665021,82
"298",2020-12-23,9780,665,390,52,42.9,100,5,6,88,1,1,13,12,0,564,93,2652,0.0199800002574921,199,0.0150800001621246,1.96379799070964,1.77574435160676,96.8323885829275,649.500412985449,100
"299",2020-12-24,9853,693,390,55,42.1,73,11,5,55,2,1,13,12,0,566,66,3469,0.01557000041008,144,0,1.49494413015686,2.23005938215828,69.8289631333812,680.704112900503,73
"300",2020-12-25,9916,722,390,52,46.3,63,6,2,54,0,1,10,9,0,566,60,2537,0.0295600008964539,161,0,2.77960423551903,2.94888319570339,60.0205894297985,698.181092805242,63
"301",2020-12-26,10009,765,390,86,52,93,5,4,83,2,2,12,10,0,568,88,951,0.0199800002574921,50,0,1.89819982466283,1.81396070567555,90.0174403131652,747.765248176948,93
"302",2020-12-27,10120,830,391,35,53.6,111,8,6,95,2,4,12,8,1,570,103,1480,0.0270300006866455,32,0.0625,2.77806885028012,1.04673812562209,105.603888819839,802.633278839478,111
"303",2020-12-28,10254,926,391,65,58.9,134,15,7,110,1,2,13,11,0,571,125,1188,0.04125,39,0.0256399989128113,4.07538385962507,2.46587530764881,125.95383208824,881.209988109679,134
"304",2020-12-29,10374,1003,391,112,65.3,120,5,15,100,3,4,12,8,0,574,105,1880,0.0505299997329712,25,0.04,5.03918107600976,1.74730881690661,113.720125952027,943.012250760788,120
"305",2020-12-30,10511,1094,391,88,70.4,137,12,10,115,3,5,13,8,0,577,127,2458,0.0573600006103516,62,0,5.59487625000969,3.53767407453411,128.566732504974,1021.35437291687,137
"306",2020-12-31,10637,1182,391,147,83.6,126,0,9,117,2,5,13,8,0,579,117,2652,0.0331800007820129,144,0,3.14711595400209,2.0943260967444,121.629810429295,1137.8498797216,126
"307",2021-01-01,10754,1237,392,88,88.7,117,0,5,111,2,6,13,7,1,581,111,2759,0.0391400003433228,134,0.0149300003051758,3.80186246070242,3.93377866322017,110.991345784678,1181.18283545628,117
"308",2021-01-02,10866,1296,392,133,95.4,112,2,8,100,2,6,15,9,0,583,102,2369,0.0295499992370605,431,0,2.50014100687844,2.65064076371723,106.973321128342,1257.54337433658,112
"309",2021-01-03,10989,1323,393,107,105.7,123,0,5,118,3,5,18,13,1,586,118,1516,0.0600299978256226,126,0.0238100004196167,5.72506313986087,2.81638538365168,114.982038658491,1233.1037046202,123
"310",2021-01-04,11165,1435,393,115,112.9,176,4,30,141,5,8,21,13,0,591,145,1386,0.0533900022506714,155,0.00644999980926514,4.86685873393035,4.38300291416844,166.624352085301,1352.10996718902,176
"311",2021-01-05,11308,1510,395,106,112,143,2,19,122,6,8,23,15,2,597,124,2417,0.0575099992752075,97,0.0103100001811981,5.56888378145397,6.08345004366765,134.804197022208,1410.19627018979,143
"312",2021-01-06,11492,1605,395,132,118.3,184,11,42,130,7,7,28,21,0,604,141,2627,0.0513899993896484,211,0.0142200005054474,4.86264793880394,4.87007276423832,174.862451127154,1512.37045431973,184
"313",2021-01-07,11608,1639,395,188,124.1,116,2,7,106,6,9,32,23,0,610,108,2311,0.048899998664856,91,0.0109899997711182,4.74637747267502,4.36882643461247,108.916021095685,1546.66998681322,116
"314",2021-01-08,11740,1670,395,186,138.1,132,6,13,112,0,11,30,19,0,610,118,2661,0.0368300008773804,249,0,3.36785678126148,2.1016261611449,126.283310451568,1603.24685130609,132
"315",2021-01-09,11840,1681,397,153,141,100,6,2,92,4,11,30,19,2,614,98,3020,0.0324499988555908,375,0.00266999989748001,2.91606027998348,2.71699564278379,96.6082468033698,1622.82104975984,100
"316",2021-01-10,11933,1665,397,119,142.7,93,5,3,83,5,11,34,23,0,619,88,1824,0.0509899997711182,78,0,4.88989272252994,3.31375080249395,85.8927904961973,1568.36927472919,93
"317",2021-01-11,12097,1716,397,66,135.7,164,2,25,135,3,13,34,21,0,622,137,1608,0.0342000007629395,115,0,3.1917354165297,3.33730960046844,156.810217947669,1650.99513867299,164
"318",2021-01-12,12237,1744,398,159,143.3,140,1,22,115,4,13,35,22,1,626,116,2211,0.0705600023269653,74,0.0135099995136261,6.87124311198813,3.59118593039792,128.539916412025,1601.77253640147,140
"319",2021-01-13,12326,1732,402,172,149,89,0,9,76,2,11,34,23,4,628,76,2532,0.0375200009346008,173,0.0115600001811981,3.58597125315181,3.38781721190107,81.7653889492068,1658.28491657929,89
"320",2021-01-14,12418,1720,402,130,140.7,92,2,14,75,9,10,41,31,0,637,77,2581,0.0337100005149841,146,0,3.19052113418313,2.48171942189727,88.0842249134488,1654.86840066405,92
"321",2021-01-15,12513,1688,404,144,134.7,95,6,7,80,5,11,41,30,2,642,86,2923,0.0372900009155273,206,0.00485000014305115,3.51542897748658,2.28327490837835,89.411785065416,1617.57085105142,95
"322",2021-01-16,12574,1639,405,119,129.9,61,0,1,58,2,9,39,30,1,644,58,2470,0.0323900008201599,289,0,2.89972098679938,1.76354742875526,57.0038835426249,1582.59250217866,61
"323",2021-01-17,12654,1578,407,74,123.4,80,2,3,72,2,9,39,30,2,646,74,2036,0.026029999256134,32,0,2.5627213967838,1.32738367387212,74.7492109969132,1530.00344531256,80
"324",2021-01-18,12775,1599,408,63,123,121,2,45,72,7,10,43,33,1,653,74,1021,0.0391799998283386,48,0,3.74207481990026,1.92581303396861,115.713407526885,1527.98295453365,121
"325",2021-01-19,12849,1541,415,81,111.9,74,3,24,47,8,9,45,36,7,661,50,2337,0.0410799980163574,89,0,3.95729412053699,4.15480829556039,71.6516111803819,1468.62265657937,74
"326",2021-01-20,12910,1499,415,166,111,61,1,8,50,2,7,37,30,0,663,51,3065,0.0225099992752075,163,0.00612999975681305,2.16828803404187,1.56058751672095,57.687531710762,1460.42372616534,61
"327",2021-01-21,12981,1468,417,81,104,71,1,9,60,3,7,37,30,2,666,61,2636,0.0242799997329712,117,0,2.32481217929938,5.27025110435877,68.3168633487414,1427.49435075332,71
"328",2021-01-22,13060,1438,418,95,97,79,1,3,74,5,6,37,31,1,671,75,2311,0.0307200002670288,111,0.00901000022888184,2.97250332958338,2.34760793257164,75.35402776259,1387.26789230139,79
"329",2021-01-23,13108,1371,418,84,92,48,1,4,40,4,9,39,30,0,675,41,2122,0.0329900002479553,276,0,2.91929860409346,2.55923132505747,43.5794253964422,1323.49737118347,48
"330",2021-01-24,13154,1287,419,44,87.7,46,2,9,35,2,8,37,29,1,677,37,1247,0.0224499988555908,36,0,2.18200690357925,1.79327654962042,45.0417926136257,1253.66992145233,46
"331",2021-01-25,13217,1228,419,29,82.9,63,1,18,43,4,7,38,31,0,681,44,825,0.0206100010871887,48,0,1.94768051511234,2.16783343944598,60.9828803000808,1199.61311382953,63
"332",2021-01-26,13279,1165,420,74,81.9,62,1,19,40,8,5,40,35,1,689,41,2354,0.024210000038147,79,0,2.3423896461076,2.71145336407647,58.860157971428,1132.6118057735,62
"333",2021-01-27,13357,1124,422,80,69.6,78,0,27,50,1,4,30,26,2,690,50,2800,0.0196399998664856,175,0.00570999979972839,1.88205880978528,3.05324306795587,75.8831242429451,1098.89263298141,78
"334",2021-01-28,13395,1063,422,66,67.4,38,1,3,33,3,5,30,25,0,693,34,2355,0.0212299990653992,209,0.0287100005149841,2.18397183723271,4.98344507291989,36.1186921860458,1035.4461704049,38
"335",2021-01-29,13424,961,422,73,64.3,29,1,2,26,3,4,31,27,0,696,27,2847,0.0122899997234344,180,0.00555999994277954,1.18898015204223,2.25201133595479,28.6189867849576,947.438751864603,29
"336",2021-01-30,13443,864,423,42,58.3,19,1,6,12,2,5,33,28,1,698,13,2155,0.0157799994945526,216,0,1.43424288953019,3.38430486666267,18.7787069738596,849.292525031899,19
"337",2021-01-31,13485,805,424,25,55.6,42,3,5,34,4,6,32,26,1,702,37,922,0.0195200002193451,24,0,1.90247782264653,2.49565727669016,41.1645451262858,786.823211531354,42
"338",2021-02-01,13525,714,424,26,55.1,40,6,7,25,4,5,29,24,0,706,31,548,0.0292000007629395,29,0,2.77324097367259,4.38195611085599,36.9796457637591,690.498937913677,40
"339",2021-02-02,13567,651,425,59,53,42,4,5,31,3,5,27,22,1,709,35,2439,0.0221399998664856,107,0.0280399990081787,2.23879574109322,2.73012657395076,39.0699973493618,633.70195069813,42
"340",2021-02-03,13630,636,425,54,49.3,63,4,22,36,2,4,26,22,0,711,40,2865,0.0129100000858307,212,0,1.20205233168362,5.50574682966426,61.4293300077602,626.926347123388,63
"341",2021-02-04,13712,638,425,51,47.1,82,3,43,33,2,5,25,20,0,713,36,2814,0.0127900004386902,90,0,1.23936161275738,3.82106494143226,78.4704558054893,628.615300108394,82
"342",2021-02-05,13770,637,427,72,47,58,1,8,48,2,5,21,16,2,715,49,2435,0.0160199999809265,149,0,1.50962461120573,2.73564052690951,56.1220561975492,625.58673056814,58
"343",2021-02-06,13795,606,427,61,49.7,25,1,4,19,3,6,21,15,0,718,20,2369,0.0143499994277954,205,0.0146300005912781,1.43722994427581,2.31687171017723,23.6588401438405,595.662856358369,25
"344",2021-02-07,13820,561,429,33,50.9,25,1,2,19,3,4,23,19,2,721,20,1004,0.0249000000953674,75,0,2.31692308579693,2.7037073599508,21.4500245769084,545.573189382281,25
"345",2021-02-08,13867,558,431,23,50.4,47,1,7,38,2,5,21,16,2,723,39,852,0.0140799999237061,29,0,1.36165266004513,3.80720648542544,45.3697213214865,548.982166599729,47
"346",2021-02-09,13922,577,431,43,48.1,55,5,8,39,0,2,18,16,0,723,44,2244,0.0178299999237061,149,0,1.67198160588368,2.27922950861713,51.1268560649185,565.549907942227,55
"347",2021-02-10,13979,594,432,41,46.3,57,0,6,50,3,4,19,15,1,726,50,2791,0.0125399994850159,100,0,1.21062395581734,2.54174411719811,55.2815758252971,585.46512080453,57
"348",2021-02-11,14039,620,433,51,46.3,60,1,11,46,1,3,16,13,1,727,47,2563,0.0152199995517731,58,0,1.48831968146488,2.37028992202657,57.169775103417,609.048097108905,60
"349",2021-02-12,14090,623,435,52,43.4,51,0,8,41,3,2,16,14,2,730,41,2612,0.0157000005245209,173,0,1.47247401687786,3.35499227332433,48.2834719991157,612.1122696451,51
"350",2021-02-13,14123,622,435,46,41.3,33,0,3,29,6,2,21,19,0,736,29,2099,0.0219199991226196,46,0.0217400002479553,2.19161390068926,1.72289349823138,31.2456659459146,605.820835115824,33
"351",2021-02-14,14164,597,437,48,43.4,41,0,4,35,4,2,21,19,2,740,35,1175,0.0170200002193451,10,0,1.6876371525511,0.875839824893371,38.2989503256686,585.042095554975,41
"352",2021-02-15,14226,619,438,34,45,62,2,8,51,4,2,23,21,1,744,53,867,0.0265300011634827,26,0,2.57575711184093,2.57790086866114,59.3797484441619,600.076684659174,62
"353",2021-02-16,14277,614,438,61,47.6,51,3,13,32,3,2,24,22,0,747,35,1561,0.0333100008964539,23,0,3.28263329541442,1.26478059670304,46.6363840122736,590.078279529599,51
"354",2021-02-17,14334,629,439,49,48.7,57,5,6,44,2,2,25,23,1,749,49,2063,0.0184200000762939,222,0,1.66303983183345,2.33152104105217,54.0328353799023,616.584764366501,57
"355",2021-02-18,14406,645,439,68,51.1,72,3,12,53,3,3,26,23,0,752,56,2348,0.0212899994850159,116,0,2.02877105482213,3.21346342372126,66.6515876021088,629.469178631431,72
"356",2021-02-19,14460,649,440,58,52,54,2,16,33,1,3,26,23,1,753,35,2576,0.0151400005817413,96,0,1.45960484650321,7.36789262824127,50.393675648378,637.757014165639,54
"357",2021-02-20,14508,627,440,66,54.9,48,0,3,44,4,3,26,23,0,757,44,2384,0.0255900001525879,68,0,2.48803264126303,2.22540832154778,45.7006970630783,608.484933148866,48
"358",2021-02-21,14550,616,440,53,55.6,42,0,7,33,2,4,24,20,0,759,33,1000,0.03,28,0,2.91828793774319,4.66986090239479,38.8570065283485,594.664121862505,42
"359",2021-02-22,14615,631,440,32,55.3,65,0,11,54,1,6,23,17,0,760,54,863,0.0150600004196167,66,0,1.39900757396439,4.06618516211132,64.1033653964547,620.522658614128,65
"360",2021-02-23,14670,637,440,47,53.3,55,0,7,47,3,6,25,19,0,763,47,2036,0.019650000333786,84,0,1.88714154149001,3.73838131663789,52.9473015034115,622.732575695173,55
"361",2021-02-24,14716,643,441,60,54.9,46,2,10,34,1,6,24,18,1,764,36,2874,0.0187899994850159,41,0,1.85257147581254,1.06134342721001,45.2084485594564,628.86201177029,46
"362",2021-02-25,14749,639,441,43,51.3,33,1,5,25,1,6,23,17,0,765,26,2376,0.0185199999809265,128,0.00781000018119812,1.79725239528254,2.23931821455076,30.4453946061808,625.369505898058,33
"363",2021-02-26,14814,642,441,56,51,65,5,12,43,1,6,21,15,0,766,48,2639,0.0181900000572205,181,0,1.70224858691506,2.59396804093687,59.0302363759577,629.029411528435,65
"364",2021-02-27,14861,648,442,71,51.7,47,0,5,34,3,6,23,17,1,769,34,2535,0.0209100008010864,47,0.0212800002098083,2.09167358794017,2.21528764897999,38.1559377067659,631.913165705421,47
"365",2021-02-28,14926,659,442,50,51.3,65,2,8,54,7,6,28,22,0,776,56,1552,0.0257699990272522,94,0,2.42983222905804,4.4043547683517,62.3850243256035,639.995196974512,65
"366",2021-03-01,15004,675,442,54,54.4,78,4,7,65,3,6,29,23,0,779,69,996,0.0291199994087219,45,0,2.78612098089213,2.08439203037456,73.7183410370759,652.679423188786,78
"367",2021-03-02,15067,684,443,62,56.6,63,1,6,54,3,4,29,25,1,782,55,2006,0.0259200000762939,41,0,2.54008403287961,1.27699608049181,59.3418934154975,663.379183567278,63
"368",2021-03-03,15126,694,443,65,57.3,59,0,5,51,6,5,32,27,0,788,51,2676,0.0209299993515015,109,0,2.01108360016581,2.86626081329883,54.7826878114049,677.435006688529,59
"369",2021-03-04,15184,691,443,61,59.9,58,3,3,51,1,5,31,26,0,789,54,2414,0.0202999997138977,225,0.00444000005722046,1.89477829944008,3.54728827212227,55.7856221646389,675.460461403065,58
"370",2021-03-05,15257,695,444,52,59.3,73,1,10,57,1,2,28,26,1,790,58,2440,0.0188499999046326,154,0,1.77309174122218,4.35208158050662,66.7794351176539,680.374265633956,73
"371",2021-03-06,15313,708,446,46,55.7,56,3,3,47,0,2,26,24,2,790,50,1957,0.0209500002861023,25,0,2.06857470029779,1.84125727891946,51.7724395633082,690.617744216445,56
"372",2021-03-07,15353,699,447,54,56.3,40,1,0,38,2,5,25,20,1,792,39,1752,0.0194099998474121,16,0.0625,1.97999545999242,3.04513283462027,38.0835042161593,682.573575566547,40
"373",2021-03-08,15436,741,448,38,54,83,1,9,65,6,4,29,25,1,798,66,1170,0.0205100011825562,142,0,1.82901687374929,2.20796459001398,73.5672734213796,724.914387958217,83
"374",2021-03-09,15493,748,448,70,55.1,57,0,8,47,1,3,27,24,0,799,47,2105,0.0318300008773804,57,0,3.09908195406502,2.01374787974876,53.2712484240727,720.48710257886,57
"375",2021-03-10,15574,772,448,76,56.7,81,5,8,65,0,2,24,22,0,799,70,2655,0.0180799996852875,173,0,1.69739742448509,3.42762331224474,76.5897917572536,756.447417665711,81
"376",2021-03-11,15635,769,451,73,58.4,61,1,7,52,1,2,20,18,3,800,53,2321,0.0280100011825562,86,0,2.70092283941474,3.53514300090811,58.3010143259849,744.348679560045,61
"377",2021-03-12,15717,774,451,94,64.4,82,5,4,67,2,2,17,15,0,802,72,2361,0.0228699994087219,133,0,2.16503883736938,4.15745097899042,74.1498801715049,754.111211843677,82
"378",2021-03-13,15785,792,451,56,65.9,68,5,3,54,5,4,22,18,0,807,59,2353,0.0187000000476837,99,0,1.79449837325448,2.75529372793287,60.7434008819941,775.13175421253,68
"379",2021-03-14,15853,817,451,65,67.4,68,2,10,51,2,3,23,20,0,809,53,1535,0.0299699997901916,36,0,2.92832270387932,2.12089760593439,61.157970953416,788.604948470582,68
"380",2021-03-15,15960,863,452,58,70.3,107,4,3,97,4,5,25,20,1,813,101,1000,0.0320000004768372,13,0,3.15893390689409,1.71280759637072,100.213276601975,830.64413571787,107
"381",2021-03-16,16046,880,453,85,72.4,86,7,4,72,5,6,27,21,1,818,79,1583,0.0341100001335144,9,0,3.39171672181867,2.4727230289286,79.8198446639987,844.575484864795,86
"382",2021-03-17,16134,907,454,77,72.6,88,3,5,76,3,5,27,22,1,821,79,2842,0.0267400002479553,175,0,2.51889561500461,3.23601003309895,81.6382227680288,879.884405703825,88
"383",2021-03-18,16228,944,455,63,71.1,94,6,3,81,2,5,24,19,1,823,87,2566,0.0284500002861023,161,0,2.67703339692477,3.0827252229246,87.2357665901975,914.006478863752,94
"384",2021-03-19,16355,996,457,118,74.6,127,7,6,106,2,4,24,20,2,825,113,2615,0.0382399988174438,97,0,3.6872270246171,5.87887640446126,114.054844054767,952.412607774758,127
"385",2021-03-20,16458,1050,458,84,78.6,103,5,6,87,4,4,27,23,1,829,92,1997,0.0435699987411499,151,0.00662000000476837,4.09724895189927,4.62310668447594,93.526145558145,998.939704739698,103
"386",2021-03-21,16542,1077,459,88,81.9,84,5,1,76,4,4,29,25,1,833,81,1306,0.0421099996566772,87,0,3.94800140356213,3.95629928929508,78.2045437717882,1026.53448941007,84
"387",2021-03-22,16692,1154,460,55,81.4,150,6,6,135,4,7,30,23,1,837,141,1150,0.0547800016403198,131,0,4.91779874210521,3.62631768446197,138.770157306402,1086.64369880559,150
"388",2021-03-23,16815,1190,461,108,84.7,123,2,0,119,5,9,31,22,1,842,121,1966,0.0350999999046326,153,0,3.25656440832976,4.42021874805101,116.32322246016,1144.00524568257,123
"389",2021-03-24,16972,1283,461,88,86.3,157,7,2,141,4,9,33,24,0,846,148,3106,0.0457200002670288,47,0,4.50384779033909,2.32411235904268,142.08871390328,1214.41770228316,157
"390",2021-03-25,17125,1369,462,126,95.3,153,7,4,136,8,10,40,30,1,854,143,3005,0.0379399991035461,282,0,3.46850311244771,2.11090155620327,141.113193022692,1312.64308565081,153
"391",2021-03-26,17274,1453,463,107,93.7,149,10,2,130,4,11,42,31,1,858,140,2390,0.0673600006103516,117,0,6.42163547900839,4.34361685800874,131.329731324227,1342.25785438645,149
"392",2021-03-27,17396,1512,465,137,101.3,122,7,3,106,5,13,44,31,2,863,113,2476,0.0626000022888184,117,0,5.97753974805686,4.51086466767479,107.983171628538,1404.73057966681,122
"393",2021-03-28,17535,1573,466,143,109.1,139,3,5,126,5,13,45,32,1,868,129,2480,0.0826599979400635,157,0,7.77386404593695,5.08584020693119,122.097770465128,1427.86661195075,139
"394",2021-03-29,17745,1722,466,114,117.6,210,7,1,190,4,12,47,35,0,872,197,1644,0.0839400005340576,40,0,8.19461762933437,2.40716908518243,178.839952130851,1554.51978461587,210
"395",2021-03-30,17957,1856,467,170,126.4,212,9,6,189,6,12,48,36,1,878,198,1968,0.0406500005722046,64,0,3.93696855935525,2.15124813404357,194.748145232879,1769.27554319304,212
"396",2021-03-31,18167,1961,468,168,137.9,210,7,5,193,8,14,54,40,1,886,200,3023,0.0793900012969971,224,0,7.3913142568778,4.21943202202171,187.455001590046,1788.9712905904,210
"397",2021-04-01,18412,2104,469,145,140.6,245,11,4,213,4,15,53,38,1,890,224,2634,0.0721299982070923,100,0.01,6.98575037591372,2.84467293640688,209.427825691685,1929.55421988975,245
"398",2021-04-02,18611,2196,470,248,160.7,199,14,7,164,6,15,57,42,1,896,178,3130,0.0939299964904785,99,0,9.10501359601108,3.92229466880218,165.764553538605,1958.69078410549,199
"399",2021-04-03,18864,2378,470,227,173.6,253,14,3,227,11,14,61,47,0,907,241,2885,0.101909999847412,36,0,10.0654005326869,3.15960729236237,215.209462431726,2093.91743428483,253
"400",2021-04-04,19096,2540,471,155,175.3,232,9,2,217,12,15,64,49,1,919,226,1818,0.0929599952697754,139,0,8.63573180380438,2.74878217240212,204.83622940171,2279.66381716966,232
"401",2021-04-05,19382,2685,472,186,185.6,286,7,4,271,5,17,67,50,1,924,278,2045,0.105620002746582,162,0,9.78671978326961,2.97904568489902,249.708842010319,2373.12316833707,286
"402",2021-04-06,19658,2821,473,156,183.6,276,6,6,249,10,19,70,51,1,934,255,1749,0.128640003204346,83,0,12.2811880788428,3.82391221499541,223.830883963322,2409.80754376679,276
"403",2021-04-07,19976,2970,474,222,191.3,318,2,6,301,12,23,76,53,1,946,303,3364,0.098100004196167,44,0,9.68334548462165,3.27949417501684,274.176715944186,2628.66285925489,318
"404",2021-04-08,20275,3143,475,175,195.6,299,23,5,260,10,29,83,54,1,956,283,3366,0.0858600044250488,194,0.0103100001811981,8.1742953631985,2.53305408554949,260.543926324314,2838.07265172198,299
"405",2021-04-09,20577,3301,477,266,198.1,302,12,2,283,14,30,88,58,2,970,295,3418,0.110299997329712,158,0,10.542656344322,4.23327815944128,260.08747653059,2887.95511873721,302
"406",2021-04-10,20864,3459,480,383,220.4,287,13,2,261,14,26,92,66,3,984,274,3187,0.0875399971008301,97,0,8.49543150914572,6.91956319779389,248.372748853405,3110.23116162017,287
"407",2021-04-11,21137,3599,480,208,228,273,9,4,253,13,28,100,72,0,997,262,2714,0.145909996032715,29,0,14.43673821483,4.26447060297935,221.10768076018,2982.3303170072,273
"408",2021-04-12,21455,3696,481,266,239.4,318,17,3,295,16,27,100,73,1,1013,312,2125,0.0804699993133545,107,0,7.66123425362358,3.61933762997528,286.63028285938,3359.92796618035,318
"409",2021-04-13,21695,3721,483,250,252.9,240,14,0,222,12,28,104,76,2,1025,236,2670,0.0767799997329712,178,0,7.19812497496605,3.64675691330885,215.838025757728,3403.10717730723,240
"410",2021-04-14,21969,3791,485,394,277.4,274,12,10,250,12,28,101,73,2,1037,262,3971,0.171490001678467,97,0.0103100001811981,16.7646722390061,8.31655203537851,219.868763227188,3036.68886028347,274
"411",2021-04-15,22200,3796,485,323,298.6,231,15,3,211,19,29,107,78,0,1056,226,3902,0.130959997177124,98,0.0101999998092651,12.8001377241611,5.69168588857466,194.665972426521,3219.30987314635,231
"412",2021-04-16,22437,3837,487,355,311.3,237,3,10,219,20,24,114,90,2,1076,222,2970,0.120539999008179,244,0.00409999996423721,11.1700123536268,3.53253018171518,202.568777782745,3328.31711870446,237
"413",2021-04-17,22618,3779,490,403,314.1,181,6,7,167,16,23,123,100,3,1092,173,2935,0.101870002746582,121,0.00825999975204468,9.81635857431989,5.83833668135588,159.844286009578,3338.71998167744,181
"414",2021-04-18,22780,3718,490,295,326.6,162,6,8,146,10,22,121,99,0,1102,152,1949,0.0646500015258789,188,0.0159599995613098,6.03665572725616,3.47062150693836,149.1096542907,3451.61641218963,162
"415",2021-04-19,23005,3653,491,256,325.1,225,6,4,215,22,22,115,93,1,1124,221,2084,0.112279996871948,88,0.0340899991989136,10.9112077997534,5.14950133613311,196.380188405907,3179.93134953294,225
"416",2021-04-20,23195,3540,492,188,316.3,190,8,2,180,17,28,119,91,1,1141,188,2775,0.100539999008179,221,0,9.31236639678558,3.4185922951833,169.221242519336,3148.74041765132,190
"417",2021-04-21,23390,3432,493,206,289.4,195,4,2,184,12,26,111,85,1,1153,188,2521,0.136850004196167,236,0.0211899995803833,12.6949474239937,5.21481489697073,161.673662470583,2914.89366808,195
"418",2021-04-22,23566,3321,496,238,277.3,176,8,4,160,14,23,107,84,3,1167,168,2358,0.163269996643066,213,0.00939000010490417,15.0521478843522,5.57160218682853,141.9869986208,2727.70727630759,176
"419",2021-04-23,23775,3239,499,189,253.6,209,7,7,186,21,30,113,83,3,1188,193,2507,0.0805700016021729,86,0.0116299998760223,7.82835225630487,4.08815130601781,182.067974881468,2938.05787896929,209
"420",2021-04-24,23930,3116,500,228,228.6,155,3,2,148,18,32,119,87,1,1206,151,2464,0.0852299976348877,214,0.00467000007629395,7.87924175461875,3.54598719849426,138.879078356669,2824.60402754557,155
"421",2021-04-25,24077,2980,505,139,206.3,147,2,4,137,21,31,125,94,5,1227,139,1621,0.135719995498657,93,0.0215100002288818,12.9523070434428,3.71507575255211,121.632013466572,2521.8949649668,147
"422",2021-04-26,24239,2838,510,172,194.3,162,4,7,147,11,32,123,91,5,1238,151,1304,0.115030002593994,31,0,11.2358893919527,3.49907556746836,137.863403276859,2459.53866556109,162
"423",2021-04-27,24398,2736,511,189,194.4,159,3,5,147,10,32,120,88,1,1248,150,2425,0.0610300016403198,332,0.00903999984264374,5.47693267774876,2.99643678574202,145.249422655134,2558.14946922965,159
"424",2021-04-28,24563,2630,513,186,191.6,165,3,7,153,13,28,115,87,2,1261,156,2390,0.0623400020599365,38,0,6.13643348118815,3.0059382145317,151.638326648791,2438.45384029692,165
"425",2021-04-29,24686,2522,513,159,180.3,123,2,7,110,13,30,113,83,0,1274,112,2709,0.0586899995803833,111,0.00901000022888184,5.67345102442072,2.77913882187635,111.458339069878,2352.17795655564,123
"426",2021-04-30,24838,2429,516,178,178.7,152,4,3,138,13,28,110,82,3,1287,142,2109,0.0611700010299683,179,0,5.63844109144244,2.77733928595974,135.497255298912,2266.44952902152,152
"427",2021-05-01,24962,2374,520,137,165.7,124,3,5,113,7,30,111,81,4,1294,116,2024,0.0780600023269653,70,0.0285700011253357,7.64056087815431,2.13574221203397,110.480747022289,2158.71804681823,124
"428",2021-05-02,25057,2310,520,128,164.1,95,0,3,90,8,28,109,81,0,1302,90,1270,0.0629899978637695,20,0,6.20134087496026,2.02038851711229,86.375855713308,2139.98029664157,95
"429",2021-05-03,25164,2195,523,103,154.3,107,3,4,100,10,23,99,76,3,1312,103,930,0.132259998321533,139,0,11.506248684661,4.17896853733128,92.9339340003212,1895.24257408451,107
"430",2021-05-04,25268,2098,524,141,147.4,104,1,2,98,9,24,96,72,1,1321,99,2381,0.0373799991607666,56,0,3.65210414451314,2.12180226322447,96.7087875315708,2007.06097213369,104
"431",2021-05-05,25350,1984,525,114,137.1,82,1,2,75,8,24,90,66,1,1329,76,1868,0.0599599981307983,64,0.0156299996376038,5.84915095678768,2.93826426367049,72.7239598460379,1846.2675833492,82
"432",2021-05-06,25454,1910,527,121,131.7,104,3,6,90,12,23,89,66,2,1341,93,2123,0.0503999996185303,245,0,4.51854726309712,2.35385678892471,94.0124938092376,1807.56842124348,104
"433",2021-05-07,25566,1812,530,109,121.9,112,5,4,102,19,24,96,72,3,1360,107,2316,0.0526800012588501,81,0,5.0899825997287,3.62069280395895,104.535994082964,1702.53477830216,112
"434",2021-05-08,25654,1736,534,136,121.7,88,1,3,84,4,22,87,65,4,1364,85,1904,0.0530499982833862,86,0.0116299998760223,5.12599883019625,4.78212555731992,82.8287075566228,1630.38395668585,88
"435",2021-05-09,25735,1673,537,69,113.3,81,0,5,76,4,23,84,61,3,1368,76,1133,0.142980003356934,122,0,12.9080752034586,4.07928554556447,69.3566822626146,1416.69380822835,81
"436",2021-05-10,25828,1605,538,82,110.3,93,4,2,86,8,23,85,62,1,1376,90,698,0.0873900032043457,14,0,8.56716604447097,1.9510748965647,82.8487301132293,1441.80235368592,93
"437",2021-05-11,25957,1572,540,124,107.9,129,0,5,122,5,22,79,57,2,1381,122,1895,0.0443300008773804,86,0.0232599997520447,4.34153011818837,3.8436001742392,120.71356660161,1490.99775981747,129
"438",2021-05-12,26052,1512,541,117,108.3,95,2,3,89,7,23,79,56,1,1388,91,2091,0.0387400007247925,173,0.00578000009059906,3.62214141038934,3.13958050066572,90.0879133669385,1446.99917594298,95
"439",2021-05-13,26143,1484,541,78,102.1,91,1,1,88,7,21,76,55,0,1395,89,1667,0.0689900016784668,54,0.0185199999809265,6.74063990685498,2.92915619360875,82.8797899818264,1365.27649812394,92
"440",2021-05-14,26223,1401,541,128,104.9,80,2,4,72,7,22,69,47,0,1402,74,1745,0.0515799999237061,105,0,4.86524864145227,3.72511627401432,73.7269455223628,1320.10068482203,81
"441",2021-05-15,26292,1345,542,85,97.6,69,2,8,59,6,20,63,43,1,1408,61,1752,0.0393799996376038,60,0,3.80760261396699,3.4286075276462,66.2433405287273,1284.21791821538,72
"442",2021-05-16,26355,1311,543,47,94.4,63,2,3,57,7,20,66,46,1,1415,59,805,0.0422399997711182,21,0.0476200008392334,4.23767794592906,1.41889859087653,59.0325621641048,1245.06252537528,67
"443",2021-05-17,26425,1274,545,87,95.1,70,6,4,59,9,21,69,48,2,1424,65,721,0.176140003204346,19,0,17.1617489608558,4.44660506033095,55.7603479538473,1014.50281989541,76
"444",2021-05-18,26498,1236,546,97,91.3,73,1,5,66,5,18,62,44,1,1429,67,1921,0.0286299991607666,56,0,2.78190330742704,1.97527379086163,69.7878299742009,1195.19041564347,81
"445",2021-05-19,26559,1211,549,91,87.6,61,2,3,56,4,16,55,39,3,1433,58,2000,0.0505000019073486,122,0.00819999992847443,4.80680508039449,4.50922164343761,57.6910807032645,1141.91204709747,70
"446",2021-05-20,26609,1157,552,73,86.9,50,4,7,38,11,17,62,45,3,1444,42,1483,0.0505700016021728,65,0.0307699990272522,4.97386061452156,3.83567684625214,46.5206115660282,1088.69875194987,65
"447",2021-05-21,26664,1097,553,77,79.6,55,4,9,39,3,15,58,43,1,1447,43,1678,0.0393300008773804,192,0.00521000027656555,3.58267708691684,2.90276877224069,50.1715723015036,1050.35383290115,72
"448",2021-05-22,26701,1041,557,79,78.7,37,0,11,26,8,17,57,40,4,1455,26,1364,0.0542500019073486,101,0.00990000009536743,5.11924249906182,2.89211326517638,35.4202778031062,977.750353578215,59
"449",2021-05-23,26726,989,558,39,77.6,25,0,2,23,5,14,58,44,1,1460,23,817,0.0293799996376038,14,0.0714300012588501,3.00884232509581,2.15315900290921,24.1786487250957,953.681895179115,61
"450",2021-05-24,26754,918,560,65,74.4,28,0,6,22,3,13,54,41,2,1463,22,707,0.0565799999237061,30,0.0333299994468689,5.56335955623694,4.20130740714005,26.5473483565512,857.384808696093,66
"451",2021-05-25,26754,799,561,36,65.7,0,0,0,0,0,13,54,41,1,1463,0,1009,0.0822599983215332,19,0.0526300001144409,8.17123621679002,5.28165758115573,0,721.511685447733,68
