"","date","observed_cumulative_cases","observed_active_cases","observed_cumulative_deaths","observed_new_cases","observed_daily_average_cases","observed_new_episodes","observed_new_cases_community_outbreak","observed_new_cases_institution_outbreak","observed_new_cases_sporadic","observed_new_ICU_p_acute_care","observed_census_ICU","observed_census_ICU_p_acute_care","observed_census_acute_care","observed_new_deaths","cumulative_hosp","observed_new_community_cases","num_non_ltch_tests","non_ltch_pct_positivity","num_ltch_tests","ltch_pct_positivity","observed_pct_positivity","pct_positivity_7_day","adjusted_new_episodes","adjusted_active_cases","adjusted_episode_cases"
"1",2020-03-01,7,7,0,0,0,2,0,0,2,0,0,1,1,0,0,2,NA,NA,NA,NA,NA,NA,NA,NA,2
"2",2020-03-02,10,10,0,0,0,3,2,0,1,0,0,1,1,0,0,3,NA,NA,NA,NA,NA,NA,NA,NA,3
"3",2020-03-03,11,11,0,0,0,1,0,0,1,0,0,1,1,0,0,1,NA,NA,NA,NA,NA,NA,NA,NA,1
"4",2020-03-04,12,12,0,0,0,1,0,0,1,0,0,1,1,0,0,1,NA,NA,NA,NA,NA,NA,NA,NA,1
"5",2020-03-05,18,18,0,0,0,6,2,0,4,0,0,1,1,0,0,6,NA,NA,NA,NA,NA,NA,NA,NA,6
"6",2020-03-06,23,23,0,0,0,5,0,1,4,0,0,1,1,0,0,4,NA,NA,NA,NA,NA,NA,NA,NA,5
"7",2020-03-07,27,27,0,0,0,4,0,0,4,0,0,1,1,0,0,4,NA,NA,NA,NA,NA,NA,NA,NA,4
"8",2020-03-08,36,36,0,0,0,9,1,0,8,0,0,1,1,0,0,9,NA,NA,NA,NA,NA,NA,NA,NA,9
"9",2020-03-09,45,45,0,1,0.1,9,0,0,9,0,0,1,1,0,0,9,NA,NA,NA,NA,NA,NA,NA,NA,9
"10",2020-03-10,52,52,0,0,0.1,7,1,0,6,0,0,1,1,0,0,7,NA,NA,NA,NA,NA,NA,NA,NA,7
"11",2020-03-11,61,61,0,0,0.1,9,0,0,9,0,0,1,1,0,0,9,NA,NA,NA,NA,NA,NA,NA,NA,9
"12",2020-03-12,75,75,0,3,0.6,14,1,0,13,0,0,1,1,0,0,14,NA,NA,NA,NA,NA,NA,NA,NA,14
"13",2020-03-13,97,97,0,1,0.7,22,2,2,18,0,0,1,1,0,0,20,NA,NA,NA,NA,NA,NA,NA,NA,22
"14",2020-03-14,115,115,0,4,1.3,18,1,1,16,1,0,2,2,0,1,17,NA,NA,NA,NA,NA,NA,NA,NA,18
"15",2020-03-15,142,142,0,4,1.9,27,1,0,26,0,0,2,2,0,1,27,NA,NA,NA,NA,NA,NA,NA,NA,27
"16",2020-03-16,157,157,0,0,1.7,15,0,0,15,0,0,2,2,0,1,15,NA,NA,NA,NA,NA,NA,NA,NA,15
"17",2020-03-17,180,179,0,5,2.4,23,1,0,22,2,0,4,4,0,3,23,127,0,4,0,0,0,23,179,23
"18",2020-03-18,196,194,0,4,3,16,0,0,16,0,0,3,3,0,3,16,210,0.0190499997138977,1,0,1.89597153550641,0.947985767753204,15.6484840196132,189.73786873781,16
"19",2020-03-19,221,219,0,1,2.7,25,0,0,25,4,0,7,7,0,7,25,110,0.0272699999809265,9,0,2.52075630075791,1.47224261208811,24.2697624725445,212.60311925949,25
"20",2020-03-20,243,241,0,2,2.9,22,1,1,20,3,1,10,9,0,10,21,137,0.00730000019073486,4,0,0.709290798674238,1.28150465873464,21.8274015471116,239.019227278757,22
"21",2020-03-21,263,261,0,4,2.9,20,0,2,18,3,1,10,9,0,13,18,204,0.0147099995613098,3,0,1.44968111618705,1.31513995022512,19.6976303030298,256.615639393931,20
"22",2020-03-22,289,287,0,7,3.3,26,0,1,25,3,5,13,8,0,16,25,159,0.0314499998092651,2,0,3.10593165818208,1.61360523488462,25.1002431080566,276.67079088049,26
"23",2020-03-23,310,308,0,9,4.6,21,1,0,20,4,5,17,12,0,20,21,138,0.0362299990653992,3,0,3.54591480214545,1.88964945877902,20.1371389420696,295.344704483688,21
"24",2020-03-24,328,324,1,8,5,18,1,3,14,3,7,20,13,1,23,15,253,0.0197599995136261,4,0,1.94524508830638,2.16754161425136,17.6618893393655,316.696809730295,18
"25",2020-03-25,351,347,1,8,5.6,23,0,1,22,4,8,23,15,0,27,22,153,0.0588199996948242,2,0,5.80610319568265,2.7261318514194,21.5198671098698,323.654267596583,23
"26",2020-03-26,365,357,1,19,8.1,14,1,3,10,2,7,25,18,0,29,11,274,0.025550000667572,3,0,2.5273285858898,2.72707074929538,13.6778577612155,346.545020068541,14
"27",2020-03-27,382,365,1,27,11.7,17,3,2,12,5,9,26,17,0,34,15,577,0.0294600009918213,4,0,2.92571782655437,3.04370318184968,16.4914695360944,352.625758711631,17
"28",2020-03-28,407,387,2,26,14.9,25,1,1,23,3,8,25,17,1,37,24,367,0.0817399978637695,3,0,8.10772411243336,3.99485218131344,22.7452235937764,350.641730449645,25
"29",2020-03-29,426,399,2,11,15.4,19,5,4,10,7,8,31,23,0,44,15,184,0.0434800004959106,0,0,4.34800004959107,4.1722905229433,18.2442570974509,378.897238792193,19
"30",2020-03-30,451,408,3,48,21,25,8,3,14,4,12,32,20,1,48,22,549,0.0783199977874756,0,0,7.83199977874756,4.7845883767436,23.0034112248235,370.972353623999,25
"31",2020-03-31,468,405,3,51,27.1,17,2,3,12,6,13,34,21,0,54,14,943,0.064689998626709,0,0,6.4689998626709,5.43083905879567,15.9505579656758,374.641141149907,17
"32",2020-04-01,495,408,3,37,31.3,27,6,4,16,3,15,33,18,0,57,22,575,0.0573899984359741,4,0.25,5.87206374795943,5.44026199483521,24.5030519793794,380.238418526673,27
"33",2020-04-02,512,404,6,32,33.1,17,5,4,7,6,14,34,20,3,63,12,107,0.0841100025177002,9,0,7.75842264602924,6.1875611462837,14.9211825606553,367.679812875395,17
"34",2020-04-03,540,410,6,26,33,28,3,4,20,5,14,37,23,0,68,23,217,0.110600004196167,2,0,10.9589958495745,7.33517229242944,24.0792668740856,357.934757320656,28
"35",2020-04-04,557,417,7,18,31.9,17,3,7,6,7,14,43,29,1,75,9,315,0.0253999996185303,3,0,2.51603769806196,6.53635994751924,15.7376065853952,404.842438456646,17
"36",2020-04-05,584,428,8,40,36,27,4,8,13,4,13,43,30,1,79,17,422,0.0663500022888184,5,0.2,6.79149905524153,6.88543123404074,23.6621487035852,394.31762618438,27
"37",2020-04-06,603,428,9,40,34.9,19,3,7,9,4,12,44,32,1,83,12,238,0.117650003433228,4,0.25,11.9837606682265,7.47853993253773,17.3336445321869,368.566654981332,19
"38",2020-04-07,626,426,9,25,31.1,23,2,11,10,4,14,45,31,0,87,12,285,0.108769998550415,6,0,10.6527318167932,8.07621592598378,21.518725598624,373.414758751153,23
"39",2020-04-08,646,429,11,26,29.6,20,1,10,8,5,16,44,28,2,92,9,368,0.0434800004959106,6,0.333330001831055,4.81300005173301,7.92492111223715,18.498060176507,405.074201746831,20
"40",2020-04-09,682,437,11,25,28.6,36,1,20,13,6,16,47,31,0,98,14,295,0.0949199962615967,5,0,9.33379963239034,8.14997496743159,32.4858120448087,389.73570454153,36
"41",2020-04-10,716,454,11,37,30.1,34,0,20,13,4,16,49,33,0,102,13,331,0.090629997253418,8,0,8.84912362562872,7.84856464972504,31.6669793028451,407.446815653204,34
"42",2020-04-11,760,484,11,31,32,44,0,34,8,6,19,54,35,0,108,8,225,0.102220001220703,11,0.363639984130859,11.4404830932617,9.12348542046786,40.9394585954182,419.837245022799,44
"43",2020-04-12,793,499,13,35,31.3,33,0,18,14,1,18,50,32,2,109,14,227,0.101319999694824,12,0.5,12.1337405567887,9.88666277783175,30.0315879356626,428.840169992545,33
"44",2020-04-13,817,506,16,16,27.9,24,0,19,5,3,20,52,32,3,112,5,165,0.0606099987030029,26,0.0384599995613098,5.75948155737672,8.99748004771035,23.6663073244629,472.230301235648,24
"45",2020-04-14,850,506,18,32,28.9,33,0,26,7,5,20,51,31,2,117,7,208,0.0673099994659424,18,0.166669998168945,7.52236276812258,8.55028446932883,32.3898373895587,461.893959873816,33
"46",2020-04-15,879,504,24,60,33.7,29,2,18,9,4,16,51,35,6,121,11,390,0.1,24,0.208330001831055,10.6280000106148,9.38099874916909,27.645317535545,441.930912537698,29
"47",2020-04-16,949,553,24,21,33.1,70,1,55,13,7,13,53,40,0,128,14,310,0.0354800009727478,11,0,3.42641753942424,8.5370870216025,68.4441448957563,531.043723382373,70
"48",2020-04-17,981,557,26,73,38.3,32,0,26,6,0,13,49,36,2,128,6,378,0.0846599960327148,66,0.5,14.6399726352176,9.36435116582949,30.9821476277472,462.509371442528,32
"49",2020-04-18,1021,579,31,31,38.3,40,0,31,9,1,11,46,35,5,129,9,421,0.0617600011825562,8,0,6.06082995288022,8.59582928863213,39.3679260577455,538.336576381626,40
"50",2020-04-19,1038,582,35,38,38.7,17,0,13,4,5,15,47,32,4,134,4,452,0.0442500019073486,47,0.127659997940063,5.21062540386865,7.60681283821498,16.7584855491014,546.859647394247,17
"51",2020-04-20,1099,618,39,16,38.7,61,1,47,13,3,13,45,32,4,137,14,325,0.0523099994659424,43,0.0232599997520447,4.89155701515467,7.48282361789754,60.2064607120153,582.970908573249,61
"52",2020-04-21,1135,631,47,51,41.4,36,0,26,10,2,11,43,32,8,139,10,543,0.069980001449585,25,0.36,8.27449661745152,7.59027131065882,35.0411849096162,570.498767796785,36
"53",2020-04-22,1176,647,54,35,37.9,41,1,31,9,4,9,45,36,7,143,10,656,0.0243899989128113,122,0.106560001373291,3.7275269221524,6.60448944087848,40.5680693064478,619.054084127171,41
"54",2020-04-23,1221,662,57,50,42,45,0,35,10,5,11,48,37,3,148,10,775,0.0361299991607666,105,0.0285700011253357,3.522795394063,6.61825770582687,44.5917927651287,634.976681051519,45
"55",2020-04-24,1262,669,65,38,37,41,0,36,5,7,10,48,38,8,155,5,517,0.0406199979782104,94,0.106379995346069,5.07369206501887,5.25164619579848,40.7060405761941,629.668229094766,41
"56",2020-04-25,1363,741,78,53,40.1,101,0,95,6,4,9,48,39,13,159,6,557,0.0502699995040894,28,0.0357100009918213,4.95731106864081,5.09400064090713,100.655340145987,698.43450802937,101
"57",2020-04-26,1417,760,87,88,47.3,54,0,41,13,5,9,50,41,9,164,13,358,0.0502799987792969,81,0.0123500001430511,4.32815252268233,4.96793308645194,53.3480126239316,721.883814937537,54
"58",2020-04-27,1478,784,95,87,57.4,61,0,54,7,8,11,56,45,8,172,7,269,0.0632000017166138,80,0.1,7.16355314090805,5.29250396155957,60.4189415720531,718.921456069951,61
"59",2020-04-28,1499,780,103,65,59.4,21,0,14,7,7,13,61,48,8,179,7,503,0.0616300010681152,11,0.272730007171631,6.61477054788909,5.05540023733637,20.4634550620087,720.213564052402,21
"60",2020-04-29,1524,769,111,29,58.6,25,0,17,8,7,13,62,49,8,186,8,668,0.0314400005340576,74,0.148649997711182,4.31294072606172,5.13903078075198,24.6001871443532,730.567989250953,25
"61",2020-04-30,1544,759,122,30,55.7,20,0,10,10,2,11,56,45,11,188,10,603,0.0414599990844727,6,0.333330001831055,4.43355656139956,5.26913951894292,19.4862574568978,720.006940978546,20
"62",2020-05-01,1567,742,135,42,56.3,23,0,16,7,6,11,57,46,13,194,7,516,0.031010000705719,55,0.0909099960327148,3.67797025323123,5.06975068868754,22.7016682125001,710.376830525007,23
"63",2020-05-02,1588,743,139,22,51.9,21,0,15,6,4,12,57,45,4,198,6,508,0.0511800003051758,28,0.0357100009918213,5.03718660126871,5.08116147906296,20.6497867544337,699.631926424038,21
"64",2020-05-03,1607,724,148,23,42.6,19,0,13,6,3,12,52,40,9,201,6,826,0.0205800008773804,231,0.0043299999833107,1.70286761786764,4.70612077837514,18.8816071663748,709.713931409223,19
"65",2020-05-04,1625,721,152,14,32.1,18,0,11,7,6,10,52,42,4,207,7,637,0.0109899997711182,24,0.125,1.51295459216373,3.89889241426881,17.8772794729675,708.359785715651,18
"66",2020-05-05,1650,721,156,29,27,25,0,24,1,3,9,50,41,4,210,1,923,0.0292499995231628,29,0.172409992218018,3.36109656871868,3.4340818458159,24.9610529768841,692.919196333425,25
"67",2020-05-06,1666,694,161,23,26.1,16,0,11,5,4,10,52,42,5,214,5,598,0.0167200005054474,149,0.0134200000762939,1.60617674881196,3.04740127763736,15.9069413780812,681.083463277664,16
"68",2020-05-07,1689,672,167,32,26.4,23,0,16,7,6,10,54,44,6,220,7,813,0.0356699991226196,234,0.0128199994564056,3.05631224063884,2.85065208895726,22.7520928579815,648.200914366221,23
"69",2020-05-08,1702,639,173,16,22.7,13,0,8,5,4,8,54,46,6,224,5,715,0.00978999972343445,127,0.0472399997711182,1.54386339349022,2.54577968042283,12.9105516874557,627.568505656836,13
"70",2020-05-09,1719,623,179,12,21.3,17,0,12,5,5,6,51,45,6,229,5,1100,0.0154499995708466,164,0.0304900002479553,1.74013920637626,2.0747729097239,16.8991798650976,610.43781119116,17
"71",2020-05-10,1731,554,185,25,21.6,12,0,8,4,3,5,52,47,6,232,4,907,0.0176400005817413,316,0.0126600003242493,1.6353262984548,2.06512414980778,11.9242020098551,543.501978364926,12
"72",2020-05-11,1751,535,188,14,21.6,20,0,14,6,1,5,51,46,3,233,6,517,0.00967000007629394,197,0.0152300000190735,1.12040616851561,2.00904580357234,19.9221031278592,528.054195567446,20
"73",2020-05-12,1774,518,193,13,19.3,23,0,17,6,4,6,51,45,5,237,6,835,0.0131700003147125,322,0.00310999989509583,1.03702422031165,1.67703546808562,22.9279003049371,511.775392992906,23
"74",2020-05-13,1795,500,195,21,19,21,0,15,6,2,7,47,40,2,239,6,1249,0.0144099998474121,224,0.0133899998664856,1.42548878340193,1.65122290159847,20.9008920866208,491.741007218397,21
"75",2020-05-14,1809,472,198,25,18,14,0,10,4,2,6,45,39,3,241,4,1046,0.0267700004577637,127,0.0236199998855591,2.6428951802461,1.59216332154237,13.8775008125194,457.545095877286,14
"76",2020-05-15,1829,458,201,17,18.1,20,0,12,8,1,5,44,39,3,242,8,1163,0.012039999961853,137,0.0146000003814697,1.23097846214588,1.54746547420746,19.8858873688627,451.467051867388,20
"77",2020-05-16,1845,438,207,19,19.1,16,0,6,10,1,4,42,38,6,243,10,967,0.0134399998188019,25,0.04,1.4109354662078,1.50043636846911,15.8365065237075,430.838985738388,16
"78",2020-05-17,1857,398,212,15,17.7,12,0,9,3,1,2,42,40,5,244,3,353,0.0254999995231628,10,0.1,2.7552341134095,1.66042319917693,11.9042203954774,385.293239133334,12
"79",2020-05-18,1872,390,213,26,19.4,15,0,8,7,2,1,43,42,1,246,7,376,0.0398900008201599,17,0.0588199996948242,4.07088557333133,2.08192025700774,14.6697976095014,371.603009672222,15
"80",2020-05-19,1884,353,219,23,20.9,12,0,8,4,0,1,40,39,6,246,4,359,0.0390000009536743,31,0.225809993743896,5.38490003805894,2.70304537382879,11.7504078541378,330.973493127657,12
"81",2020-05-20,1899,339,223,17,20.3,15,0,9,6,3,1,41,40,4,249,6,675,0.0296300005912781,36,0.0555600023269653,3.0942912071566,2.94144572007945,14.7848676548705,326.845022500186,15
"82",2020-05-21,1907,325,229,11,18.3,8,0,1,7,0,1,38,37,6,249,7,478,0.0209200000762939,36,0,1.94547860631683,2.8418147809467,7.84219608365362,317.673389598204,8
"83",2020-05-22,1914,309,233,7,16.9,7,0,3,4,1,1,36,35,4,250,4,514,0.00583999991416931,14,0,0.568515143159664,2.74717716394867,6.97364910889088,306.96439366182,7
"84",2020-05-23,1923,305,236,6,15,9,1,3,5,1,0,35,35,3,251,6,582,0.00859000027179718,43,0,0.799900825309753,2.65988650096323,8.94438644300127,302.172977519231,9
"85",2020-05-24,1933,302,237,8,14,10,0,3,7,1,1,36,35,1,252,7,332,0.0150600004196167,25,0.04,1.68064989896716,2.50637447032861,9.86367717681241,296.118643913907,10
"86",2020-05-25,1948,298,240,6,11.1,15,1,7,7,0,1,35,34,3,252,8,401,0.0174600005149841,8,0,1.71184846124906,2.16936916860257,14.8413103575501,292.08881081874,15
"87",2020-05-26,1954,288,243,16,10.1,6,0,2,4,1,1,35,34,3,253,4,1123,0.00800999999046326,41,0.0731699991226196,1.03051545990701,1.54731422886658,5.95223522012209,284.560935848791,6
"88",2020-05-27,1959,261,243,8,8.9,5,0,1,4,1,1,33,32,0,254,4,1150,0.00957000017166138,13,0.0769199991226196,1.03228376491871,1.25274173711831,4.95215325851848,257.878000118331,5
"89",2020-05-28,1963,236,244,4,7.9,4,0,2,2,1,1,31,30,1,255,2,1403,0.00284999996423721,88,0,0.268179071081476,1.01312751779898,3.99378489950106,235.266618141125,4
"90",2020-05-29,1970,226,247,7,7.9,7,0,3,4,2,1,32,31,3,257,4,1380,0.0065200001001358,37,0,0.634975309681539,1.0226218273021,6.97056865512956,224.33712901482,7
"91",2020-05-30,1973,208,248,15,9.1,3,1,1,1,0,1,31,30,1,257,2,1020,0.0127499997615814,119,0,1.1417910234252,1.07146328417574,2.9735387779115,205.248032902796,3
"92",2020-05-31,1977,193,249,10,9.4,4,0,1,3,3,1,34,33,1,260,3,1309,0.00535000026226044,11,0.0909099960327148,0.606300022701422,0.917984730423489,3.97892332411472,191.644067184714,4
"93",2020-06-01,1988,184,250,5,9.3,11,0,5,6,0,1,31,30,1,260,6,763,0.00130999997258186,20,0,0.127653892602805,0.691671220616882,10.9911247909644,183.727826922908,11
"94",2020-06-02,1991,165,251,8,8.1,3,0,1,2,0,1,26,25,1,260,2,858,0.0104900002479553,9,0,1.03811075118174,0.692756262227556,2.97594158775475,163.015180989767,3
"95",2020-06-03,2001,156,251,8,8.1,10,0,7,3,0,0,22,22,0,260,3,1110,0.00449999988079071,141,0,0.399280564962245,0.602327233662347,9.98611989652004,155.278234619042,10
"96",2020-06-04,2008,146,254,8,8.7,7,0,2,5,0,0,20,20,3,260,5,1430,0.00559000015258789,21,0,0.550909732474203,0.642717328147022,6.96808140788761,145.067977110318,7
"97",2020-06-05,2012,137,256,15,9.9,4,0,1,3,1,0,21,21,2,261,3,1366,0.00952000021934509,29,0,0.932209340474939,0.685179332546079,3.96759380935057,135.520117293676,4
"98",2020-06-06,2015,128,257,2,8,3,0,0,3,0,0,21,21,1,261,3,1404,0.000710000023245811,68,0,0.0677201109128478,0.5317406307586,2.99764586050605,127.899556714925,3
"99",2020-06-07,2016,118,258,4,7.1,1,0,0,1,0,0,20,20,1,261,1,870,0.00230000004172325,22,0,0.22432735832951,0.477173107276898,0.997400585603013,117.693269101155,1
"100",2020-06-08,2019,110,258,0,6.4,3,0,0,3,0,0,19,19,0,261,3,701,0.0014300000667572,12,0,0.140593274445554,0.479021590397291,2.9951125865641,109.820794840684,3
"101",2020-06-09,2029,107,259,3,5.7,10,0,3,7,0,0,18,18,1,261,7,1338,0.00224000006914139,10,0,0.222338285794598,0.362482666770557,9.98196543917872,106.724328856018,10
"102",2020-06-10,2039,105,259,7,5.6,10,0,4,6,0,0,17,17,0,261,6,1281,0.00233999997377396,12,0,0.231828303666236,0.338560915156841,9.98388200615386,104.717935107693,10
"103",2020-06-11,2046,104,260,5,5.1,7,0,2,5,0,0,16,16,1,261,5,1529,0.00326999992132187,6,0,0.325721816267175,0.306391212841551,6.98112833884991,103.607469448078,7
"104",2020-06-12,2050,107,260,10,4.4,4,0,2,2,0,0,16,16,0,261,2,1596,0.00814999997615814,13,0,0.808415162333648,0.288706330249938,3.98126482630241,105.997668207179,4
"105",2020-06-13,2053,105,260,6,5,3,0,3,0,0,0,16,16,0,261,0,1479,0.00270000010728836,23,0.0434800004959106,0.332446083228058,0.326524326294968,3,104.595513717778,3
"106",2020-06-14,2056,102,260,1,4.6,3,0,1,2,0,0,16,16,0,261,2,768,0,13,0,0,0.294477560819324,3,102,3
"107",2020-06-15,2061,100,260,2,4.9,5,0,2,3,0,0,14,14,0,261,3,720,0.00555999994277954,17,0,0.543175028331244,0.351989239945851,4.98111772457124,99.3705908190412,5
"108",2020-06-16,2065,99,260,3,4.9,4,0,1,3,1,0,14,14,0,262,3,1250,0.000799999982118607,14,0,0.0791139222822989,0.331528616586951,3.99724977991832,98.9092427373045,4
"109",2020-06-17,2068,89,260,8,5,3,0,0,3,1,1,6,5,0,263,3,1098,0.0091100001335144,26,0,0.889927059305944,0.425542724535481,2.96906365909908,88.082221886606,3
"110",2020-06-18,2070,75,260,2,4.6,2,0,0,2,0,1,6,5,0,263,2,1304,0.00230000004172325,122,0,0.210322584460527,0.409057119991674,1.99512573447903,74.8172150429635,2
"111",2020-06-19,2073,73,260,5,3.9,3,0,0,3,0,1,5,4,0,263,3,1875,0.0010700000077486,19,0,0.105926611115556,0.308701612674804,2.99631769624523,72.9103972753007,3
"112",2020-06-20,2079,73,261,1,3.1,6,0,0,6,1,1,5,4,1,264,6,1792,0.000560000017285347,158,0,0.0514625656910432,0.268561110169516,5.99642203603272,72.9564681050647,6
"113",2020-06-21,2085,77,261,1,3.1,6,0,0,6,0,1,4,3,0,264,6,1102,0.00363000005483627,86,0,0.336722227308887,0.316664285499357,5.97658919682458,76.6995613592488,6
"114",2020-06-22,2087,76,262,6,3.7,2,0,1,1,0,1,1,0,1,264,1,509,0.0039300000667572,10,0,0.385427752211834,0.294128960339441,1.99553381961274,75.660570290568,2
"115",2020-06-23,2096,81,262,4,3.9,9,0,0,9,0,1,1,0,0,264,9,1255,0.00158999994397163,20,0,0.156505876837992,0.305184953847398,8.98367826067914,80.8531043461122,9
"116",2020-06-24,2098,75,263,3,3.1,2,0,0,2,1,1,2,1,1,265,2,1733,0.00289000004529953,24,0,0.285052366448724,0.218774283439223,1.99339385770189,74.7522696638208,2
"117",2020-06-25,2104,73,263,6,3.7,6,0,0,6,0,1,2,1,0,265,6,1796,0.00277999997138977,21,0.0476200008392334,0.32982388366758,0.235845897611659,5.97706880806532,72.7210038314614,6
"118",2020-06-26,2108,67,263,6,3.9,4,0,0,4,0,1,2,1,0,265,4,2028,0.00196999996900558,23,0,0.194790830674955,0.248540786120145,3.99097137159858,66.8487704742761,4
"119",2020-06-27,2111,69,263,3,4.1,3,0,0,3,0,1,1,0,0,265,3,1574,0.000640000030398369,80,0,0.0609044768952257,0.249889630577885,2.99788279090975,68.9513041909242,3
"120",2020-06-28,2113,68,263,2,4.3,2,0,0,2,0,1,1,0,0,265,2,880,0.00114000000059605,12,0,0.112466367771807,0.217853079215445,1.99739357073752,67.9113814050755,2
"121",2020-06-29,2117,69,263,1,3.6,4,0,0,4,2,1,3,2,0,267,4,854,0.00351000010967255,8,0,0.347742470262222,0.212469467508358,3.9838820054696,68.7219645943506,4
"122",2020-06-30,2120,68,263,10,4.4,3,0,0,3,0,1,3,2,0,267,3,1605,0.00435999989509583,11,0,0.433032167798812,0.251973223359904,2.98494659688791,67.6587895294593,3
"123",2020-07-01,2122,67,263,4,4.6,2,0,0,2,0,2,3,1,0,267,2,1601,0.00312000006437302,15,0,0.309103966773589,0.255409166263456,1.99283645733289,66.7600213206517,2
"124",2020-07-02,2128,66,263,4,4.3,6,0,1,5,0,1,3,2,0,267,5,1012,0.00197999998927116,12,0,0.195679686439689,0.236245709516614,5.98866271599868,65.8503478511826,6
"125",2020-07-03,2136,74,263,4,4,8,0,0,8,0,1,3,2,0,267,8,1334,0.00300000011920929,14,0,0.296884284794154,0.2508304886765,7.9724786030601,73.7454270783059,8
"126",2020-07-04,2139,74,263,4,4.1,3,0,0,3,0,1,3,2,0,267,3,1257,0.00317999988794327,40,0,0.308192741645697,0.286157383640853,2.98928636272036,73.7357302804355,3
"127",2020-07-05,2141,71,263,5,4.6,2,0,0,2,0,1,2,1,0,267,2,734,0.00272000014781952,47,0,0.255631255889824,0.306609510514855,1.99407569748221,70.7896872606186,2
"128",2020-07-06,2147,71,263,0,4.4,6,0,1,5,0,1,2,1,0,267,5,602,0,10,0,0,0.256932014763109,6,71,6
"129",2020-07-07,2154,72,263,6,3.9,7,0,1,6,0,1,1,0,0,267,6,1272,0.0039300000667572,21,0,0.386617175940848,0.250301301640543,6.97312022231938,71.6774426678325,7
"130",2020-07-08,2167,78,263,5,4,13,0,1,12,0,1,1,0,0,267,12,1684,0.00296999990940094,39,0,0.29027741424441,0.247611794136374,12.9596365974087,77.7376378831569,13
"131",2020-07-09,2175,82,263,5,4.1,8,0,0,8,1,0,2,2,0,268,8,1504,0.00266000002622604,41,0,0.258941102876632,0.256649139341652,7.97599596461879,81.7539586373426,8
"132",2020-07-10,2191,95,263,12,5.3,16,0,0,16,0,0,2,2,0,268,16,1900,0.00684000015258789,14,0.0714300012588501,0.73124453017455,0.318700602967423,15.864426161937,94.195030336501,16
"133",2020-07-11,2198,100,263,7,5.7,7,0,0,7,1,1,2,1,0,269,7,1571,0.00381999999284744,25,0,0.376016290022765,0.328389681307004,6.96950013072209,99.5642875817442,7
"134",2020-07-12,2221,120,263,9,6.3,23,0,2,21,1,1,3,2,0,270,21,1068,0.00842999994754791,13,0,0.832862159480219,0.410851238962775,22.7973317566444,118.841895752254,23
"135",2020-07-13,2244,138,263,6,7.1,23,0,2,21,0,0,3,3,0,270,21,808,0.00619000017642975,65,0,0.572911814725686,0.492695783923587,22.8605879379121,137.083863591994,23
"136",2020-07-14,2263,148,263,4,6.9,19,0,2,17,1,0,4,4,0,271,17,1406,0.00356000006198883,66,0,0.340038049399205,0.486041622989067,18.9330162101888,147.41684700635,19
"137",2020-07-15,2284,168,263,15,8.3,21,0,0,21,1,0,5,5,0,272,21,1404,0.00782999992370606,46,0,0.758159992612641,0.552881991327386,20.8155097429554,166.524077943643,21
"138",2020-07-16,2306,186,263,7,8.6,22,0,1,21,0,0,5,5,0,272,21,1695,0.00708000004291534,25,0.04,0.75584884143846,0.623868811121932,21.8160721372763,184.370924644447,22
"139",2020-07-17,2336,213,263,17,9.3,30,0,0,29,0,1,5,4,0,272,29,1787,0.00726999998092651,21,0,0.718555860946664,0.622056144089377,28.7585363218606,211.226490915735,30
"140",2020-07-18,2362,232,263,16,10.6,26,0,0,24,2,1,6,5,0,274,24,1551,0.00708999991416931,81,0,0.673810653607635,0.664598196030073,23.8126117338296,230.188580093686,26
"141",2020-07-19,2380,250,263,28,13.3,18,0,0,18,0,1,6,5,0,274,18,2025,0.0212299990653992,22,0,2.10018310246377,0.845644045027723,17.561950748214,243.915982614084,18
"142",2020-07-20,2410,275,263,47,19.1,30,0,0,27,2,3,8,5,0,276,27,1548,0.0148599994182587,35,0.0285700011253357,1.51631264301018,0.980415591925508,26.5255987790076,270.168135712115,30
"143",2020-07-21,2434,294,263,23,21.9,24,0,0,23,0,3,8,5,0,276,23,1428,0.0161099994182587,15,0,1.59425358068423,1.15958923925194,22.5751080383525,288.568772316332,24
"144",2020-07-22,2461,314,263,13,21.6,27,0,1,23,2,3,9,6,0,278,23,1771,0.00902999997138977,16,0,0.894914938406899,1.17912566007969,23.7614920434903,310.743847898084,27
"145",2020-07-23,2480,322,263,29,24.7,19,0,1,17,1,3,10,7,0,279,17,1667,0.0101999998092651,32,0,1.0007886805206,1.21411706566285,17.8028555370793,318.26585193762,19
"146",2020-07-24,2503,337,263,34,27.1,23,0,1,18,0,3,7,4,0,279,18,2036,0.0122800004482269,83,0,1.17989999587494,1.28002337065261,18.753900357655,332.392467807208,23
"147",2020-07-25,2515,336,263,26,28.6,12,0,1,10,0,3,7,4,0,279,10,2126,0.00800000011920929,320,0,0.695339339878943,1.28309889726279,10.91942689896,333.292743805055,12
"148",2020-07-26,2522,338,263,21,27.6,7,0,0,6,2,4,9,5,0,281,6,1816,0.0121099996566772,73,0,1.16420113163186,1.14938718714395,5.9190582582948,333.440281883941,7
"149",2020-07-27,2537,340,264,22,24,15,0,1,13,1,4,9,5,1,282,13,1601,0.00874000012874603,24,0,0.861091704992148,1.05578419599852,13.8702862437611,336.607486375289,15
"150",2020-07-28,2557,330,264,14,22.7,20,0,2,17,1,4,10,6,0,283,17,1488,0.00739000022411346,24,0,0.727269863325452,0.931929379232978,18.8567357631093,327.218988342709,20
"151",2020-07-29,2573,324,264,20,23.7,16,2,2,12,2,4,11,7,0,285,14,2254,0.00620999991893768,52,0,0.606996522865808,0.890798177012822,15.9015291885443,321.72110407774,16
"152",2020-07-30,2593,334,264,19,22.3,20,1,0,18,1,4,12,8,0,286,19,1891,0.00898999989032745,134,0,0.839510607042431,0.867758452230227,18.8151697433707,330.750878646621,20
"153",2020-07-31,2603,321,264,18,20,10,0,1,9,1,3,13,10,0,287,9,2129,0.00797999978065491,207,0,0.727286795077667,0.803099423544901,9.92415246174397,318.294771135535,10
"154",2020-08-01,2620,308,264,15,18.4,17,0,0,17,1,2,13,11,0,288,17,1629,0.00551999986171722,83,0.0120500004291534,0.583658283315251,0.787144986892945,16.8850256792138,305.916935835168,17
"155",2020-08-02,2628,293,264,2,15.7,8,0,0,8,0,2,13,11,0,288,8,1340,0.00149000003933907,11,0,0.147786828476266,0.641942943585003,7.98630004962437,292.498239317493,8
"156",2020-08-03,2637,279,264,10,14,9,0,1,7,0,1,12,11,0,288,7,1046,0.0114699995517731,47,0,1.09767790769942,0.675740972543185,7.91096387687871,275.451274521308,9
"157",2020-08-04,2649,267,264,20,14.9,12,0,1,11,1,1,11,10,0,289,11,1699,0.0058899998664856,12,0,0.584869069150148,0.655398001946712,11.9254505202118,265.190480808778,12
"158",2020-08-05,2658,247,264,12,13.7,9,1,0,8,1,1,12,11,0,290,9,1599,0.005,70,0,0.479029358897543,0.637116978522675,8.9500428195993,245.628952937892,9
"159",2020-08-06,2668,223,264,12,12.7,10,0,0,10,1,2,10,8,0,291,10,1639,0.00305000007152557,10,0,0.303150401287472,0.560494091986252,9.96487216167358,222.216649205321,10
"160",2020-08-07,2680,224,264,6,11,12,0,3,9,1,2,10,8,0,292,9,1689,0,39,0,0,0.456595978403728,12,224,12
"161",2020-08-08,2686,207,264,14,10.9,6,1,1,4,0,1,10,9,0,292,5,1518,0.00725000023841858,95,0,0.682300084433937,0.470687664277826,5.96046891748402,205.363413183838,6
"162",2020-08-09,2688,198,264,16,12.9,2,0,1,1,2,2,12,10,0,294,1,1589,0.00441000014543533,102,0,0.414399185753799,0.508775143888902,1.99519811039737,197.049225858679,2
"163",2020-08-10,2700,199,264,8,12.6,12,2,0,10,0,1,12,11,0,294,12,1384,0.00578000009059906,27,0,0.566939767922686,0.432955409635084,11.9211663843802,197.692675874305,12
"164",2020-08-11,2713,203,264,8,10.9,13,2,1,10,0,1,12,11,0,294,12,1460,0.00342000007629395,41,0,0.332658235269098,0.396925290509219,12.9537434963364,202.217494146357,13
"165",2020-08-12,2720,186,264,12,10.9,7,3,0,4,0,2,10,8,0,294,7,1486,0.00268999993801117,7,0,0.267738774808078,0.366740921353581,6.97828286207553,185.422944620864,7
"166",2020-08-13,2742,189,264,11,10.7,22,0,0,22,0,2,9,7,0,294,22,1689,0.00532999992370605,56,0,0.515895121555274,0.397133024248982,21.8684843669607,187.870161152526,22
"167",2020-08-14,2753,184,264,6,10.7,11,4,1,6,1,2,10,8,0,295,10,1882,0.00477999985218048,36,0,0.469028139822923,0.464137044223685,10.9456509224587,182.999976973241,11
"168",2020-08-15,2757,176,264,2,9,4,0,0,4,1,2,11,9,0,296,4,2044,0.00734000027179718,21,0,0.726535620123653,0.470456406465073,3.96632480023949,174.518291210538,4
"169",2020-08-16,2761,158,264,26,10.4,4,0,1,3,0,2,11,9,0,296,3,1196,0.00501999974250793,22,0,0.492932651234769,0.481675472962354,3.98286428940402,157.097519241945,4
"170",2020-08-17,2784,172,265,8,10.4,23,1,4,18,1,1,9,8,1,297,19,1358,0.00662999987602234,32,0,0.647736678535132,0.493217888764132,22.8573915141541,170.709017917606,23
"171",2020-08-18,2810,191,265,15,11.4,26,1,1,24,0,1,7,6,0,297,25,1888,0.00583000004291534,77,0.0519500017166138,0.76372469278389,0.554798811266246,25.7787567044273,189.309701221825,26
"172",2020-08-19,2834,200,265,23,13,24,4,3,15,2,1,7,6,0,299,19,1519,0.0118499994277954,25,0.04,1.23057960691847,0.692347501567731,21.7290703147268,197.148108576071,24
"173",2020-08-20,2851,208,266,24,14.9,17,1,0,16,3,0,6,6,1,302,17,1607,0.00995999991893768,103,0,0.936007009925898,0.752363485620677,16.8156168201605,205.744017564316,17
"174",2020-08-21,2872,215,266,16,16.3,21,3,2,16,0,0,6,6,0,302,19,1804,0.00721000015735626,116,0.00861999988555908,0.729518764093518,0.789576431945048,20.8393860193639,213.182526008591,21
"175",2020-08-22,2891,225,266,16,18.3,19,1,0,18,1,0,7,7,0,303,19,1864,0.00589999973773956,73,0,0.567764559171221,0.766894851808986,18.8749985190225,223.519719304213,19
"176",2020-08-23,2908,235,266,13,16.4,17,0,1,15,0,0,7,7,0,303,15,694,0.0172899997234344,5,0,1.71663230444399,0.941709087981732,15.7016254219012,230.325464943119,17
"177",2020-08-24,2927,251,266,19,18,19,2,0,17,1,1,8,7,0,304,19,1142,0.00962999999523163,58,0,0.91645499954621,0.980097419554743,18.7982293358364,248.334503331312,19
"178",2020-08-25,2941,253,266,23,19.1,14,0,1,13,4,2,11,9,0,308,13,1647,0.0145700001716614,73,0,1.3951622257399,1.0703027814056,13.7898345416473,248.909856848982,14
"179",2020-08-26,2959,261,266,15,18,18,1,4,13,0,2,11,9,0,308,14,1832,0.0049099999666214,41,0,0.480251998870817,0.96311312311308,17.9220904861057,259.547544062398,18
"180",2020-08-27,2972,264,266,16,16.9,13,1,3,9,1,2,9,7,0,309,10,1469,0.00612999975681305,9,0,0.609267228874044,0.916436011534243,12.9294005859053,262.1361754679,13
"181",2020-08-28,3000,274,266,20,17.4,28,0,3,21,1,1,9,8,0,310,21,2137,0.00607999980449677,35,0,0.598202559033591,0.897676553668539,23.8544337013873,272.100706389529,28
"182",2020-08-29,3021,288,266,12,16.9,21,0,2,18,0,1,9,8,0,310,18,1790,0.00726000010967255,11,0.0909099960327148,0.777091068999096,0.927580340786807,19.8379169126038,285.406670601661,21
"183",2020-08-30,3041,302,267,16,17.3,20,0,6,12,2,1,10,9,1,312,12,1402,0.00428000003099442,33,0,0.418157494317364,0.742083939340146,17.9418547277141,300.536677314139,20
"184",2020-08-31,3061,311,267,13,16.4,20,1,3,16,1,1,11,10,0,313,17,1353,0.00517000019550324,54,0,0.497157801315983,0.682184339592971,19.9020653314381,309.208371651603,20
"185",2020-09-01,3086,315,267,18,15.7,25,1,2,22,0,1,11,10,0,313,23,1361,0.0154299998283386,22,0.0909099960327148,1.6630693911127,0.720456791789084,24.5567676155744,308.929643430693,25
"186",2020-09-02,3122,325,267,15,15.7,36,1,9,26,0,1,9,8,0,313,27,1528,0.00261999994516373,51,0,0.253537676770752,0.688069031489075,35.920676923732,324.04518519307,36
"187",2020-09-03,3144,326,267,24,16.9,22,1,4,17,1,1,8,7,0,314,18,1493,0.00938000023365021,133,0.00751999974250793,0.922785997207461,0.732857426965278,21.8075283459042,322.514124486931,22
"188",2020-09-04,3166,330,267,24,17.4,22,0,3,19,3,1,11,10,0,317,19,2705,0.00813000023365021,258,0.00774999976158142,0.809691210614641,0.763070091476856,21.8217349096092,326.903816851108,22
"189",2020-09-05,3191,337,267,17,18.1,25,1,11,13,2,1,13,12,0,319,14,2256,0.00398999989032745,164,0,0.371960320354493,0.705194270241913,24.9396582464728,335.547487790096,25
"190",2020-09-06,3212,339,267,26,19.6,21,1,3,16,1,1,14,13,0,320,17,1310,0.00611000001430511,192,0.03125,0.932363516560566,0.778652273419513,19.8163345486446,335.337494822973,21
"191",2020-09-07,3253,364,267,29,21.9,41,2,6,33,0,1,12,11,0,320,35,1290,0.0147300004959106,44,0,1.4244153403092,0.91111763613283,40.4223058570914,357.99198091375,41
"192",2020-09-08,3305,401,267,24,22.7,52,0,14,36,3,1,14,13,0,323,36,1097,0.0127600002288818,4,0,1.27136423715562,0.855159756996105,49.4696460968759,395.092446801312,52
"193",2020-09-09,3350,432,267,15,22.7,45,2,10,31,0,1,13,12,0,323,33,1587,0.0144900000095367,29,0,1.42299690687715,1.02222536129702,42.4558593465954,424.876704173612,45
"194",2020-09-10,3427,494,267,33,24,77,1,21,52,2,2,14,12,0,325,53,1959,0.0127600002288818,61,0,1.23746734892968,1.06717984011448,73.2400187176105,486.916400877351,77
"195",2020-09-11,3457,508,267,60,29.1,30,0,1,25,0,1,12,11,0,325,25,2314,0.0155599999427795,93,0.0752699995040894,1.78670335776785,1.20675300399351,25.4824101632195,497.482574516619,30
"196",2020-09-12,3506,533,269,47,33.4,49,0,4,42,1,0,12,12,2,326,42,1900,0.0168400001525879,26,0,1.66126688940379,1.39093965671484,45.1914963637432,522.73970385417,49
"197",2020-09-13,3541,546,270,31,34.1,35,1,5,29,1,1,11,10,1,327,30,1199,0.0166799998283386,44,0,1.6089557356539,1.48759568801389,34.4406822153323,535.820416319048,35
"198",2020-09-14,3609,596,272,59,38.4,68,0,19,49,1,1,11,10,2,328,49,2394,0.0141999995708466,218,0.0412799978256226,1.6460121936674,1.51925238135077,67.0654072536708,584.632300473221,68
"199",2020-09-15,3682,645,273,41,40.9,73,0,15,55,1,1,11,10,1,329,55,2961,0.0121599996089935,28,0,1.20460886056306,1.5097158989804,69.2322814742651,635.996755470927,73
"200",2020-09-16,3759,685,274,41,44.6,77,0,7,67,1,0,11,11,1,330,67,1887,0.0190799999237061,162,0.00616999983787537,1.80592971350752,1.56442058564189,72.5979324944709,670.665429234516,77
"201",2020-09-17,3809,710,278,57,48,50,2,4,38,2,2,11,9,4,332,40,2512,0.0191100001335144,208,0.00481000006198883,1.80164707162801,1.6450176888845,43.1649297934672,695.177503834042,50
"202",2020-09-18,3897,778,278,47,46.1,88,1,6,78,0,2,11,9,0,332,79,2409,0.0128699994087219,281,0.0213499999046326,1.37558284568078,1.58628618715778,83.7407640311234,765.598916660937,88
"203",2020-09-19,3967,829,280,47,46.1,70,2,4,60,0,2,10,8,2,332,62,2101,0.0214199995994568,161,0,1.98954107685494,1.6331824996508,64.5706523317561,809.8882384359,70
"204",2020-09-20,4010,861,280,76,52.6,43,1,4,34,2,2,11,9,0,334,35,2847,0.0186199998855591,112,0,1.79152212484578,1.6592634123925,38.2734199013962,843.126129574346,43
"205",2020-09-21,4119,941,280,55,52,109,2,22,82,1,3,12,9,0,335,84,2949,0.0189900004863739,73,0,1.85312744653596,1.68885130565944,104.196243735997,920.793635185393,109
"206",2020-09-22,4228,1020,280,85,58.3,109,0,27,81,3,3,15,12,0,338,81,2507,0.0135599994659424,64,0.03125,1.4000357316654,1.71676943010263,106.685933279796,1003.45249315298,109
"207",2020-09-23,4334,1079,281,67,62,106,0,26,75,2,3,16,13,1,340,75,1896,0.0168799996376038,7,0.571430015563965,1.89198578149472,1.7290631541008,99.3557327394431,1055.34447501145,106
"208",2020-09-24,4435,1132,282,38,59.3,101,2,18,75,2,3,18,15,1,342,77,2730,0.0128199994564056,55,0,1.25668217292594,1.65121102571479,93.8787319242106,1115.51590309359,101
"209",2020-09-25,4554,1195,284,57,60.7,119,5,16,86,3,3,20,17,2,345,91,3291,0.0133700001239777,59,0.0339000010490417,1.37315732745982,1.65086452311179,105.55204532022,1175.98565008421,119
"210",2020-09-26,4639,1242,286,76,64.9,85,3,14,66,3,4,21,17,2,348,69,3437,0.0299699997901916,12,0,2.98657260883992,1.79329759910965,80.6121037899856,1199.01786821974,85
"211",2020-09-27,4721,1272,287,109,69.6,82,2,12,64,2,4,22,18,1,350,66,2684,0.0331599998474121,13,0,3.30001629923819,2.00879676687999,75.4762095172024,1223.35967433154,82
"212",2020-09-28,4836,1342,288,86,74,115,3,11,97,6,4,27,23,1,356,100,3135,0.0258400011062622,192,0.0104200005531311,2.49501182970644,2.10049453590435,108.10888153853,1303.20119024707,115
"213",2020-09-29,4943,1373,291,58,70.1,107,5,18,74,4,3,27,24,3,360,79,2165,0.0263299989700317,79,0.0253200006484985,2.62944419881239,2.27612431692535,94.5929543439022,1331.16615587567,107
"214",2020-09-30,5026,1402,291,107,75.9,83,1,10,67,5,5,30,25,0,365,68,3170,0.0305999994277954,281,0.0142299997806549,2.92670611777675,2.42394150782278,75.693883166562,1354.45329705176,83
"215",2020-10-01,5127,1438,293,105,85.4,101,2,11,78,3,5,29,24,2,368,80,3844,0.0226300001144409,120,0.00833000004291534,2.21971040476944,2.56151696951471,88.9423117264815,1401.01305328351,101
"216",2020-10-02,5223,1488,294,115,93.7,96,0,13,79,1,5,29,24,1,369,79,3362,0.021710000038147,197,0,2.05082945007727,2.65832727274577,90.122629823658,1452.63890098232,96
"217",2020-10-03,5296,1501,295,65,92.1,73,2,6,64,5,6,31,25,1,374,66,3113,0.0301999998092651,485,0.0103100001811981,2.75188853513406,2.62480097650208,69.8954073359291,1453.13646077621,73
"218",2020-10-04,5353,1482,295,77,87.6,57,1,7,47,3,6,32,26,0,377,48,3118,0.0291899991035461,102,0,2.82653469580301,2.55716074743991,53.4278686213076,1433.46044368287,57
"219",2020-10-05,5431,1483,295,82,87,78,3,13,59,3,6,33,27,0,380,62,3821,0.0177999997138977,238,0.00839999973773956,1.72488294763206,2.447142335715,73.7607908940041,1453.35891767432,78
"220",2020-10-06,5507,1456,296,139,98.6,76,5,15,53,2,7,34,27,1,382,58,2158,0.0194599997997284,55,0,1.89763576899295,2.34259827431222,71.7246360722845,1423.98396760769,76
"221",2020-10-07,5608,1470,296,174,108.1,101,12,22,63,3,10,36,26,0,385,75,2268,0.0313100004196167,76,0,3.02948297575472,2.35728068259479,94.3671685473699,1418.39650352845,101
"222",2020-10-08,5688,1429,296,85,105.3,80,5,14,55,2,9,36,27,0,387,60,2434,0.0271199989318848,182,0,2.52332100153698,2.40065362499015,72.245646811394,1387.21715489137,80
"223",2020-10-09,5771,1430,296,97,102.7,83,5,19,57,2,9,37,28,0,389,62,2508,0.0207299995422363,247,0.00810000002384186,1.95976547578285,2.38764448580523,79.5920440418635,1397.52617709459,83
"224",2020-10-10,5836,1415,297,67,103,65,5,7,51,6,9,43,34,1,395,56,2628,0.0300600004196167,21,0,2.98216991705371,2.42054182607947,61.0648542087548,1366.10301259622,65
"225",2020-10-11,5900,1380,297,140,112,64,6,6,48,5,10,46,36,0,400,54,2660,0.0233100008964539,238,0.0168099999427795,2.2776184393012,2.34212521800778,58.5748256158912,1343.57887685055,64
"226",2020-10-12,5962,1352,297,62,109.1,62,2,14,43,3,10,46,36,0,403,45,1994,0.0150499999523163,237,0.0126600003242493,1.47961093598233,2.30708635920068,58.2284691002881,1328.81978274643,62
"227",2020-10-13,6047,1374,298,74,99.9,85,4,10,68,1,7,45,38,1,404,72,2117,0.0302300000190735,18,0,2.9975133508374,2.4642117280356,79.4991542803817,1326.27552751728,85
"228",2020-10-14,6114,1379,300,84,87,67,1,16,49,2,7,45,38,2,406,50,3004,0.0296300005912781,110,0.0363599991798401,2.98677333609447,2.45811035094128,64.2695241302273,1331.27347551167,67
"229",2020-10-15,6200,1405,300,107,90.1,86,3,25,52,5,8,49,41,0,411,55,2119,0.021710000038147,105,0.00952000021934509,2.11344829603708,2.39955710729843,78.6530620326899,1370.59185738053,86
"230",2020-10-16,6275,1426,301,78,87.4,75,2,10,59,4,8,47,39,1,415,61,3126,0.0214299988746643,280,0.0035699999332428,1.99617664308598,2.40475870262745,69.5890160212288,1393.01535813561,75
"231",2020-10-17,6322,1408,302,64,87,47,1,10,36,6,8,49,41,1,421,37,3037,0.0214000010490417,149,0,2.03991849296735,2.2701513563294,46.1254033349516,1374.71805123275,47
"232",2020-10-18,6379,1374,305,74,77.6,57,1,11,40,2,6,47,41,3,423,41,1144,0.0271000003814697,37,0.0540500020980835,2.79443272769098,2.34398196895651,50.672389148464,1329.50884609731,57
"233",2020-10-19,6443,1353,307,69,78.6,64,1,6,57,3,6,46,40,2,426,58,1334,0.0374799990653992,27,0,3.67364575703472,2.65741551482114,61.5310144558385,1295.40452687499,64
"234",2020-10-20,6521,1357,309,46,74.6,78,3,14,57,4,5,45,40,2,430,60,1595,0.0250799989700317,48,0.0208299994468689,2.49558358677117,2.58571126281168,72.2649314057871,1317.75853196088,78
"235",2020-10-21,6610,1382,312,70,72.6,89,1,46,41,4,4,44,40,3,434,42,2258,0.0305599999427795,446,0.00897000014781952,2.69989274913919,2.54472832181807,86.6860190140997,1338.76376851157,89
"236",2020-10-22,6675,1368,312,88,69.9,65,1,24,36,1,3,43,40,0,435,37,2238,0.0268099999427795,87,0.0114900004863739,2.62367354469915,2.61761764305551,59.8751236187719,1326.40997595892,65
"237",2020-10-23,6754,1370,313,92,71.9,79,1,13,64,2,3,36,33,1,437,65,2768,0.0245700001716614,65,0.0153799998760223,2.4359145946735,2.68043735042515,76.1652846606204,1331.32984592384,79
"238",2020-10-24,6819,1363,317,63,71.7,65,2,17,41,2,3,36,33,4,439,43,2358,0.0211999988555908,191,0,1.96114544140773,2.6691840573452,59.0228268254191,1332.02588286154,65
"239",2020-10-25,6889,1344,319,69,71,70,1,24,42,3,3,38,35,2,442,43,1751,0.0308400011062622,77,0,2.95409419787008,2.69199283879936,65.5280736734795,1297.99374458503,70
"240",2020-10-26,6962,1303,320,77,72.1,73,1,16,51,4,3,39,36,1,446,52,995,0.0392000007629395,121,0.0165299999713898,3.67420526484435,2.69207276848645,65.7860896193389,1247.52451488459,73
"241",2020-10-27,7040,1273,322,61,74.3,78,0,15,60,1,3,31,28,2,447,60,1354,0.0288000011444092,116,0,2.65273479928776,2.71452294170311,73.1556711370365,1233.86948929079,78
"242",2020-10-28,7152,1279,325,94,77.7,112,2,69,38,2,2,29,27,3,449,40,1900,0.0405299997329712,166,0.01807000041008,3.87253724882471,2.88204358451532,107.205064392961,1221.60693396494,112
"243",2020-10-29,7216,1264,326,65,74.4,64,0,18,42,9,2,37,35,1,458,42,2190,0.0292199993133545,96,0,2.79929127280168,2.90713183138712,58.6376438443228,1222.99956712438,64
"244",2020-10-30,7266,1233,328,122,78.7,50,1,9,36,4,2,40,38,2,462,37,2789,0.0358599996566772,105,0.0571400022506714,3.66320799166528,3.0824594595288,44.4294325955012,1180.66190243927,50
"245",2020-10-31,7305,1163,329,83,81.6,39,0,5,32,2,2,39,37,1,464,32,2352,0.0276399993896484,322,0,2.43116224997955,3.1496047178962,36.0985177089669,1130.23675298527,39
"246",2020-11-01,7355,1123,332,50,78.9,50,1,6,40,1,2,37,35,3,465,41,1714,0.0256699991226196,104,0,2.42015283257261,3.07332737999656,45.8502062937282,1091.50686994773,50
"247",2020-11-02,7419,1076,332,56,75.9,64,3,8,47,6,2,42,40,0,471,50,1030,0.0174800002574921,14,0.0714300012588501,1.82034677038704,2.80849045221695,56.9453280157869,1053.30345889973,64
"248",2020-11-03,7490,1004,333,36,72.3,71,1,36,33,1,2,43,41,1,472,34,1456,0.0219799995422363,13,0,2.17854862719511,2.74074957048943,69.1416993269119,978.654886006456,71
"249",2020-11-04,7555,927,337,53,66.4,65,5,1,51,1,1,40,39,4,473,56,1466,0.0272900009155273,295,0.0033899998664856,2.32863096551825,2.52019153001707,55.4889390820702,901.986545162127,65
"250",2020-11-05,7602,884,337,45,63.6,47,0,6,34,5,2,43,41,0,478,34,2536,0.0240499997138977,41,0,2.36673648717286,2.45839798921296,39.0675574120289,859.756492712751,47
"251",2020-11-06,7676,878,341,79,57.4,74,1,12,58,4,3,46,43,4,482,59,2342,0.0234800004959106,116,0.0258599996566772,2.35923194148077,2.27211569632945,69.3870684802295,853.997391960025,74
"252",2020-11-07,7711,845,346,75,56.3,35,3,4,25,3,4,46,42,5,485,28,2499,0.0276099991798401,142,0,2.61254782091709,2.2980279207491,31.1523519684168,819.419193332579,35
"253",2020-11-08,7748,783,346,47,55.9,37,1,5,29,1,4,47,43,0,486,30,1176,0.0204099988937378,92,0.0108700001239777,1.97178223268467,2.23397497790797,34.31455362892,765.109849714812,37
"254",2020-11-09,7818,751,350,31,52.3,70,3,24,41,7,4,46,42,4,493,44,711,0.0210999989509583,20,0.1,2.3258685710166,2.30619237799791,66.8141462684846,730.759632900727,70
"255",2020-11-10,7885,760,350,51,54.4,67,0,11,54,3,5,47,42,0,496,54,1374,0.0334800004959106,17,0,3.30708272332,2.46741153458718,62.9306588399194,730.875939228496,67
"256",2020-11-11,7941,759,353,78,58,56,0,6,48,2,5,46,41,3,498,48,2375,0.0261100006103516,241,0.0290499997138977,2.63808491516186,2.51161924167912,52.5326852414232,735.798085380004,56
"257",2020-11-12,7983,749,355,58,59.9,42,1,8,31,3,3,43,40,2,501,32,2318,0.0215700006484985,214,0.00467000007629395,2.01416435701211,2.4612517945133,39.2531417847198,731.518849898597,42
"258",2020-11-13,8021,725,357,81,60.1,38,1,7,26,0,3,36,33,2,501,27,2719,0.0217000007629395,200,0,2.02131901591067,2.41297851943186,33.3675999381899,708.018887229173,38
"259",2020-11-14,8042,702,357,50,56.6,21,3,2,14,3,3,37,34,0,504,17,1710,0.015789999961853,245,0.0163300001621246,1.58576726212221,2.26629558246116,18.6876211319201,689.100590271052,21
"260",2020-11-15,8072,658,360,29,54,30,1,1,25,0,2,35,33,3,504,26,984,0.0152400004863739,306,0.00653999984264374,1.31762794034426,2.17284496926967,26.6030284150305,647.953565272694,30
"261",2020-11-16,8116,619,363,11,51.1,44,0,3,39,3,2,33,31,3,507,39,735,0.0122399997711182,53,0,1.1416751055548,2.0036744742037,41.4840585544347,610.811083210129,44
"262",2020-11-17,8157,597,363,39,49.4,41,1,10,29,1,2,32,30,0,508,30,1828,0.020789999961853,38,0,2.03666237568421,1.82218585311287,39.2919994858524,582.910789768462,41
"263",2020-11-18,8198,589,363,66,47.7,41,3,6,30,1,2,32,30,0,509,33,2684,0.0204900002479553,20,0.05,2.07082694768906,1.74114900061676,38.2081352229526,574.86641352482,41
"264",2020-11-19,8218,573,364,53,47,20,2,1,17,0,2,30,28,1,509,19,2476,0.0121200001239777,187,0.0160399997234344,1.23952685900304,1.63048650090118,19.7271004493254,564.769924077023,20
"265",2020-11-20,8243,530,364,28,39.4,25,1,2,20,1,2,30,28,0,510,21,2643,0.00757000029087067,222,0.0225200009346008,0.872842966012306,1.46641849377284,22.7876028480423,524.639500450591,25
"266",2020-11-21,8272,498,365,27,36.1,29,4,4,19,2,2,31,29,1,512,23,1495,0.0187300002574921,71,0,1.7880811229215,1.49532047388702,26.5234501555412,487.681659889545,29
"267",2020-11-22,8299,484,368,26,35.7,27,3,4,19,3,4,31,27,3,515,22,1220,0.0147500002384186,36,0,1.4327229530948,1.51176261856567,25.6347601319079,475.964722901975,27
"268",2020-11-23,8339,467,370,20,37,40,2,10,25,1,3,27,24,2,516,27,922,0.0173500001430511,13,0,1.71087701945381,1.5930771776941,36.464726386911,457.741748988423,40
"269",2020-11-24,8383,477,370,21,34.4,44,2,7,34,1,3,23,20,0,517,36,1403,0.00855000019073486,41,0.0975599956512451,1.10772923056108,1.46037244267651,42.5379069948144,470.877267681291,44
"270",2020-11-25,8438,485,371,38,30.4,55,4,10,39,2,2,23,21,1,519,43,2618,0.0122200000286102,72,0.0138900005817413,1.22646989281736,1.33975000626627,52.388891076925,478.10725982113,55
"271",2020-11-26,8483,500,372,60,31.4,45,3,4,37,3,2,23,21,1,522,40,3059,0.0143799996376038,224,0.00446000009775162,1.37031553193196,1.35843410239897,43.3648535874279,492.060669842849,45
"272",2020-11-27,8529,511,374,56,35.4,46,2,3,40,3,1,24,23,2,525,42,3154,0.0177600002288818,336,0.00298000007867813,1.63370546556817,1.46712874519267,44.2049099287361,501.326404132956,46
"273",2020-11-28,8574,514,375,60,40.1,45,2,3,40,2,1,25,24,1,527,42,2597,0.0119400000572205,191,0,1.11220158352229,1.3705745252785,44.4587148938777,507.375701320313,45
"274",2020-11-29,8619,526,377,23,39.7,45,0,4,38,5,1,28,27,2,532,38,898,0.0245000004768372,12,0,2.41769235474723,1.51128443980027,40.9354209592349,511.263984856777,45
"275",2020-11-30,8663,533,378,45,43.3,44,1,7,35,1,1,25,24,1,533,36,1135,0.0229099988937378,61,0,2.17415123280873,1.57746647027955,42.0930454400055,519.572033875638,44
"276",2020-12-01,8716,554,378,34,45.1,53,2,11,39,3,1,27,26,0,536,41,1906,0.0141700005531311,113,0.0176999998092651,1.43675686145195,1.62447041754967,51.317409225357,544.77670026458,53
"277",2020-12-02,8758,568,379,50,46.9,42,1,5,34,6,1,31,30,1,542,35,2859,0.0101400005817413,81,0.0123500001430511,1.0200888324757,1.59498740892943,39.5862868595337,561.286026749004,42
"278",2020-12-03,8796,567,380,40,44,38,0,6,31,3,1,33,32,1,545,31,3327,0.0102199995517731,202,0,0.963500666158941,1.53687099953329,36.6538957032486,560.66964076587,38
"279",2020-12-04,8838,570,382,54,43.7,42,1,5,32,2,1,31,30,2,547,33,2994,0.0110199999809265,165,0.0121200001239777,1.10774548791865,1.46173385986907,37.5764085285857,562.683420039207,42
"280",2020-12-05,8873,559,382,45,41.6,35,3,2,29,1,1,31,30,0,548,32,2277,0.0184500002861023,209,0,1.68988940673592,1.54426069175673,33.3733839138093,548.053800244356,35
"281",2020-12-06,8912,553,383,33,43,39,0,7,30,1,2,31,29,1,549,30,1397,0.0157500004768372,20,0,1.55276998349623,1.42070035300659,36.4602139462124,543.049943741848,39
"282",2020-12-07,8965,555,384,24,40,53,0,4,44,2,1,30,29,1,551,44,1068,0.0168499994277954,25,0.04,1.73795053878184,1.3583859681456,47.1138987141037,543.823040598354,53
"283",2020-12-08,9012,560,384,57,43.3,47,1,1,44,0,1,27,26,0,551,45,2367,0.01942999958992,69,0,1.88796424586785,1.4228441659193,45.0155366401971,547.748900411342,47
"284",2020-12-09,9067,571,386,39,41.7,55,2,3,48,1,3,24,21,2,552,50,2911,0.00962000012397766,167,0.00598999977111816,0.942305078709412,1.41173220109555,52.4540475566173,564.76522309657,55
"285",2020-12-10,9111,569,386,57,44.1,44,2,0,42,1,3,23,20,0,553,44,3091,0.0139100003242493,252,0.00397000014781952,1.3160709255012,1.46209938100158,43.3289957836,560.322695474281,44
"286",2020-12-11,9150,553,386,49,43.4,39,6,2,30,1,2,23,21,0,554,36,3047,0.0118099999427795,32,0,1.16872587936503,1.47081086549392,37.5124620359071,545.510875162684,39
"287",2020-12-12,9179,538,387,56,45,29,2,5,22,0,2,20,18,1,554,24,2616,0.0156700003147125,24,0,1.5527545766397,1.45122017548018,28.5681754416515,528.319932817022,29
"288",2020-12-13,9219,536,388,28,44.3,40,5,2,33,0,2,19,17,1,554,38,1502,0.0119799995422363,47,0,1.16165005244926,1.39534589961632,39.4884922822737,528.785049034176,40
"289",2020-12-14,9261,533,388,19,43.6,42,3,4,35,2,2,20,18,0,556,38,917,0.0174500000476837,20,0,1.70775347318313,1.39103203310222,41.2480273386418,522.452593986739,42
"290",2020-12-15,9309,543,389,51,42.7,48,2,7,38,1,1,20,19,1,557,40,2079,0.0134700000286102,49,0,1.31598355542672,1.30932050589635,46.3900366632678,534.71974770386,48
"291",2020-12-16,9363,559,389,54,44.9,54,3,4,46,0,1,18,17,0,557,49,2312,0.0168700003623962,94,0,1.62109064164007,1.4062898720293,52.0795575144293,548.499441848285,54
"292",2020-12-17,9401,555,390,60,45.3,38,1,5,30,1,0,17,17,1,558,31,3207,0.0134099996089935,83,0.0241000008583069,1.36796865706023,1.41370383368059,35.5086045639001,546.202436547243,38
"293",2020-12-18,9442,544,390,23,41.6,41,3,4,34,0,0,16,16,0,558,37,3298,0.00727999985218048,170,0.00587999999523163,0.72113724082124,1.34976259960291,40.6908189086776,539.454202332989,41
"294",2020-12-19,9481,541,390,46,40.1,39,1,7,28,3,0,19,19,0,561,29,2799,0.0117900002002716,140,0,1.12283805922287,1.28834595425765,35.6226812382023,533.961053443704,39
"295",2020-12-20,9525,536,390,24,39.6,44,5,2,34,0,0,16,16,0,561,39,1360,0.0161800003051758,51,0,1.55951810170369,1.34518424700828,40.2952285463146,526.313910277554,44
"296",2020-12-21,9599,556,390,28,40.9,74,7,8,59,1,0,15,15,0,562,66,1365,0.00658999979496002,32,0.03125,0.715486737302823,1.20343185616824,73.4528091820063,551.390331896901,74
"297",2020-12-22,9682,599,390,67,43.1,83,5,7,69,2,0,15,15,0,564,74,3021,0.0225099992752075,48,0,2.21579367254487,1.33197615861369,79.0999968742634,583.620244968699,83
"298",2020-12-23,9782,666,390,52,42.9,100,5,6,88,1,1,13,12,0,565,93,2652,0.0199800002574921,199,0.0150800001621246,1.96379799070964,1.38093435133791,96.8837204381625,650.844707653938,100
"299",2020-12-24,9855,694,390,55,42.1,73,11,5,55,2,1,13,12,0,567,66,3469,0.01557000041008,144,0,1.49494413015686,1.39907370463743,69.8566948081817,681.977972679971,73
"300",2020-12-25,9918,723,390,52,46.3,63,6,2,54,0,1,10,9,0,567,60,2537,0.0295600008964539,161,0,2.77960423551903,1.69314041816568,60.0674644444067,699.712946555101,63
"301",2020-12-26,10011,766,390,86,52,93,5,4,83,2,2,12,10,0,569,88,951,0.0199800002574921,50,0,1.89819982466283,1.80390638465711,90.0643899029477,749.151393927931,93
"302",2020-12-27,10122,831,391,35,53.6,111,8,6,95,2,4,12,8,1,571,103,1480,0.0270300006866455,32,0.0625,2.77806885028012,1.97798506302517,105.684313145938,804.249167225962,111
"303",2020-12-28,10256,927,391,65,58.9,134,15,7,110,1,2,13,11,0,572,125,1188,0.04125,39,0.0256399989128113,4.07538385962507,2.45797036621406,126.097013201574,883.223449902873,134
"304",2020-12-29,10376,1004,391,112,65.3,120,5,15,100,3,4,12,8,0,575,105,1880,0.0505299997329712,25,0.04,5.03918107600976,2.8613114238519,113.868841530375,945.3744466333,120
"305",2020-12-30,10513,1095,391,88,70.4,137,12,10,115,3,5,13,8,0,578,127,2458,0.0573600006103516,62,0,5.59487625000969,3.38003688946619,128.766443238551,1024.00988461585,137
"306",2020-12-31,10639,1183,391,147,83.6,126,0,9,117,2,5,13,8,0,580,117,2652,0.0331800007820129,144,0,3.14711595400209,3.6160614357298,121.733302197527,1139.85894444166,126
"307",2021-01-01,10756,1238,392,88,88.7,117,0,5,111,2,6,13,7,1,582,111,2759,0.0391400003433228,134,0.0149300003051758,3.80186246070242,3.76209832504171,111.1099572254,1183.46060400941,117
"308",2021-01-02,10868,1297,392,133,95.4,112,2,8,100,2,6,15,9,0,584,102,2369,0.0295499992370605,431,0,2.50014100687844,3.84808992250108,107.044996817287,1259.42510658844,112
"309",2021-01-03,10991,1324,393,107,105.7,123,0,5,118,3,5,18,13,1,587,118,1516,0.0600299978256226,126,0.0238100004196167,5.72506313986087,4.26908910672691,115.171914402649,1236.16622600938,123
"310",2021-01-04,11167,1436,393,115,112.9,176,4,30,141,5,8,21,13,0,592,145,1386,0.0533900022506714,155,0.00644999980926514,4.86685873393035,4.38215694591337,166.822698312337,1355.01651570011,176
"311",2021-01-05,11310,1510,395,106,112,143,2,19,122,6,8,23,15,2,598,124,2417,0.0575099992752075,97,0.0103100001811981,5.56888378145397,4.45782876097683,134.998284287424,1412.55975220976,143
"312",2021-01-06,11494,1605,395,132,118.3,184,11,42,130,7,7,28,21,0,605,141,2627,0.0513899993896484,211,0.0142200005054474,4.86264793880394,4.35322471651887,175.055158859461,1514.56404233642,184
"313",2021-01-07,11611,1640,395,188,124.1,117,2,7,107,6,9,32,23,0,611,109,2311,0.048899998664856,91,0.0109899997711182,4.74637747267502,4.58169064775786,110.005098526371,1549.80148241513,117
"314",2021-01-08,11743,1671,395,186,138.1,132,6,13,112,0,11,30,19,0,611,118,2661,0.0368300008773804,249,0,3.36785678126148,4.51968983640915,126.39500778956,1605.78862725725,132
"315",2021-01-09,11843,1682,397,154,141.1,100,6,2,92,4,11,30,19,2,615,98,3020,0.0324499988555908,375,0.00266999989748001,2.91606027998348,4.57910687542416,96.6885679267551,1625.1650127837,100
"316",2021-01-10,11936,1666,397,119,142.9,93,5,3,83,5,11,34,23,0,620,88,1824,0.0509899997711182,78,0,4.88989272252994,4.45979681580545,86.0137358542255,1571.60095378568,93
"317",2021-01-11,12100,1717,397,66,135.9,164,2,25,135,3,13,34,21,0,623,137,1608,0.0342000007629395,115,0,3.1917354165297,4.22049348474822,156.933118730952,1653.49755373025,164
"318",2021-01-12,12240,1745,398,159,143.4,140,1,22,115,4,13,35,22,1,627,116,2211,0.0705600023269653,74,0.0135099995136261,6.87124311198813,4.40654481768167,128.763943485062,1606.06104639166,140
"319",2021-01-13,12329,1733,402,172,149.1,89,0,9,76,2,11,34,23,4,629,76,2532,0.0375200009346008,173,0.0115600001811981,3.58597125315181,4.22416243401708,81.8419887423676,1660.98903277004,89
"320",2021-01-14,12421,1721,402,130,140.9,92,2,14,75,9,10,41,31,0,638,77,2581,0.0337100005149841,146,0,3.19052113418313,4.00189724280395,88.1532742566391,1657.37383111267,92
"321",2021-01-15,12516,1689,404,144,134.9,95,6,7,80,5,11,41,30,2,643,86,2923,0.0372900009155273,206,0.00485000014305115,3.51542897748658,4.02297898512182,89.4967586580643,1620.19796945896,95
"322",2021-01-16,12577,1640,405,119,129.9,61,0,1,58,2,9,39,30,1,645,58,2470,0.0323900008201599,289,0,2.89972098679938,4.02064480038124,57.0511541743512,1584.89470424028,61
"323",2021-01-17,12657,1579,407,74,123.4,80,2,3,72,2,9,39,30,2,647,74,2036,0.026029999256134,32,0,2.5627213967838,3.68819175384607,74.8025126054769,1532.11037032497,80
"324",2021-01-18,12778,1600,408,63,123,121,2,45,72,7,10,43,33,1,654,74,1021,0.0391799998283386,48,0,3.74207481990026,3.7668116686133,115.791238307678,1530.62136881467,121
"325",2021-01-19,12852,1542,415,81,111.9,74,3,24,47,8,9,45,36,7,662,50,2337,0.0410799980163574,89,0,3.95729412053699,3.35053324126313,71.7072240794351,1471.29079060978,74
"326",2021-01-20,12913,1500,415,166,111,61,1,8,50,2,7,37,30,0,664,51,3065,0.0225099992752075,163,0.00612999975681305,2.16828803404187,3.14800706710457,57.7186126654447,1462.31213721896,61
"327",2021-01-21,12984,1468,417,81,104,71,1,9,60,3,7,37,30,2,667,61,2636,0.0242799997329712,117,0,2.32481217929938,3.02433435926404,68.3567222119318,1428.45357716584,71
"328",2021-01-22,13063,1438,418,95,97,79,1,3,74,5,6,37,31,1,672,75,2311,0.0307200002670288,111,0.00901000022888184,2.97250332958338,2.94677355242072,75.4166878236954,1388.46929453965,79
"329",2021-01-23,13111,1371,418,84,92,48,1,4,40,4,9,39,30,0,676,41,2122,0.0329900002479553,276,0,2.91929860409346,2.9495703548913,43.6130664491355,1324.62229516499,48
"330",2021-01-24,13157,1287,419,44,87.7,46,2,9,35,2,8,37,29,1,678,37,1247,0.0224499988555908,36,0,2.18200690357925,2.8951825701478,45.0644842097554,1254.45922102582,46
"331",2021-01-25,13220,1228,419,29,82.9,63,1,18,43,4,7,38,31,0,682,44,825,0.0206100010871887,48,0,1.94768051511234,2.63884052660667,61.0069670163537,1200.28535218369,63
"332",2021-01-26,13282,1165,420,74,81.9,62,1,19,40,8,5,40,35,1,690,41,2354,0.024210000038147,79,0,2.3423896461076,2.40813988740247,58.8871509119249,1133.37880030226,62
"333",2021-01-27,13360,1124,422,80,69.6,78,0,27,50,1,4,30,26,2,691,50,2800,0.0196399998664856,175,0.00570999979972839,1.88205880978528,2.36724999822296,75.9095733122871,1099.48720806021,78
"334",2021-01-28,13398,1063,422,66,67.4,38,1,3,33,3,5,30,25,0,694,34,2355,0.0212299990653992,209,0.0287100005149841,2.18397183723271,2.34712994935629,36.1395627003673,1036.09868089678,38
"335",2021-01-29,13427,961,422,73,64.3,29,1,2,26,3,4,31,27,0,697,27,2847,0.0122899997234344,180,0.00555999994277954,1.18898015204223,2.09234092399327,28.6280096730284,947.759899843715,29
"336",2021-01-30,13446,864,423,42,58.3,19,1,6,12,2,5,33,28,1,699,13,2155,0.0157799994945526,216,0,1.43424288953019,1.88019010762709,18.7839474802958,849.640817151967,19
"337",2021-01-31,13488,805,424,25,55.6,42,3,5,34,4,6,32,26,1,703,37,922,0.0195200002193451,24,0,1.90247782264653,1.84025738177955,41.1843297833951,787.253661503595,42
"338",2021-02-01,13528,714,424,26,55.1,40,6,7,25,4,5,29,24,0,707,31,548,0.0292000007629395,29,0,2.77324097367259,1.9581945901453,37.0038090780554,691.055473604245,40
"339",2021-02-02,13570,651,425,59,53,42,4,5,31,3,5,27,22,1,710,35,2439,0.0221399998664856,107,0.0280399990081787,2.23879574109322,1.94339546085754,39.0920210206964,634.111590984953,42
"340",2021-02-03,13633,636,425,54,49.3,63,4,22,36,2,4,26,22,0,712,40,2865,0.0129100000858307,212,0,1.20205233168362,1.84625167827158,61.4428442147799,627.141223015001,63
"341",2021-02-04,13715,638,425,51,47.1,82,3,43,33,2,5,25,20,0,714,36,2814,0.0127900004386902,90,0,1.23936161275738,1.71130736048939,78.4829961001746,628.837541997538,82
"342",2021-02-05,13773,637,427,72,47,58,1,8,48,2,5,21,16,2,716,49,2435,0.0160199999809265,149,0,1.50962461120573,1.75711371179847,56.1428470477066,625.857011620186,58
"343",2021-02-06,13798,606,427,61,49.7,25,1,4,19,3,6,21,15,0,719,20,2369,0.0143499994277954,205,0.0146300005912781,1.43722994427581,1.75754043390498,23.6669192525823,595.907653353243,25
"344",2021-02-07,13823,561,429,33,50.9,25,1,2,19,3,4,23,19,2,722,20,1004,0.0249000000953674,75,0,2.31692308579693,1.81674690006933,21.4630487096374,545.93851630533,25
"345",2021-02-08,13870,558,431,23,50.4,47,1,7,38,2,5,21,16,2,724,39,852,0.0140799999237061,29,0,1.36165266004513,1.61509142669397,45.3846471396605,549.195720613604,47
"346",2021-02-09,13925,577,431,43,48.1,55,5,8,39,0,2,18,16,0,724,44,2244,0.0178299999237061,149,0,1.67198160588368,1.5341179788069,51.147533247979,565.821061001907,55
"347",2021-02-10,13982,594,432,41,46.3,57,0,6,50,3,4,19,15,1,727,50,2791,0.0125399994850159,100,0,1.21062395581734,1.53534249654028,55.2985890433688,585.667237835221,57
"348",2021-02-11,14042,620,433,51,46.3,60,1,11,46,1,3,16,13,1,728,47,2563,0.0152199995517731,58,0,1.48831968146488,1.57090793492707,57.1894359078712,609.307452401706,60
"349",2021-02-12,14093,623,435,52,43.4,51,0,8,41,3,2,16,14,2,731,41,2612,0.0157000005245209,173,0,1.47247401687786,1.56560070716595,48.3004403133271,612.370105248849,51
"350",2021-02-13,14126,622,435,46,41.3,33,0,3,29,6,2,21,19,0,737,29,2099,0.0219199991226196,46,0.0217400002479553,2.19161390068926,1.67336984379644,31.263529556596,606.203978765611,33
"351",2021-02-14,14167,597,437,48,43.4,41,0,4,35,4,2,21,19,2,741,35,1175,0.0170200002193451,10,0,1.6876371525511,1.58347185333275,38.3155520929927,585.325274271904,41
"352",2021-02-15,14229,619,438,34,45,62,2,8,51,4,2,23,21,1,745,53,867,0.0265300011634827,26,0,2.57575711184093,1.75691534644643,59.4181181065716,600.524813357884,62
"353",2021-02-16,14280,614,438,61,47.6,51,3,13,32,3,2,24,22,0,748,35,1561,0.0333100008964539,23,0,3.28263329541442,1.98700844495083,46.6686762109245,590.644776957361,51
"354",2021-02-17,14337,629,439,49,48.7,57,5,6,44,2,2,25,23,1,750,49,2063,0.0184200000762939,222,0,1.66303983183345,2.0516392843817,54.0557390949668,616.878773280288,57
"355",2021-02-18,14409,645,439,68,51.1,72,3,12,53,3,3,26,23,0,753,56,2348,0.0212899994850159,116,0,2.02877105482213,2.12884662343274,66.6835197599949,629.836968664226,72
"356",2021-02-19,14463,649,440,58,52,54,2,16,33,1,3,26,23,1,754,35,2576,0.0151400005817413,96,0,1.45960484650321,2.12700817052207,50.4080341969619,638.023262680808,54
"357",2021-02-20,14511,627,440,66,54.9,48,0,3,44,4,3,26,23,0,758,44,2384,0.0255900001525879,68,0,2.48803264126303,2.16935370488975,45.7314662451094,608.923393992809,48
"358",2021-02-21,14553,616,440,53,55.6,42,0,7,33,2,4,24,20,0,760,33,1000,0.03,28,0,2.91828793774319,2.34516095991719,38.8840740991129,595.16938318344,42
"359",2021-02-22,14618,631,440,32,55.3,65,0,11,54,1,6,23,17,0,761,54,863,0.0150600004196167,66,0,1.39900757396439,2.17705388307769,64.1245988690713,620.770775673778,65
"360",2021-02-23,14673,637,440,47,53.3,55,0,7,47,3,6,25,19,0,764,47,2036,0.019650000333786,84,0,1.88714154149001,1.97769791823135,52.9722307718253,623.070446843675,55
"361",2021-02-24,14719,643,441,60,54.9,46,2,10,34,1,6,24,18,1,765,36,2874,0.0187899994850159,41,0,1.85257147581254,2.00477386737122,45.2271935262143,629.196817704327,46
"362",2021-02-25,14752,639,441,43,51.3,33,1,5,25,1,6,23,17,0,766,26,2376,0.0185199999809265,128,0.00781000018119812,1.79725239528254,1.97169977315127,30.4585283826334,625.692293711645,33
"363",2021-02-26,14817,642,441,56,51,65,5,12,43,1,6,21,15,0,767,48,2639,0.0181900000572205,181,0,1.70224858691506,2.00636316463868,59.0532016388132,629.336571919126,65
"364",2021-02-27,14863,647,442,71,51.7,46,0,4,34,3,6,23,17,1,770,34,2535,0.0209100008010864,47,0.0212800002098083,2.09167358794017,1.94974044273542,37.175926198755,631.318360311603,46
"365",2021-02-28,14928,658,442,49,51.1,65,2,8,54,7,6,28,22,0,777,56,1552,0.0257699990272522,94,0,2.42983222905804,1.87996105578039,62.4232690482845,639.473411317343,65
"366",2021-03-01,15007,675,442,54,54.3,79,4,8,65,3,6,29,23,0,780,69,996,0.0291199994087219,45,0,2.78612098089213,2.07812011391293,74.772373686405,653.208003453962,79
"367",2021-03-02,15070,684,443,62,56.4,63,1,6,54,3,4,29,25,1,783,55,2006,0.0259200000762939,41,0,2.54008403287961,2.17139761268287,59.3811595341798,663.8675112978,63
"368",2021-03-03,15129,694,443,65,57.1,59,0,5,51,6,5,32,27,0,789,51,2676,0.0209299993515015,109,0,2.01108360016581,2.19404220187619,54.811515345966,677.82728725687,59
"369",2021-03-04,15187,691,443,61,59.7,58,3,3,51,1,5,31,26,0,790,54,2414,0.0202999997138977,225,0.00444000005722046,1.89477829944008,2.2079744738987,55.8143802099022,675.828457871156,58
"370",2021-03-05,15260,695,444,52,59.1,73,1,10,57,1,2,28,26,1,791,58,2440,0.0188499999046326,154,0,1.77309174122218,2.218094924514,66.80833968023,680.720622030342,73
"371",2021-03-06,15316,708,446,46,55.6,56,3,3,47,0,2,26,24,2,791,50,1957,0.0209500002861023,25,0,2.06857470029779,2.21479508342224,51.8015097897022,691.029378622183,56
"372",2021-03-07,15356,699,447,54,56.3,40,1,0,38,2,5,25,20,1,793,39,1752,0.0194099998474121,16,0.0625,1.97999545999242,2.15053268784143,38.1052080273355,682.962574643783,40
"373",2021-03-08,15439,741,448,38,54,83,1,9,65,6,4,29,25,1,799,66,1170,0.0205100011825562,142,0,1.82901687374929,2.01380352967817,73.6012022486343,725.295316155121,83
"374",2021-03-09,15496,748,448,70,55.1,57,0,8,47,1,3,27,24,0,800,47,2105,0.0318300008773804,57,0,3.09908195406502,2.0936603755618,53.3121875079573,721.138643743661,57
"375",2021-03-10,15577,772,448,76,56.7,81,5,8,65,0,2,24,22,0,800,70,2655,0.0180799996852875,173,0,1.69739742448509,2.04884806475027,76.6231873210515,756.815723026454,81
"376",2021-03-11,15638,769,451,73,58.4,61,1,7,52,1,2,20,18,3,801,53,2321,0.0280100011825562,86,0,2.70092283941474,2.16401157046093,58.3412485146305,744.932454863223,61
"377",2021-03-12,15720,774,451,94,64.4,82,5,4,67,2,2,17,15,0,803,72,2361,0.0228699994087219,133,0,2.16503883736938,2.22000401276768,74.1936934133321,754.58220419332,82
"378",2021-03-13,15788,793,451,56,65.9,68,5,3,54,5,4,22,18,0,808,59,2353,0.0187000000476837,99,0,1.79449837325448,2.18085025176149,60.7731587820982,776.510422274642,68
"379",2021-03-14,15856,818,451,65,67.4,68,2,10,51,2,3,23,20,0,810,53,1535,0.0299699997901916,36,0,2.92832270387932,2.31632557231676,61.2015925950133,790.243447975866,68
"380",2021-03-15,15963,863,452,58,70.3,107,4,3,96,4,5,25,20,1,814,100,1000,0.0320000004768372,13,0,3.15893390689409,2.50631371990887,99.3395555772336,831.410364631526,107
"381",2021-03-16,16049,880,453,85,72.4,86,7,4,72,5,6,27,21,1,819,79,1583,0.0341100001335144,9,0,3.39171672181867,2.54811868673083,79.8951548750663,845.41438341846,86
"382",2021-03-17,16137,907,454,77,72.6,88,3,5,76,3,5,27,22,1,822,79,2842,0.0267400002479553,175,0,2.51889561500461,2.66547557109076,81.6941527220851,880.526538214319,88
"383",2021-03-18,16231,944,455,63,71.1,94,6,3,81,2,5,24,19,1,824,87,2566,0.0284500002861023,161,0,2.67703339692477,2.66206279359219,87.3012272295493,914.716764421776,94
"384",2021-03-19,16358,996,457,118,74.6,127,7,6,106,2,4,24,20,2,826,113,2615,0.0382399988174438,97,0,3.6872270246171,2.87951824891329,114.171951773934,953.444813865829,127
"385",2021-03-20,16461,1050,458,84,78.6,103,5,6,87,4,4,27,23,1,830,92,1997,0.0435699987411499,151,0.00662000000476837,4.09724895189927,3.20848261729112,93.6320922452416,1000.14887888591,103
"386",2021-03-21,16545,1077,459,88,81.9,84,5,1,76,4,4,29,25,1,834,81,1306,0.0421099996566772,87,0,3.94800140356213,3.35415100296009,78.2944251075861,1027.72957828235,84
"387",2021-03-22,16695,1154,460,55,81.4,150,6,6,135,4,7,30,23,1,838,141,1150,0.0547800016403198,131,0,4.91779874210521,3.60541740799025,138.965050676324,1088.23878354949,150
"388",2021-03-23,16818,1190,461,108,84.7,123,2,0,119,5,9,31,22,1,843,121,1966,0.0350999999046326,153,0,3.25656440832976,3.58610993463469,116.433974629922,1145.09446123642,123
"389",2021-03-24,16975,1283,461,88,86.3,157,7,2,141,4,9,33,24,0,847,148,3106,0.0457200002670288,47,0,4.50384779033909,3.86967453111105,142.276063439013,1216.04182021793,157
"390",2021-03-25,17128,1369,462,126,95.3,153,7,4,136,8,10,40,30,1,855,143,3005,0.0379399991035461,282,0,3.46850311244771,3.98274163332861,141.252600262004,1313.97769062017,153
"391",2021-03-26,17277,1453,463,107,93.7,149,10,2,130,4,11,42,31,1,859,140,2390,0.0673600006103516,117,0,6.42163547900839,4.37337141252737,131.582417152817,1344.88037230745,149
"392",2021-03-27,17399,1512,465,137,101.3,122,7,3,106,5,13,44,31,2,864,113,2476,0.0626000022888184,117,0,5.97753974805686,4.64198438340702,108.173020542493,1407.27085894026,122
"393",2021-03-28,17538,1573,466,143,109.1,139,3,5,126,5,13,45,32,1,869,129,2480,0.0826599979400635,157,0,7.77386404593695,5.18853618946057,122.379630727833,1431.30355918512,139
"394",2021-03-29,17748,1722,466,114,117.6,210,7,1,190,4,12,47,35,0,873,197,1644,0.0839400005340576,40,0,8.19461762933437,5.65665317335045,179.293686963473,1558.48593376193,210
"395",2021-03-30,17960,1856,467,170,126.4,212,9,6,189,6,12,48,36,1,879,198,1968,0.0406500005722046,64,0,3.93696855935525,5.75385376635409,194.967241176838,1771.32929103137,212
"396",2021-03-31,18170,1961,468,168,137.9,210,7,5,193,8,14,54,40,1,887,200,3023,0.0793900012969971,224,0,7.3913142568778,6.16634897585962,187.870489952667,1793.0451539859,210
"397",2021-04-01,18415,2104,469,145,140.6,245,11,4,213,4,15,53,38,1,891,224,2634,0.0721299982070923,100,0.01,6.98575037591372,6.66881287064048,209.867638914426,1933.6853226605,245
"398",2021-04-02,18614,2196,470,248,160.7,199,14,7,164,6,15,57,42,1,897,178,3130,0.0939299964904785,99,0,9.10501359601108,7.05215260164086,166.220073907874,1964.31057472861,199
"399",2021-04-03,18867,2377,470,227,173.6,253,14,3,227,11,14,61,47,0,908,241,2885,0.101909999847412,36,0,10.0654005326869,7.63613271373086,215.891259775545,2099.761512392,253
"400",2021-04-04,19099,2539,471,155,175.3,232,9,2,217,12,15,64,49,1,920,226,1818,0.0929599952697754,139,0,8.63573180380438,7.7592566791405,205.384777591521,2284.92898364987,232
"401",2021-04-05,19385,2684,472,186,185.6,286,7,4,271,5,17,67,50,1,925,278,2045,0.105620002746582,162,0,9.78671978326961,7.98669984398839,250.473538594883,2379.62222154196,286
"402",2021-04-06,19661,2820,473,156,183.6,276,6,6,249,10,19,70,51,1,935,255,1749,0.128640003204346,83,0,12.2811880788428,9.17873120391518,224.711096933497,2418.68742491161,276
"403",2021-04-07,19979,2970,474,222,191.3,318,2,6,301,12,23,76,53,1,947,303,3364,0.098100004196167,44,0,9.68334548462165,9.50616423645002,275.001376564572,2636.74616632601,318
"404",2021-04-08,20278,3143,475,175,195.6,299,22,5,261,10,29,83,54,1,957,283,3366,0.0858600044250488,194,0.0103100001811981,8.1742953631985,9.6759563774907,261.194121828979,2845.29372759181,299
"405",2021-04-09,20580,3301,477,266,198.1,302,13,2,282,14,30,88,58,2,971,295,3418,0.110299997329712,158,0,10.542656344322,9.8813339129637,260.961613055322,2897.73655829023,302
"406",2021-04-10,20867,3459,480,383,220.4,287,13,2,261,14,26,92,66,3,985,274,3187,0.0875399971008301,97,0,8.49543150914572,9.65705262388639,249.026998063031,3118.490460949,287
"407",2021-04-11,21140,3599,480,208,228,273,9,4,253,13,28,100,72,0,998,262,2714,0.145909996032715,29,0,14.43673821483,10.4857678254615,222.170789218749,2996.93385648198,273
"408",2021-04-12,21458,3696,481,266,239.4,318,17,3,295,16,27,100,73,1,1014,312,2125,0.0804699993133545,107,0,7.66123425362358,10.182127035512,287.302114628603,3367.8865886773,318
"409",2021-04-13,21698,3721,483,250,252.9,240,14,0,222,12,28,104,76,2,1026,236,2670,0.0767799997329712,178,0,7.19812497496605,9.45597516352965,216.3154875089,3410.63529246024,240
"410",2021-04-14,21972,3791,485,394,277.4,274,12,10,250,12,28,101,73,2,1038,262,3971,0.171490001678467,97,0.0103100001811981,16.7646722390061,10.4675932712989,221.103298660138,3054.55192832283,274
"411",2021-04-15,22203,3796,485,323,298.6,231,15,3,211,19,29,107,78,0,1057,226,3902,0.130959997177124,98,0.0101999998092651,12.8001377241611,11.1284278942935,195.479046817602,3232.96664477707,231
"412",2021-04-16,22440,3837,487,355,311.3,237,3,10,219,20,24,114,90,2,1077,222,2970,0.120539999008179,244,0.00409999996423721,11.1700123536268,11.2180501813371,203.265747371641,3340.36339038282,237
"413",2021-04-17,22621,3779,490,403,314.1,181,6,7,167,16,23,123,100,3,1093,173,2935,0.101870002746582,121,0.00825999975204468,9.81635857431989,11.4067540477905,160.321599509851,3349.14638466895,181
"414",2021-04-18,22783,3718,490,295,326.6,162,6,8,146,10,22,121,99,0,1103,152,1949,0.0646500015258789,188,0.0159599995613098,6.03665572725616,10.2067422638514,149.367551829441,3457.92472172277,162
"415",2021-04-19,23008,3653,491,256,325.1,225,6,4,215,22,22,115,93,1,1125,221,2084,0.112279996871948,88,0.0340899991989136,10.9112077997534,10.6710241990128,197.057942736794,3191.13422994348,225
"416",2021-04-20,23197,3539,492,188,316.3,189,8,2,179,17,28,119,91,1,1142,187,2775,0.100539999008179,221,0,9.31236639678558,10.9730586878442,168.821218421999,3157.11386093825,189
"417",2021-04-21,23392,3431,493,206,289.4,195,4,2,184,12,26,111,85,1,1154,188,2521,0.136850004196167,236,0.0211899995803833,12.6949474239937,10.3916694285567,162.344466954239,2926.28652191486,195
"418",2021-04-22,23569,3321,496,238,277.3,177,8,4,161,14,23,107,84,3,1168,169,2358,0.163269996643066,213,0.00939000010490417,15.0521478843522,10.7133851657268,143.523327314722,2741.75721900705,177
"419",2021-04-23,23777,3238,499,189,253.6,208,7,7,185,21,30,113,83,3,1189,192,2507,0.0805700016021729,86,0.0116299998760223,7.82835225630487,10.2360051518237,181.583340308726,2944.27529124821,208
"420",2021-04-24,23932,3115,500,227,228.4,155,3,2,148,18,32,119,87,1,1207,151,2464,0.0852299976348877,214,0.00467000007629395,7.87924175461875,9.95927417758068,139.213480131762,2830.59596430754,155
"421",2021-04-25,24079,2979,505,139,206.1,147,2,5,136,21,31,125,94,5,1228,138,1621,0.135719995498657,93,0.0215100002288818,12.9523070434428,10.9472243656073,122.288121234064,2531.8935735962,147
"422",2021-04-26,24241,2837,510,172,194.1,162,4,7,147,11,32,123,91,5,1239,151,1304,0.115030002593994,31,0,11.2358893919527,10.9936074502072,138.340264055399,2467.63131870971,162
"423",2021-04-27,24400,2735,511,189,194.3,159,3,5,147,10,32,120,88,1,1249,150,2425,0.0610300016403198,332,0.00903999984264374,5.47693267774876,10.4456883474877,145.48032899784,2561.42466539396,159
"424",2021-04-28,24565,2629,513,186,191.4,165,3,7,153,13,28,115,87,2,1262,156,2408,0.0689400005340576,38,0,6.78689784489006,9.60168126475859,150.731564372527,2422.24540214983,165
"425",2021-04-29,24688,2521,513,159,180.1,123,2,6,111,13,30,113,83,0,1275,113,2728,0.0652500009536743,111,0.00901000022888184,6.30511139933179,8.35210462404138,110.744098829973,2336.81303672888,123
"426",2021-04-30,24840,2428,516,178,178.6,152,4,3,138,13,28,110,82,3,1288,142,2122,0.0669199991226196,179,0,6.17141408684045,8.11539917126075,134.845318422096,2254.36924738625,152
"427",2021-05-01,24964,2373,520,136,165.6,124,3,5,113,7,30,111,81,4,1295,116,2014,0.0729899978637695,70,0.0285700011253357,7.14979634243788,8.01119268380634,111.389523116444,2176.39946858036,124
"428",2021-05-02,25060,2310,520,128,164,96,0,4,90,8,28,109,81,0,1303,90,1270,0.0637799978256226,21,0,6.27425230352755,7.05718486381845,87.4566859340682,2142.05493897442,96
"429",2021-05-03,25166,2194,523,103,154.1,106,3,3,100,10,23,99,76,3,1313,103,935,0.136899995803833,139,0,11.9182026142071,7.15465818128336,91.7753605609902,1891.00136961954,106
"430",2021-05-04,25270,2098,524,141,147.3,104,1,2,98,9,24,96,72,1,1322,99,2392,0.0422200012207031,57,0.0175399994850159,4.16455789671571,6.96717606970721,96.2225365126756,1996.75637983428,104
"431",2021-05-05,25352,1984,525,114,137,82,1,2,75,8,24,90,66,1,1330,76,1862,0.0569299983978271,64,0.0156299996376038,5.55576204535622,6.79129952691667,73.1072783786149,1856.27421451542,82
"432",2021-05-06,25456,1909,527,121,131.6,104,3,6,90,12,23,89,66,2,1342,93,2115,0.0453900003433228,246,0,4.0660673751007,6.47143609488365,94.6182176966835,1819.05567293515,104
"433",2021-05-07,25568,1812,530,109,121.7,112,5,4,102,19,24,96,72,3,1361,107,2315,0.0531300020217896,82,0,5.13124550189582,6.32284058274871,104.6379094023,1704.26067137352,112
"434",2021-05-08,25656,1736,534,136,121.7,88,1,3,84,4,22,87,65,4,1365,85,1910,0.0565399980545044,86,0.0116299998760223,5.46049981329866,6.08151250715739,82.6217052414545,1626.15623881371,88
"435",2021-05-09,25737,1673,537,69,113.3,81,0,5,75,4,23,84,61,3,1369,75,1127,0.138420000076294,123,0.00813000023365021,12.5599464091778,6.97946880796457,69.0845328347841,1429.51231243458,81
"436",2021-05-10,25830,1605,538,82,110.3,93,4,3,85,9,23,86,63,1,1378,89,699,0.0886999988555908,14,0,8.69583438990996,6.51913049020784,83.0320217850406,1443.27410073023,93
"437",2021-05-11,25961,1574,540,124,107.9,131,1,6,122,5,22,80,58,2,1383,123,1889,0.0412900018692017,86,0.0116299998760223,3.99984777317771,6.49560047255955,123.299120616995,1501.04728334268,131
"438",2021-05-12,26056,1514,541,117,108.3,95,3,3,88,7,23,80,57,1,1390,91,2097,0.0410099983215332,172,0.00580999970436096,3.83416863946255,6.24965855743188,89.9569800826508,1446.73481148498,95
"439",2021-05-13,26149,1488,541,78,102.1,93,1,1,90,7,21,77,56,0,1397,91,1670,0.0718599987030029,54,0.0185199999809265,7.01892562836339,6.67149545075512,84.5987459649549,1366.97729665772,93
"440",2021-05-14,26230,1406,541,128,104.9,81,2,5,72,7,22,70,48,0,1404,74,1745,0.0515799999237061,105,0,4.86524864145227,6.63349589926319,74.828137005361,1326.73460310186,81
"441",2021-05-15,26301,1352,542,85,97.6,71,2,8,61,6,20,64,44,1,1410,63,1767,0.0464099979400635,61,0,4.48613054486281,6.49430028948664,67.7250420013374,1281.71836167949,71
"442",2021-05-16,26366,1320,543,47,94.4,65,2,3,59,7,20,67,47,1,1417,61,800,0.03625,20,0,3.53658536585366,5.20524871186891,61.5001885188568,1265.9057187687,66
"443",2021-05-17,26437,1284,545,87,95.1,71,7,4,57,9,21,70,49,2,1426,64,710,0.163379993438721,18,0,15.9340378216335,6.2392777735437,56.1832214851359,1046.92588104554,74
"444",2021-05-18,26513,1249,546,97,91.3,76,1,5,69,5,18,63,45,1,1431,70,1921,0.0281100010871887,56,0,2.73137643340868,6.05806758214812,72.7844942791527,1209.46904792374,79
"445",2021-05-19,26578,1227,550,91,87.6,65,2,5,58,4,16,56,40,4,1435,60,2007,0.0538100004196167,123,0.0162600004673004,5.16416201406801,6.24806663566319,61.4095871708991,1153.57605764489,69
"446",2021-05-20,26630,1175,553,73,86.9,52,5,7,39,11,17,63,46,3,1446,44,1472,0.0434800004959106,65,0.0307699990272522,4.29424923010747,5.85882715019805,48.8105592306301,1116.53197945433,57
"447",2021-05-21,26702,1130,554,77,79.6,72,4,10,55,3,15,59,44,1,1449,59,1686,0.0438899993896484,192,0.00521000027656555,3.99354946879914,5.73429869696189,66.2697377901954,1077.70853733764,79
"448",2021-05-22,26749,1084,558,80,78.9,47,0,10,37,8,17,58,41,4,1457,37,1353,0.0458199977874756,100,0,4.26665223719576,5.70294465300946,45.1707113149681,1030.40678555204,57
"449",2021-05-23,26787,1045,559,39,77.7,38,0,3,35,5,14,59,45,1,1462,35,818,0.0305599999427795,14,0.0714300012588501,3.12477163110788,5.64411411947435,36.7326995026421,1007.16202800746,55
"450",2021-05-24,26820,980,561,65,74.6,33,1,7,25,5,13,57,44,2,1467,26,718,0.0724200010299683,30,0.0333299994468689,7.08522202178119,4.3799975766383,30.8653823816816,899.541335924922,56
"451",2021-05-25,26872,907,563,56,68.7,52,0,12,40,3,13,54,41,2,1470,40,1026,0.0594500017166138,18,0,5.8425001687017,4.82444382453731,49.2919791565297,845.595627374311,73
"452",2021-05-26,26906,844,565,86,68,34,0,1,33,1,10,48,38,2,1471,33,1375,0.0378200006484985,61,0.0491800022125244,3.83025633890317,4.63388587094233,32.5353459470745,806.540363010027,65
"453",2021-05-27,26906,755,566,45,64,0,0,0,0,0,10,48,38,1,1471,0,1237,0.0687099981307983,105,0.00952000021934509,6.40788880110498,4.93583438108483,0,698.939728579778,62
