"","date","observed_cumulative_cases","observed_active_cases","observed_cumulative_deaths","observed_new_cases","observed_daily_average_cases","observed_new_episodes","observed_new_cases_community_outbreak","observed_new_cases_institution_outbreak","observed_new_cases_sporadic","observed_new_ICU_p_acute_care","observed_census_ICU","observed_census_ICU_p_acute_care","observed_census_acute_care","observed_new_deaths","cumulative_hosp","observed_new_community_cases","num_non_ltch_tests","non_ltch_pct_positivity","num_ltch_tests","ltch_pct_positivity","observed_pct_positivity","pct_positivity_7_day","adjusted_new_episodes","adjusted_active_cases","adjusted_episode_cases"
"1",2020-03-01,7,7,0,0,0,2,0,0,2,0,0,1,1,0,0,2,NA,NA,NA,NA,NA,NA,NA,NA,2
"2",2020-03-02,10,10,0,0,0,3,2,0,1,0,0,1,1,0,0,3,NA,NA,NA,NA,NA,NA,NA,NA,3
"3",2020-03-03,11,11,0,0,0,1,0,0,1,0,0,1,1,0,0,1,NA,NA,NA,NA,NA,NA,NA,NA,1
"4",2020-03-04,12,12,0,0,0,1,0,0,1,0,0,1,1,0,0,1,NA,NA,NA,NA,NA,NA,NA,NA,1
"5",2020-03-05,18,18,0,0,0,6,2,0,4,0,0,1,1,0,0,6,NA,NA,NA,NA,NA,NA,NA,NA,6
"6",2020-03-06,23,23,0,0,0,5,0,1,4,0,0,1,1,0,0,4,NA,NA,NA,NA,NA,NA,NA,NA,5
"7",2020-03-07,27,27,0,0,0,4,0,0,4,0,0,1,1,0,0,4,NA,NA,NA,NA,NA,NA,NA,NA,4
"8",2020-03-08,36,36,0,0,0,9,1,0,8,0,0,1,1,0,0,9,NA,NA,NA,NA,NA,NA,NA,NA,9
"9",2020-03-09,45,45,0,1,0.1,9,0,0,9,0,0,1,1,0,0,9,NA,NA,NA,NA,NA,NA,NA,NA,9
"10",2020-03-10,52,52,0,0,0.1,7,1,0,6,0,0,1,1,0,0,7,NA,NA,NA,NA,NA,NA,NA,NA,7
"11",2020-03-11,61,61,0,0,0.1,9,0,0,9,0,0,1,1,0,0,9,NA,NA,NA,NA,NA,NA,NA,NA,9
"12",2020-03-12,75,75,0,3,0.6,14,1,0,13,0,0,1,1,0,0,14,NA,NA,NA,NA,NA,NA,NA,NA,14
"13",2020-03-13,97,97,0,1,0.7,22,2,2,18,0,0,1,1,0,0,20,NA,NA,NA,NA,NA,NA,NA,NA,22
"14",2020-03-14,115,115,0,4,1.3,18,1,1,16,1,0,2,2,0,1,17,NA,NA,NA,NA,NA,NA,NA,NA,18
"15",2020-03-15,142,142,0,4,1.9,27,1,0,26,0,0,2,2,0,1,27,NA,NA,NA,NA,NA,NA,NA,NA,27
"16",2020-03-16,157,157,0,0,1.7,15,0,0,15,0,0,2,2,0,1,15,NA,NA,NA,NA,NA,NA,NA,NA,15
"17",2020-03-17,180,179,0,5,2.4,23,1,0,22,2,0,4,4,0,3,23,127,0,4,0,0,0,23,179,23
"18",2020-03-18,196,194,0,4,3,16,0,0,16,0,0,3,3,0,3,16,210,0.0190499997138977,1,0,1.89597153550641,0.947985767753204,15.6171675223938,189.358156209025,16
"19",2020-03-19,221,219,0,1,2.7,25,0,0,25,4,0,7,7,0,7,25,110,0.0272699999809265,9,0,2.52075630075791,1.47224261208811,24.2047057389277,212.033222273007,25
"20",2020-03-20,243,241,0,2,2.9,22,1,1,20,3,1,10,9,0,10,21,137,0.00730000019073486,4,0,0.709290798674238,1.28150465873464,21.8120247811279,238.84276058342,22
"21",2020-03-21,263,261,0,4,2.9,20,0,2,18,3,1,10,9,0,13,18,204,0.0147099995613098,3,0,1.44968111618705,1.31513995022512,19.6706922396052,256.225037474275,20
"22",2020-03-22,289,287,0,7,3.3,26,0,1,25,3,5,13,8,0,16,25,159,0.0314499998092651,2,0,3.10593165818208,1.61360523488462,25.0200839239032,275.750563446409,26
"23",2020-03-23,311,309,0,9,4.6,22,2,0,20,4,5,17,12,0,20,22,138,0.0362299990653992,3,0,3.54591480214545,1.88964945877902,21.0155176013787,295.172497219364,22
"24",2020-03-24,329,325,1,8,5,18,1,3,14,3,7,20,13,1,23,15,253,0.0197599995136261,4,0,1.94524508830638,2.16754161425136,17.6317671197385,317.021620927667,18
"25",2020-03-25,352,348,1,8,5.6,23,0,1,22,4,8,23,15,0,27,22,153,0.0588199996948242,2,0,5.80610319568265,2.7261318514194,21.3880023295342,322.501127758087,23
"26",2020-03-26,366,358,1,19,8.1,14,1,3,10,2,7,25,18,0,29,11,274,0.025550000667572,3,0,2.5273285858898,2.72707074929538,13.6491581654986,346.58169302259,14
"27",2020-03-27,383,366,1,27,11.7,17,3,2,12,5,9,26,17,0,34,15,577,0.0294600009918213,4,0,2.92571782655437,3.04370318184968,16.4461646459971,352.486417362328,17
"28",2020-03-28,408,388,2,26,14.9,25,1,1,23,3,8,25,17,1,37,24,367,0.0817399978637695,3,0,8.10772411243336,3.99485218131344,22.544345958062,348.300259655336,25
"29",2020-03-29,427,400,2,11,15.4,19,5,4,10,7,8,31,23,0,44,15,184,0.0434800004959106,0,0,4.34800004959107,4.1722905229433,18.1769280944273,378.051415851395,19
"30",2020-03-30,452,409,3,48,21,25,8,3,14,4,12,32,20,1,48,22,549,0.0783199977874756,0,0,7.83199977874756,4.7845883767436,22.8255354800071,368.574727787405,25
"31",2020-03-31,469,406,3,51,27.1,17,2,3,12,6,13,34,21,0,54,14,943,0.064689998626709,0,0,6.4689998626709,5.43083905879567,15.8570633583646,372.854837392574,17
"32",2020-04-01,496,409,3,37,31.3,27,6,4,16,3,15,33,18,0,57,22,575,0.0573899984359741,4,0.25,5.87206374795943,5.44026199483521,24.3696891420091,378.691039049169,27
"33",2020-04-02,513,405,6,32,33.1,17,5,4,7,6,14,34,20,3,63,12,107,0.0841100025177002,9,0,7.75842264602924,6.1875611462837,14.825070903648,365.346142998121,17
"34",2020-04-03,540,410,6,26,33,27,3,4,19,5,14,37,23,0,68,22,217,0.110600004196167,2,0,10.9589958495745,7.33517229242944,22.9573610415168,353.29627395554,27
"35",2020-04-04,557,417,7,18,31.9,17,3,7,6,7,14,43,29,1,75,9,315,0.0253999996185303,3,0,2.51603769806196,6.53635994751924,15.7142300019756,403.759323424867,17
"36",2020-04-05,584,428,8,40,36,27,4,8,13,4,13,43,30,1,79,17,422,0.0663500022888184,5,0.2,6.79149905524153,6.88543123404074,23.5429597655515,391.316869391531,27
"37",2020-04-06,603,427,9,40,34.9,19,3,7,9,4,12,44,32,1,83,12,238,0.117650003433228,4,0.25,11.9837606682265,7.47853993253773,17.1851892149722,362.422982899427,19
"38",2020-04-07,626,425,9,25,31.1,23,2,11,10,4,14,45,31,0,87,12,285,0.108769998550415,6,0,10.6527318167932,8.07621592598378,21.3867591212512,367.864385544313,23
"39",2020-04-08,646,428,11,26,29.6,20,1,10,8,5,16,44,28,2,92,9,368,0.0434800004959106,6,0.333330001831055,4.81300005173301,7.92492111223715,18.4533424454114,402.003396292895,20
"40",2020-04-09,682,436,11,25,28.6,36,1,20,13,6,16,47,31,0,98,14,295,0.0949199962615967,5,0,9.33379963239034,8.14997496743159,32.3509133046824,384.642728631539,36
"41",2020-04-10,716,453,11,36,30,34,0,20,13,4,16,49,33,0,102,13,331,0.090629997253418,8,0,8.84912362562872,7.84856464972504,31.5482207220546,402.411075930057,34
"42",2020-04-11,760,483,11,31,31.9,44,0,34,8,5,19,53,34,0,107,8,225,0.102220001220703,11,0.363639984130859,11.4404830932617,9.12348542046786,40.8449751471518,413.26537450929,44
"43",2020-04-12,793,498,13,35,31.1,33,0,18,14,1,18,49,31,2,108,14,227,0.101319999694824,12,0.5,12.1337405567887,9.88666277783175,29.8562224490873,421.742769974678,33
"44",2020-04-13,817,505,16,16,27.7,24,0,19,5,3,20,51,31,3,111,5,165,0.0606099987030029,26,0.0384599995613098,5.75948155737672,8.99748004771035,23.6365787023556,468.294448937917,24
"45",2020-04-14,850,505,18,32,28.7,33,0,26,7,5,20,50,30,2,116,7,208,0.0673099994659424,18,0.166669998168945,7.52236276812258,8.55028446932883,32.3354781092999,457.059492170924,33
"46",2020-04-15,879,503,24,60,33.6,29,2,18,9,4,16,50,34,6,120,11,390,0.1,24,0.208330001831055,10.6280000106148,9.38099874916909,27.524629111694,435.535313016554,29
"47",2020-04-16,949,552,24,21,33,70,1,55,13,7,13,52,39,0,127,14,310,0.0354800009727478,11,0,3.42641753942424,8.5370870216025,68.3946238617273,528.130883690964,70
"48",2020-04-17,981,556,26,73,38.3,32,0,26,6,0,13,49,36,2,127,6,378,0.0846599960327148,66,0.5,14.6399726352176,9.36435116582949,30.8914673379055,453.275973312577,32
"49",2020-04-18,1021,578,31,31,38.3,40,0,31,9,1,11,46,35,5,128,9,421,0.0617600011825562,8,0,6.06082995288022,8.59582928863213,39.3116147007673,533.790366338168,40
"50",2020-04-19,1038,581,35,38,38.7,17,0,13,4,5,15,47,32,4,133,4,452,0.0442500019073486,47,0.127659997940063,5.21062540386865,7.60681283821498,16.7369690689069,542.794757258731,17
"51",2020-04-20,1099,617,39,16,38.7,61,1,47,13,3,13,45,32,4,136,14,325,0.0523099994659424,43,0.0232599997520447,4.89155701515467,7.48282361789754,60.1357644356232,578.91190405568,61
"52",2020-04-21,1135,630,47,51,41.4,36,0,26,10,2,11,43,32,8,138,10,543,0.069980001449585,25,0.36,8.27449661745152,7.59027131065882,34.9557642408919,564.213147176187,36
"53",2020-04-22,1176,647,54,35,37.9,41,1,31,9,4,9,45,36,7,142,10,656,0.0243899989128113,122,0.106560001373291,3.7275269221524,6.60448944087848,40.5295886764954,616.564387369251,41
"54",2020-04-23,1221,662,57,50,42,45,0,35,10,5,11,48,37,3,147,10,775,0.0361299991607666,105,0.0285700011253357,3.522795394063,6.61825770582687,44.5554256539614,632.569178292245,45
"55",2020-04-24,1262,669,65,38,37,41,0,36,5,7,10,48,38,8,154,5,517,0.0406199979782104,94,0.106379995346069,5.07369206501887,5.25164619579848,40.6798517825349,626.164168503172,41
"56",2020-04-25,1363,741,78,53,40.1,101,0,95,6,4,9,48,39,13,158,6,557,0.0502699995040894,28,0.0357100009918213,4.95731106864081,5.09400064090713,100.624634459867,694.642355793574,101
"57",2020-04-26,1417,760,87,88,47.3,54,0,41,13,5,9,50,41,9,163,13,358,0.0502799987792969,81,0.0123500001430511,4.32815252268233,4.96793308645194,53.2899271826174,718.488050676093,54
"58",2020-04-27,1478,784,95,87,57.4,61,0,54,7,8,11,56,45,8,171,7,269,0.0632000017166138,80,0.1,7.16355314090805,5.29250396155957,60.367175178323,713.12361997218,61
"59",2020-04-28,1499,780,103,65,59.4,21,0,14,7,7,13,61,48,8,178,7,503,0.0616300010681152,11,0.272730007171631,6.61477054788909,5.05540023733637,20.4156543673142,714.887200929302,21
"60",2020-04-29,1524,769,111,29,58.6,25,0,17,8,7,13,62,49,8,185,8,668,0.0314400005340576,74,0.148649997711182,4.31294072606172,5.13903078075198,24.5645678869631,727.144088134323,25
"61",2020-04-30,1544,759,122,30,55.7,20,0,10,10,2,11,56,45,11,187,10,603,0.0414599990844727,6,0.333330001831055,4.43355656139956,5.26913951894292,19.4404882235763,716.533056169443,20
"62",2020-05-01,1567,742,135,42,56.3,23,0,16,7,6,11,57,46,13,193,7,516,0.031010000705719,55,0.0909099960327148,3.67797025323123,5.06975068868754,22.6750898857241,707.55952788675,23
"63",2020-05-02,1588,743,139,22,51.9,21,0,15,6,4,12,57,45,4,197,6,508,0.0511800003051758,28,0.0357100009918213,5.03718660126871,5.08116147906296,20.6185863176316,695.768272333379,21
"64",2020-05-03,1607,724,148,23,42.6,19,0,13,6,3,12,52,40,9,200,6,826,0.0205800008773804,231,0.0043299999833107,1.70286761786764,4.70612077837514,18.8710595695317,708.441188056823,19
"65",2020-05-04,1625,721,152,14,32.1,18,0,11,7,6,10,52,42,4,206,7,637,0.0109899997711182,24,0.125,1.51295459216373,3.89889241426881,17.8663463226756,707.233671235583,18
"66",2020-05-05,1650,721,156,29,27,25,0,24,1,3,9,50,41,4,209,1,923,0.0292499995231628,29,0.172409992218018,3.36109656871868,3.4340818458159,24.9575831934058,690.417482445549,25
"67",2020-05-06,1666,694,161,23,26.1,16,0,11,5,4,10,52,42,5,213,5,598,0.0167200005054474,149,0.0134200000762939,1.60617674881196,3.04740127763736,15.8986508017285,679.932731279919,16
"68",2020-05-07,1689,672,167,32,26.4,23,0,16,7,6,10,54,44,6,219,7,813,0.0356699991226196,234,0.0128199994564056,3.05631224063884,2.85065208895726,22.7300068540531,646.0806579891,23
"69",2020-05-08,1702,639,173,16,22.7,13,0,8,5,4,8,54,46,6,223,5,715,0.00978999972343445,127,0.0472399997711182,1.54386339349022,2.54577968042283,12.9025827529339,626.550075824946,13
"70",2020-05-09,1719,623,179,12,21.3,17,0,12,5,5,6,51,45,6,228,5,1100,0.0154499995708466,164,0.0304900002479553,1.74013920637626,2.0747729097239,16.8901978169106,609.31864798706,17
"71",2020-05-10,1731,554,185,25,21.6,12,0,8,4,3,5,52,47,6,231,4,907,0.0176400005817413,316,0.0126600003242493,1.6353262984548,2.06512414980778,11.9174491801686,542.566711453354,12
"72",2020-05-11,1751,535,188,14,21.6,20,0,14,6,1,5,51,46,3,232,6,517,0.00967000007629394,197,0.0152300000190735,1.12040616851561,2.00904580357234,19.9151633091428,527.435395065234,20
"73",2020-05-12,1774,518,193,13,19.3,23,0,17,6,4,6,51,45,5,236,6,835,0.0131700003147125,322,0.00310999989509583,1.03702422031165,1.67703546808562,22.9214769557128,511.220843843205,23
"74",2020-05-13,1795,500,195,21,19,21,0,15,6,2,7,47,40,2,238,6,1249,0.0144099998474121,224,0.0133899998664856,1.42548878340193,1.65122290159847,20.8920625799498,491.00521499582,21
"75",2020-05-14,1809,472,198,25,18,14,0,10,4,2,6,45,39,3,240,4,1046,0.0267700004577637,127,0.0236199998855591,2.6428951802461,1.59216332154237,13.8665873813294,456.257310996872,14
"76",2020-05-15,1829,458,201,17,18.1,20,0,12,8,1,5,44,39,3,241,8,1163,0.012039999961853,137,0.0146000003814697,1.23097846214588,1.54746547420746,19.8757210945107,450.885032660738,20
"77",2020-05-16,1845,438,207,19,19.1,16,0,6,10,1,4,42,38,6,242,10,967,0.0134399998188019,25,0.04,1.4109354662078,1.50043636846911,15.8219409184964,430.201012230142,16
"78",2020-05-17,1857,398,212,15,17.7,12,0,9,3,1,2,42,40,5,243,3,353,0.0254999995231628,10,0.1,2.7552341134095,1.66042319917693,11.8956874072604,384.161196029886,12
"79",2020-05-18,1872,390,213,26,19.4,15,0,8,7,2,1,43,42,1,245,7,376,0.0398900008201599,17,0.0588199996948242,4.07088557333133,2.08192025700774,14.6403799362778,369.964025021192,15
"80",2020-05-19,1884,353,219,23,20.9,12,0,8,4,0,1,40,39,6,245,4,359,0.0390000009536743,31,0.225809993743896,5.38490003805894,2.70304537382879,11.7281717335116,329.011155482403,12
"81",2020-05-20,1899,339,223,17,20.3,15,0,9,6,3,1,41,40,4,248,6,675,0.0296300005912781,36,0.0555600023269653,3.0942912071566,2.94144572007945,14.7657015518654,325.762137680394,15
"82",2020-05-21,1907,325,229,11,18.3,8,0,1,7,0,1,38,37,6,248,7,478,0.0209200000762939,36,0,1.94547860631683,2.8418147809467,7.82813736034312,317.020663158788,8
"83",2020-05-22,1914,309,233,7,16.9,7,0,3,4,1,1,36,35,4,249,4,514,0.00583999991416931,14,0,0.568515143159664,2.74717716394867,6.97130151261022,306.783041849139,7
"84",2020-05-23,1923,305,236,6,15,9,1,3,5,1,0,35,35,3,250,6,582,0.00859000027179718,43,0,0.799900825309753,2.65988650096323,8.93943184093397,301.92111858081,9
"85",2020-05-24,1933,302,237,8,14,10,0,3,7,1,1,36,35,1,251,7,332,0.0150600004196167,25,0.04,1.68064989896716,2.50637447032861,9.85153220033481,295.59467492873,10
"86",2020-05-25,1948,298,240,6,11.1,15,1,7,7,0,1,35,34,3,251,8,401,0.0174600005149841,8,0,1.71184846124906,2.16936916860257,14.8271727250559,291.562184008332,15
"87",2020-05-26,1954,288,243,16,10.1,6,0,2,4,1,1,35,34,3,252,4,1123,0.00800999999046326,41,0.0731699991226196,1.03051545990701,1.54731422886658,5.94797986423589,284.254550224984,6
"88",2020-05-27,1959,261,243,8,8.9,5,0,1,4,1,1,33,32,0,253,4,1150,0.00957000017166138,13,0.0769199991226196,1.03228376491871,1.25274173711831,4.94789060068735,257.599861694849,5
"89",2020-05-28,1963,236,244,4,7.9,4,0,2,2,1,1,31,30,1,254,2,1403,0.00284999996423721,88,0,0.268179071081476,1.01312751779898,3.99323119728451,235.201281279572,4
"90",2020-05-29,1970,226,247,7,7.9,7,0,3,4,2,1,32,31,3,256,4,1380,0.0065200001001358,37,0,0.634975309681539,1.0226218273021,6.96794662176202,224.188984129554,7
"91",2020-05-30,1973,208,248,15,9.1,3,1,1,1,0,1,31,30,1,256,2,1020,0.0127499997615814,119,0,1.1417910234252,1.07146328417574,2.97118135226318,205.002860635371,3
"92",2020-05-31,1977,193,249,10,9.4,4,0,1,3,3,1,34,33,1,259,3,1309,0.00535000026226044,11,0.0909099960327148,0.606300022701422,0.917984730423489,3.977045606746,191.523267367326,4
"93",2020-06-01,1988,184,250,5,9.3,11,0,5,6,0,1,31,30,1,259,6,763,0.00130999997258186,20,0,0.127653892602805,0.691671220616882,10.9903341001435,183.703579071068,11
"94",2020-06-02,1991,165,251,8,8.1,3,0,1,2,0,1,26,25,1,259,2,858,0.0104900002479553,9,0,1.03811075118174,0.692756262227556,2.97379822801517,162.838353811251,3
"95",2020-06-03,2001,156,251,8,8.1,10,0,7,3,0,0,22,22,0,259,3,1110,0.00449999988079071,141,0,0.399280564962245,0.602327233662347,9.98488332052836,155.213932667475,10
"96",2020-06-04,2008,146,254,8,8.7,7,0,2,5,0,0,20,20,3,259,5,1430,0.00559000015258789,21,0,0.550909732474203,0.642717328147022,6.96523778609825,144.984943354069,7
"97",2020-06-05,2012,137,256,15,9.9,4,0,1,3,1,0,21,21,2,260,3,1366,0.00952000021934509,29,0,0.932209340474939,0.685179332546079,3.96470674749281,135.388274802172,4
"98",2020-06-06,2015,128,257,2,8,3,0,0,3,0,0,21,21,1,260,3,1404,0.000710000023245811,68,0,0.0677201109128478,0.5317406307586,2.99743613063023,127.890608240223,3
"99",2020-06-07,2016,118,258,4,7.1,1,0,0,1,0,0,20,20,1,260,1,870,0.00230000004172325,22,0,0.22432735832951,0.477173107276898,0.997169004228972,117.665942499019,1
"100",2020-06-08,2019,110,258,0,6.4,3,0,0,3,0,0,19,19,0,260,3,701,0.0014300000667572,12,0,0.140593274445554,0.479021590397291,2.99467716775581,109.80482948438,3
"101",2020-06-09,2029,107,259,3,5.7,10,0,3,7,0,0,18,18,1,260,7,1338,0.00224000006914139,10,0,0.222338285794598,0.362482666770557,9.98035874330904,106.69976936201,10
"102",2020-06-10,2039,105,259,7,5.6,10,0,4,6,0,0,17,17,0,260,6,1281,0.00233999997377396,12,0,0.231828303666236,0.338560915156841,9.98244605690083,104.692805995765,10
"103",2020-06-11,2046,104,260,5,5.1,7,0,2,5,0,0,16,16,1,260,5,1529,0.00326999992132187,6,0,0.325721816267175,0.306391212841551,6.97944706585833,103.572498969853,7
"104",2020-06-12,2050,107,260,10,4.4,4,0,2,2,0,0,16,16,0,260,2,1596,0.00814999997615814,13,0,0.808415162333648,0.288706330249938,3.9795957129541,105.908370643044,4
"105",2020-06-13,2053,105,260,6,5,3,0,3,0,0,0,16,16,0,260,0,1479,0.00270000010728836,23,0.0434800004959106,0.332446083228058,0.326524326294968,3,104.559478105632,3
"106",2020-06-14,2056,102,260,1,4.6,3,0,1,2,0,0,16,16,0,260,2,768,0,13,0,0,0.294477560819324,3,102,3
"107",2020-06-15,2061,100,260,2,4.9,5,0,2,3,0,0,14,14,0,260,3,720,0.00555999994277954,17,0,0.543175028331244,0.351989239945851,4.97943550595543,99.3145168651809,5
"108",2020-06-16,2065,99,260,3,4.9,4,0,1,3,1,0,14,14,0,261,3,1250,0.000799999982118607,14,0,0.0791139222822989,0.331528616586951,3.9970047632922,98.9011571886427,4
"109",2020-06-17,2068,89,260,8,5,3,0,0,3,1,1,6,5,0,262,3,1098,0.0091100001335144,26,0,0.889927059305944,0.425542724535481,2.96630754589837,88.000457194985,3
"110",2020-06-18,2070,75,260,2,4.6,2,0,0,2,0,1,6,5,0,262,2,1304,0.00230000004172325,122,0,0.210322584460527,0.409057119991674,1.99469148701618,74.8009307631066,2
"111",2020-06-19,2073,73,260,5,3.9,3,0,0,3,0,1,5,4,0,262,3,1875,0.0010700000077486,19,0,0.105926611115556,0.308701612674804,2.99598964044768,72.902414584227,3
"112",2020-06-20,2079,73,261,1,3.1,6,0,0,6,1,1,5,4,1,263,6,1792,0.000560000017285347,158,0,0.0514625656910432,0.268561110169516,5.99610327584859,72.9525898561578,6
"113",2020-06-21,2085,77,261,1,3.1,6,0,0,6,0,1,4,3,0,263,6,1102,0.00363000005483627,86,0,0.336722227308887,0.316664285499357,5.97450353246377,76.6727953332851,6
"114",2020-06-22,2087,76,262,6,3.7,2,0,1,1,0,1,1,0,1,263,1,509,0.0039300000667572,10,0,0.385427752211834,0.294128960339441,1.99513592838308,75.6303305571142,2
"115",2020-06-23,2096,81,262,4,3.9,9,0,0,9,0,1,1,0,0,263,9,1255,0.00158999994397163,20,0,0.156505876837992,0.305184953847398,8.98222415977739,80.8400174379965,9
"116",2020-06-24,2098,75,263,3,3.1,2,0,0,2,1,1,2,1,1,264,2,1733,0.00289000004529953,24,0,0.285052366448724,0.218774283439223,1.99280531763983,74.7301994114938,2
"117",2020-06-25,2104,73,263,6,3.7,6,0,0,6,0,1,2,1,0,264,6,1796,0.00277999997138977,21,0.0476200008392334,0.32982388366758,0.235845897611659,5.97502587218607,72.6961481115972,6
"118",2020-06-26,2108,67,263,6,3.9,4,0,0,4,0,1,2,1,0,264,4,2028,0.00196999996900558,23,0,0.194790830674955,0.248540786120145,3.99016701267322,66.8352974622765,4
"119",2020-06-27,2111,69,263,3,4.1,3,0,0,3,0,1,1,0,0,264,3,1574,0.000640000030398369,80,0,0.0609044768952257,0.249889630577885,2.99769416912216,68.9469658898096,3
"120",2020-06-28,2113,68,263,2,4.3,2,0,0,2,0,1,1,0,0,264,2,880,0.00114000000059605,12,0,0.112466367771807,0.217853079215445,1.99716136441033,67.9034863899514,2
"121",2020-06-29,2117,69,263,1,3.6,4,0,0,4,2,1,3,2,0,266,4,854,0.00351000010967255,8,0,0.347742470262222,0.212469467508358,3.98244605615561,68.6971944686842,4
"122",2020-06-30,2120,68,263,10,4.4,3,0,0,3,0,1,3,2,0,266,3,1605,0.00435999989509583,11,0,0.433032167798812,0.251973223359904,2.9836054918372,67.6283911483098,3
"123",2020-07-01,2122,67,263,4,4.6,2,0,0,2,0,2,3,1,0,266,2,1601,0.00312000006437302,15,0,0.309103966773589,0.255409166263456,1.99219825856944,66.7386416620761,2
"124",2020-07-02,2128,66,263,4,4.3,6,0,1,5,0,1,3,2,0,266,5,1012,0.00197999998927116,12,0,0.195679686439689,0.236245709516614,5.98765267934968,65.8370153674157,6
"125",2020-07-03,2136,74,263,4,4,8,0,0,8,0,1,3,2,0,266,8,1334,0.00300000011920929,14,0,0.296884284794154,0.2508304886765,7.97002672661968,73.722747221232,8
"126",2020-07-04,2139,74,263,4,4.1,3,0,0,3,0,1,3,2,0,266,3,1257,0.00317999988794327,40,0,0.308192741645697,0.286157383640853,2.98833188664872,73.7121865373351,3
"127",2020-07-05,2141,71,263,5,4.6,2,0,0,2,0,1,2,1,0,266,2,734,0.00272000014781952,47,0,0.255631255889824,0.306609510514855,1.99354790240695,70.7709505354467,2
"128",2020-07-06,2147,71,263,0,4.4,6,0,1,5,0,1,2,1,0,266,5,602,0,10,0,0,0.256932014763109,6,71,6
"129",2020-07-07,2154,72,263,6,3.9,7,0,1,6,0,1,1,0,0,266,6,1272,0.0039300000667572,21,0,0.386617175940848,0.250301301640543,6.97072550762655,71.6487060915186,7
"130",2020-07-08,2167,78,263,5,4,13,0,1,12,0,1,1,0,0,266,12,1684,0.00296999990940094,39,0,0.29027741424441,0.247611794136374,12.9560406289307,77.7142640880493,13
"131",2020-07-09,2175,82,263,5,4.1,8,0,0,8,1,0,2,2,0,267,8,1504,0.00266000002622604,41,0,0.258941102876632,0.256649139341652,7.97385744930452,81.7320388553713,8
"132",2020-07-10,2191,95,263,12,5.3,16,0,0,16,0,0,2,2,0,267,16,1900,0.00684000015258789,14,0.0714300012588501,0.73124453017455,0.318700602967423,15.8523479124132,94.1233157299532,16
"133",2020-07-11,2198,100,263,7,5.7,7,0,0,7,1,1,2,1,0,268,7,1571,0.00381999999284744,25,0,0.376016290022765,0.328389681307004,6.96678290270195,99.5254700385993,7
"134",2020-07-12,2221,120,263,9,6.3,23,0,2,21,1,1,3,2,0,269,21,1068,0.00842999994754791,13,0,0.832862159480219,0.410851238962775,22.7792760782866,118.738720447352,23
"135",2020-07-13,2244,138,263,6,7.1,23,0,2,21,0,0,3,3,0,269,21,808,0.00619000017642975,65,0,0.572911814725686,0.492695783923587,22.8481677416811,137.002245159619,23
"136",2020-07-14,2263,148,263,4,6.9,19,0,2,17,1,0,4,4,0,270,17,1406,0.00356000006198883,66,0,0.340038049399205,0.486041622989067,18.9270486360687,147.364894008127,19
"137",2020-07-15,2284,168,263,15,8.3,21,0,0,21,1,0,5,5,0,271,21,1404,0.00782999992370606,46,0,0.758159992612641,0.552881991327386,20.799073538219,166.392588305752,21
"138",2020-07-16,2306,186,263,7,8.6,22,0,1,21,0,0,5,5,0,271,21,1695,0.00708000004291534,25,0.04,0.75584884143846,0.623868811121932,21.7996860361516,184.225790605914,22
"139",2020-07-17,2336,213,263,17,9.3,30,0,0,29,0,1,5,4,0,271,29,1787,0.00726999998092651,21,0,0.718555860946664,0.622056144089377,28.7370243650024,211.068489301569,30
"140",2020-07-18,2362,232,263,16,10.6,26,0,0,24,2,1,6,5,0,273,24,1551,0.00708999991416931,81,0,0.673810653607635,0.664598196030073,23.795917345967,230.027201011015,26
"141",2020-07-19,2380,250,263,28,13.3,18,0,0,18,0,1,6,5,0,273,18,2025,0.0212299990653992,22,0,2.10018310246377,0.845644045027723,17.5229250169786,243.373958569147,18
"142",2020-07-20,2410,275,263,47,19.1,30,0,0,27,2,3,8,5,0,275,27,1548,0.0148599994182587,35,0.0285700011253357,1.51631264301018,0.980415591925508,26.4833344571929,269.737665767705,30
"143",2020-07-21,2434,294,263,23,21.9,24,0,0,23,0,3,8,5,0,275,23,1428,0.0161099994182587,15,0,1.59425358068423,1.15958923925194,22.5372544877946,288.084905191809,24
"144",2020-07-22,2461,314,263,13,21.6,27,0,1,23,2,3,9,6,0,277,23,1771,0.00902999997138977,16,0,0.894914938406899,1.17912566007969,23.7402434113552,310.453757876762,27
"145",2020-07-23,2480,322,263,29,24.7,19,0,1,17,1,3,10,7,0,278,17,1667,0.0101999998092651,32,0,1.0007886805206,1.21411706566285,17.7852919713544,317.933177339772,19
"146",2020-07-24,2503,337,263,34,27.1,23,0,1,18,0,3,7,4,0,278,18,2036,0.0122800004482269,83,0,1.17989999587494,1.28002337065261,18.7319753835565,331.981983569919,23
"147",2020-07-25,2515,336,263,26,28.6,12,0,1,10,0,3,7,4,0,278,10,2126,0.00800000011920929,320,0,0.695339339878943,1.28309889726279,10.912248655479,333.051554824093,12
"148",2020-07-26,2522,338,263,21,27.6,7,0,0,6,2,4,9,5,0,280,6,1816,0.0121099996566772,73,0,1.16420113163186,1.14938718714395,5.91184717268141,333.034057394386,7
"149",2020-07-27,2537,340,264,22,24,15,0,1,13,1,4,9,5,1,281,13,1601,0.00874000012874603,24,0,0.861091704992148,1.05578419599852,13.8587300679021,336.305247929748,15
"150",2020-07-28,2557,330,264,14,22.7,20,0,2,17,1,4,10,6,0,282,17,1488,0.00739000022411346,24,0,0.727269863325452,0.931929379232978,18.8439723772988,326.971228500505,20
"151",2020-07-29,2573,324,264,20,23.7,16,2,2,12,2,4,11,7,0,284,14,2254,0.00620999991893768,52,0,0.606996522865808,0.890798177012822,15.8927564411723,321.518077638559,16
"152",2020-07-30,2593,334,264,19,22.3,20,1,0,18,1,4,12,8,0,285,19,1891,0.00898999989032745,134,0,0.839510607042431,0.867758452230227,18.7987032481307,330.461414993456,20
"153",2020-07-31,2603,321,264,18,20,10,0,1,9,1,3,13,10,0,286,9,2129,0.00797999978065491,207,0,0.727286795077667,0.803099423544901,9.91739521782498,318.053762769091,10
"154",2020-08-01,2620,308,264,15,18.4,17,0,0,17,1,2,13,11,0,287,17,1629,0.00551999986171722,83,0.0120500004291534,0.583658283315251,0.787144986892945,16.8747826370817,305.73135601301,17
"155",2020-08-02,2628,293,264,2,15.7,8,0,0,8,0,2,13,11,0,287,8,1340,0.00149000003933907,11,0,0.147786828476266,0.641942943585003,7.98507952344126,292.453537546036,8
"156",2020-08-03,2637,279,264,10,14,9,0,1,7,0,1,12,11,0,287,7,1046,0.0114699995517731,47,0,1.09767790769942,0.675740972543185,7.9030316642405,275.135119189014,9
"157",2020-08-04,2649,267,264,20,14.9,12,0,1,11,1,1,11,10,0,288,11,1699,0.0058899998664856,12,0,0.584869069150148,0.655398001946712,11.9188089200948,265.029271060482,12
"158",2020-08-05,2658,247,264,12,13.7,9,1,0,8,1,1,12,11,0,289,9,1599,0.005,70,0,0.479029358897543,0.637116978522675,8.94559214313393,245.506806594898,9
"159",2020-08-06,2668,223,264,12,12.7,10,0,0,10,1,2,10,8,0,290,10,1639,0.00305000007152557,10,0,0.303150401287472,0.560494091986252,9.96174262870025,222.146860620016,10
"160",2020-08-07,2680,224,264,6,11,12,0,3,9,1,2,10,8,0,291,9,1689,0,39,0,0,0.456595978403728,12,224,12
"161",2020-08-08,2686,207,264,14,10.9,6,1,1,4,0,1,10,9,0,291,5,1518,0.00725000023841858,95,0,0.682300084433937,0.470687664277826,5.95694710025588,205.217609950593,6
"162",2020-08-09,2688,198,264,16,12.9,2,0,1,1,2,2,12,10,0,293,1,1589,0.00441000014543533,102,0,0.414399185753799,0.508775143888902,1.99477031089243,196.9645215567,2
"163",2020-08-10,2700,199,264,8,12.6,12,2,0,10,0,1,12,11,0,293,12,1384,0.00578000009059906,27,0,0.566939767922686,0.432955409635084,11.9141431113511,197.576206596572,12
"164",2020-08-11,2713,203,264,8,10.9,13,2,1,10,0,1,12,11,0,293,12,1460,0.00342000007629395,41,0,0.332658235269098,0.396925290509219,12.9496225125143,202.147780836701,13
"165",2020-08-12,2720,186,264,12,10.9,7,3,0,4,0,2,10,8,0,293,7,1486,0.00268999993801117,7,0,0.267738774808078,0.366740921353581,6.97634808605573,185.371534858052,7
"166",2020-08-13,2742,189,264,11,10.7,22,0,0,22,0,2,9,7,0,293,22,1689,0.00532999992370605,56,0,0.515895121555274,0.397133024248982,21.8567676622127,187.769504007191,22
"167",2020-08-14,2753,184,264,6,10.7,11,4,1,6,1,2,10,8,0,294,10,1882,0.00477999985218048,36,0,0.469028139822923,0.464137044223685,10.9408089726452,182.910885096671,11
"168",2020-08-15,2757,176,264,2,9,4,0,0,4,1,2,11,9,0,295,4,2044,0.00734000027179718,21,0,0.726535620123653,0.470456406465073,3.96332468258196,174.386286033606,4
"169",2020-08-16,2761,158,264,26,10.4,4,0,1,3,0,2,11,9,0,295,3,1196,0.00501999974250793,22,0,0.492932651234769,0.481675472962354,3.98133767194373,157.017117389036,4
"170",2020-08-17,2784,172,265,8,10.4,23,1,4,18,1,1,9,8,1,296,19,1358,0.00662999987602234,32,0,0.647736678535132,0.493217888764132,22.8446865490895,170.594004549653,23
"171",2020-08-18,2810,191,265,15,11.4,26,1,1,24,0,1,7,6,0,296,25,1888,0.00583000004291534,77,0.0519500017166138,0.76372469278389,0.554798811266246,25.7590461779159,189.159112799277,26
"172",2020-08-19,2834,200,265,23,13,24,4,3,15,2,1,7,6,0,298,19,1519,0.0118499994277954,25,0.04,1.23057960691847,0.692347501567731,21.704933236446,196.894034067853,24
"173",2020-08-20,2851,208,266,24,14.9,17,1,0,16,3,0,6,6,1,301,17,1607,0.00995999991893768,103,0,0.936007009925898,0.752363485620677,16.7991901549135,205.543032483648,17
"174",2020-08-21,2872,215,266,16,16.3,21,3,2,16,0,0,6,6,0,301,19,1804,0.00721000015735626,116,0.00861999988555908,0.729518764093518,0.789576431945048,20.8250769479173,213.020607568537,21
"175",2020-08-22,2891,225,266,16,18.3,19,1,0,18,1,0,7,7,0,302,19,1864,0.00589999973773956,73,0,0.567764559171221,0.766894851808986,18.8638621589425,223.387841355898,19
"176",2020-08-23,2908,235,266,13,16.4,17,0,1,15,0,0,7,7,0,302,15,694,0.0172899997234344,5,0,1.71663230444399,0.941709087981732,15.6750432829183,229.909011432386,17
"177",2020-08-24,2927,251,266,19,18,19,2,0,17,1,1,8,7,0,303,19,1142,0.00962999999523163,58,0,0.91645499954621,0.980097419554743,18.7802536226518,248.097034699242,19
"178",2020-08-25,2941,253,266,23,19.1,14,0,1,13,4,2,11,9,0,307,13,1647,0.0145700001716614,73,0,1.3951622257399,1.0703027814056,13.7711109377165,248.545466710943,14
"179",2020-08-26,2959,261,266,15,18,18,1,4,13,0,2,11,9,0,307,14,1832,0.0049099999666214,41,0,0.480251998870817,0.96311312311308,17.9151495411377,259.418145016923,18
"180",2020-08-27,2972,264,266,16,16.9,13,1,3,9,1,2,9,7,0,308,10,1469,0.00612999975681305,9,0,0.609267228874044,0.916436011534243,12.92311089645,261.970127666281,13
"181",2020-08-28,3000,274,266,20,17.4,28,0,3,21,1,1,9,8,0,309,21,2137,0.00607999980449677,35,0,0.598202559033591,0.897676553668539,23.8414652253005,271.931498653921,28
"182",2020-08-29,3021,288,266,12,16.9,21,0,2,18,0,1,9,8,0,309,18,1790,0.00726000010967255,11,0.0909099960327148,0.777091068999096,0.927580340786807,19.8234769586928,285.175631339085,21
"183",2020-08-30,3041,302,267,16,17.3,20,0,6,12,2,1,10,9,1,311,12,1402,0.00428000003099442,33,0,0.418157494317364,0.742083939340146,17.9366745755746,300.406310151962,20
"184",2020-08-31,3061,311,267,13,16.4,20,1,3,16,1,1,11,10,0,312,17,1353,0.00517000019550324,54,0,0.497157801315983,0.682184339592971,19.8933403489428,309.048755795365,20
"185",2020-09-01,3086,315,267,18,15.7,25,1,2,22,0,1,11,10,0,312,23,1361,0.0154299998283386,22,0.0909099960327148,1.6630693911127,0.720456791789084,24.5172801199585,308.388836425519,25
"186",2020-09-02,3122,325,267,15,15.7,36,1,9,26,0,1,9,8,0,312,27,1528,0.00261999994516373,51,0,0.253537676770752,0.688069031489075,35.9136100447393,323.9601209089,36
"187",2020-09-03,3144,326,267,24,16.9,22,1,4,17,1,1,8,7,0,313,18,1493,0.00938000023365021,133,0.00751999974250793,0.922785997207461,0.732857426965278,21.7903810799003,322.203568447083,22
"188",2020-09-04,3166,330,267,24,17.4,22,0,3,19,3,1,11,10,0,316,19,2705,0.00813000023365021,258,0.00774999976158142,0.809691210614641,0.763070091476856,21.8058533038814,326.627978435835,22
"189",2020-09-05,3191,337,267,17,18.1,25,1,11,13,2,1,13,12,0,318,14,2256,0.00398999989032745,164,0,0.371960320354493,0.705194270241913,24.9342824102037,335.418083731331,25
"190",2020-09-06,3212,339,267,26,19.6,21,1,3,16,1,1,14,13,0,319,17,1310,0.00611000001430511,192,0.03125,0.932363516560566,0.778652273419513,19.7999718257029,335.011202877251,21
"191",2020-09-07,3253,364,267,29,21.9,41,2,6,33,0,1,12,11,0,319,35,1290,0.0147300004959106,44,0,1.4244153403092,0.91111763613283,40.370839186927,357.456727544041,41
"192",2020-09-08,3305,401,267,24,22.7,52,0,14,36,3,1,14,13,0,322,36,1097,0.0127600002288818,4,0,1.27136423715562,0.855159756996105,49.422396960395,394.566143919956,52
"193",2020-09-09,3350,432,267,15,22.7,45,2,10,31,0,1,13,12,0,322,33,1587,0.0144900000095367,29,0,1.42299690687715,1.02222536129702,42.407381950943,424.242090994163,45
"194",2020-09-10,3427,494,267,33,24,77,1,21,52,2,2,14,12,0,324,53,1959,0.0127600002288818,61,0,1.23746734892968,1.06717984011448,73.1723121180682,486.285324270296,77
"195",2020-09-11,3457,508,267,60,29.1,30,0,1,25,0,1,12,11,0,324,25,2314,0.0155599999427795,93,0.0752699995040894,1.78670335776785,1.20675300399351,25.436298175177,496.545578919596,30
"196",2020-09-12,3506,533,269,47,33.4,49,0,4,42,1,0,12,12,2,325,42,1900,0.0168400001525879,26,0,1.66126688940379,1.39093965671484,45.1194669161805,521.825615864862,49
"197",2020-09-13,3541,546,270,31,34.1,35,1,5,29,1,1,11,10,1,326,30,1199,0.0166799998283386,44,0,1.6089557356539,1.48759568801389,34.3908526917099,534.913518989121,35
"198",2020-09-14,3609,596,272,59,38.4,68,0,19,49,1,1,11,10,2,327,49,2394,0.0141999995708466,218,0.0412799978256226,1.6460121936674,1.51925238135077,66.9821445493423,583.619554110367,68
"199",2020-09-15,3682,645,273,41,40.9,73,0,15,55,1,1,11,10,1,328,55,2961,0.0121599996089935,28,0,1.20460886056306,1.5097158989804,69.1638855650663,635.194657990323,73
"200",2020-09-16,3759,685,274,41,44.6,77,0,7,67,1,0,11,11,1,329,67,1887,0.0190799999237061,162,0.00616999983787537,1.80592971350752,1.56442058564189,72.4730225455974,669.388364831854,77
"201",2020-09-17,3809,710,278,57,48,50,2,4,38,2,2,11,9,4,331,40,2512,0.0191100001335144,208,0.00481000006198883,1.80164707162801,1.6450176888845,43.0905335348045,693.85697024278,50
"202",2020-09-18,3897,778,278,47,46.1,88,1,6,78,0,2,11,9,0,331,79,2409,0.0128699994087219,281,0.0213499999046326,1.37558284568078,1.58628618715778,83.6285789188718,764.494106314965,88
"203",2020-09-19,3967,829,280,47,46.1,70,2,4,60,0,2,10,8,2,331,62,2101,0.0214199995994568,161,0,1.98954107685494,1.6331824996508,64.443311997957,808.185574940425,70
"204",2020-09-20,4010,861,280,76,52.6,43,1,4,34,2,2,11,9,0,333,35,2847,0.0186199998855591,112,0,1.79152212484578,1.6592634123925,38.2086890074761,841.533749583913,43
"205",2020-09-21,4119,941,280,55,52,109,2,22,82,1,3,12,9,0,334,84,2949,0.0189900004863739,73,0,1.85312744653596,1.68885130565944,104.035547405878,918.993453677755,109
"206",2020-09-22,4228,1020,280,85,58.3,109,0,27,81,3,3,15,12,0,337,81,2507,0.0135599994659424,64,0.03125,1.4000357316654,1.71676943010263,106.568863305497,1001.97827866181,109
"207",2020-09-23,4334,1079,281,67,62,106,0,26,75,2,3,16,13,1,339,75,1896,0.0168799996376038,7,0.571430015563965,1.89198578149472,1.7290631541008,99.20924525675,1053.23700842711,106
"208",2020-09-24,4435,1132,282,38,59.3,101,2,18,75,2,3,18,15,1,341,77,2730,0.0128199994564056,55,0,1.25668217292594,1.65121102571479,93.7788383474262,1114.04733778294,101
"209",2020-09-25,4554,1195,284,57,60.7,119,5,16,86,3,3,20,17,2,344,91,3291,0.0133700001239777,59,0.0339000010490417,1.37315732745982,1.65086452311179,105.423047291018,1174.29166497545,119
"210",2020-09-26,4639,1242,286,76,64.9,85,3,14,66,3,4,21,17,2,347,69,3437,0.0299699997901916,12,0,2.98657260883992,1.79329759910965,80.3993665342315,1195.18859761617,85
"211",2020-09-27,4721,1272,287,109,69.6,82,2,12,64,2,4,22,18,1,349,66,2684,0.0331599998474121,13,0,3.30001629923819,2.00879676687999,75.2513654644513,1219.02631622397,82
"212",2020-09-28,4836,1342,288,86,74,115,3,11,97,6,4,27,23,1,355,100,3135,0.0258400011062622,192,0.0104200005531311,2.49501182970644,2.10049453590435,107.851312300397,1299.74461107133,115
"213",2020-09-29,4943,1373,291,58,70.1,107,5,18,74,4,3,27,24,3,359,79,2165,0.0263299989700317,79,0.0253200006484985,2.62944419881239,2.27612431692535,94.3785110673454,1327.43918601855,107
"214",2020-09-30,5026,1402,291,107,75.9,83,1,10,67,5,5,30,25,0,364,68,3170,0.0305999994277954,281,0.0142299997806549,2.92670611777675,2.42394150782278,75.4884316211654,1350.21736960109,83
"215",2020-10-01,5127,1438,293,105,85.4,101,2,11,78,3,5,29,24,2,367,80,3844,0.0226300001144409,120,0.00833000004291534,2.21971040476944,2.56151696951471,88.758992638043,1397.71789266882,101
"216",2020-10-02,5223,1488,294,115,93.7,96,0,13,79,1,5,29,24,1,368,79,3362,0.021710000038147,197,0,2.05082945007727,2.65832727274577,89.9553752429628,1449.48858685479,96
"217",2020-10-03,5296,1501,295,65,92.1,73,2,6,64,5,6,31,25,1,373,66,3113,0.0301999998092651,485,0.0103100001811981,2.75188853513406,2.62480097650208,69.7079095435389,1448.87230643715,73
"218",2020-10-04,5353,1482,295,77,87.6,57,1,7,47,3,6,32,26,0,376,48,3118,0.0291899991035461,102,0,2.82653469580301,2.55716074743991,53.2878077117147,1429.13606309919,57
"219",2020-10-05,5431,1483,295,82,87,78,3,13,59,3,6,33,27,0,379,62,3821,0.0177999997138977,238,0.00839999973773956,1.72488294763206,2.447142335715,73.6503899714642,1450.71819883357,78
"220",2020-10-06,5507,1456,296,139,98.6,76,5,15,53,2,7,34,27,1,381,58,2158,0.0194599997997284,55,0,1.89763576899295,2.34259827431222,71.6110141230003,1421.13166488084,76
"221",2020-10-07,5608,1470,296,174,108.1,101,12,22,63,3,10,36,26,0,384,75,2268,0.0313100004196167,76,0,3.02948297575472,2.35728068259479,94.1326100536856,1413.79915705224,101
"222",2020-10-08,5688,1429,296,85,105.3,80,5,14,55,2,9,36,27,0,386,60,2434,0.0271199989318848,182,0,2.52332100153698,2.40065362499015,72.089351792623,1383.49472852764,80
"223",2020-10-09,5771,1430,296,97,102.7,83,5,19,57,2,9,37,28,0,388,62,2508,0.0207299995422363,247,0.00810000002384186,1.95976547578285,2.38764448580523,79.4666094917769,1394.63308989098,83
"224",2020-10-10,5836,1415,297,67,103,65,5,7,51,6,9,43,34,1,394,56,2628,0.0300600004196167,21,0,2.98216991705371,2.42054182607947,60.8924524086317,1361.74678853953,65
"225",2020-10-11,5900,1380,297,140,112,64,6,6,48,5,10,46,36,0,399,54,2660,0.0233100008964539,238,0.0168099999427795,2.2776184393012,2.34212521800778,58.4478570792459,1340.33412535851,64
"226",2020-10-12,5962,1352,297,62,109.1,62,2,14,43,3,10,46,36,0,402,45,1994,0.0150499999523163,237,0.0126600003242493,1.47961093598233,2.30708635920068,58.1597335473584,1326.75466124508,62
"227",2020-10-13,6047,1374,298,74,99.9,85,4,10,68,1,7,45,38,1,403,72,2117,0.0302300000190735,18,0,2.9975133508374,2.4642117280356,79.2763543725696,1322.02376260987,85
"228",2020-10-14,6114,1379,300,84,87,67,1,16,49,2,7,45,38,2,405,50,3004,0.0296300005912781,110,0.0363599991798401,2.98677333609447,2.45811035094128,64.1153563376154,1327.02152779143,67
"229",2020-10-15,6200,1405,300,107,90.1,86,3,25,52,5,8,49,41,0,410,55,2119,0.021710000038147,105,0.00952000021934509,2.11344829603708,2.39955710729843,78.5330635647352,1367.52644197187,86
"230",2020-10-16,6275,1426,301,78,87.4,75,2,10,59,4,8,47,39,1,414,61,3126,0.0214299988746643,280,0.0035699999332428,1.99617664308598,2.40475870262745,69.4633117053134,1390.07676216028,75
"231",2020-10-17,6322,1408,302,64,87,47,1,10,36,6,8,49,41,1,420,37,3037,0.0214000010490417,149,0,2.03991849296735,2.2701513563294,46.0474856710122,1371.75296823744,47
"232",2020-10-18,6379,1376,305,74,77.6,57,1,11,40,2,6,47,41,3,422,41,1144,0.0271000003814697,37,0.0540500020980835,2.79443272769098,2.34398196895651,50.5541125298737,1327.47460588064,57
"233",2020-10-19,6443,1354,307,69,78.6,64,1,6,57,3,6,46,40,2,425,58,1334,0.0374799990653992,27,0,3.67364575703472,2.65741551482114,61.3110529654862,1291.22699509083,64
"234",2020-10-20,6521,1358,309,46,74.6,78,3,14,57,4,5,45,40,2,429,60,1595,0.0250799989700317,48,0.0208299994468689,2.49558358677117,2.58571126281168,72.110354448158,1315.23102234331,78
"235",2020-10-21,6609,1382,312,69,72.4,88,1,46,40,4,4,44,40,3,433,41,2258,0.0305599999427795,446,0.00897000014781952,2.69989274913919,2.54472832181807,85.6030291379063,1334.91186020943,88
"236",2020-10-22,6675,1369,312,88,69.7,66,2,24,36,1,3,43,40,0,434,38,2238,0.0268099999427795,87,0.0114900004863739,2.62367354469915,2.61761764305551,60.7417979997326,1323.67161741142,66
"237",2020-10-23,6754,1371,313,92,71.7,79,1,13,64,2,3,36,33,1,436,65,2768,0.0245700001716614,65,0.0153799998760223,2.4359145946735,2.68043735042515,76.0018301918906,1328.85398758588,79
"238",2020-10-24,6819,1364,317,63,71.6,65,2,17,41,2,3,36,33,4,438,43,2358,0.0211999988555908,191,0,1.96114544140773,2.6691840573452,58.9357706381841,1330.2416546624,65
"239",2020-10-25,6889,1345,319,69,70.9,70,1,24,42,3,3,38,35,2,441,43,1751,0.0308400011062622,77,0,2.95409419787008,2.69199283879936,65.3969400144608,1294.85777487092,70
"240",2020-10-26,6962,1304,320,77,72,73,1,16,51,4,3,39,36,1,445,52,995,0.0392000007629395,121,0.0165299999713898,3.67420526484435,2.69207276848645,65.5888527306952,1243.53584540051,73
"241",2020-10-27,7040,1274,322,61,74.1,78,0,15,60,1,3,31,28,2,446,60,1354,0.0288000011444092,116,0,2.65273479928776,2.71452294170311,72.991360201172,1231.34988160488,78
"242",2020-10-28,7152,1280,325,94,77.7,112,2,69,38,2,2,29,27,3,448,40,1900,0.0405299997329712,166,0.01807000041008,3.87253724882471,2.88204358451532,107.045153893629,1217.44492459613,112
"243",2020-10-29,7216,1265,326,65,74.4,64,0,18,42,9,2,37,35,1,457,42,2190,0.0292199993133545,96,0,2.79929127280168,2.90713183138712,58.5162717726628,1220.3115188671,64
"244",2020-10-30,7266,1234,328,122,78.7,50,1,9,36,4,2,40,38,2,461,37,2789,0.0358599996566772,105,0.0571400022506714,3.66320799166528,3.0824594595288,44.2895110200957,1176.9528810486,50
"245",2020-10-31,7305,1164,329,83,81.6,39,0,5,32,2,2,39,37,1,463,32,2352,0.0276399993896484,322,0,2.43116224997955,3.1496047178962,36.0182048093103,1128.28719993866,39
"246",2020-11-01,7355,1124,332,50,78.9,50,1,6,40,1,2,37,35,3,464,41,1714,0.0256699991226196,104,0,2.42015283257261,3.07332737999656,45.7477713735128,1089.67061033728,50
"247",2020-11-02,7419,1077,332,56,75.9,64,3,8,47,6,2,42,40,0,470,50,1030,0.0174800002574921,14,0.0714300012588501,1.82034677038704,2.80849045221695,56.8513674731547,1052.25845537175,64
"248",2020-11-03,7490,1005,333,36,72.3,71,1,36,33,1,2,43,41,1,471,34,1456,0.0219799995422363,13,0,2.17854862719511,2.74074957048943,69.0652334700463,977.369401099899,71
"249",2020-11-04,7555,929,337,53,66.4,65,5,1,51,1,1,40,39,4,472,56,1466,0.0272900009155273,295,0.0033899998664856,2.32863096551825,2.52019153001707,55.3543189291467,901.699326521022,65
"250",2020-11-05,7602,886,337,45,63.6,47,0,6,34,5,2,43,41,0,477,34,2536,0.0240499997138977,41,0,2.36673648717286,2.45839798921296,38.9844862649324,859.536906786179,47
"251",2020-11-06,7676,880,341,79,57.4,74,1,12,58,4,3,46,43,4,481,59,2342,0.0234800004959106,116,0.0258599996566772,2.35923194148077,2.27211569632945,69.2433726932031,853.799457118962,74
"252",2020-11-07,7711,846,346,75,56.3,35,3,4,25,3,4,46,42,5,484,28,2499,0.0276099991798401,142,0,2.61254782091709,2.2980279207491,31.07683515352,818.107233567069,35
"253",2020-11-08,7748,784,346,47,55.9,37,1,5,29,1,4,47,43,0,485,30,1176,0.0204099988937378,92,0.0108700001239777,1.97178223268467,2.23397497790797,34.2534873315916,764.491135598926,37
"254",2020-11-09,7818,752,350,31,52.3,70,3,24,41,7,4,46,42,4,492,44,711,0.0210999989509583,20,0.1,2.3258685710166,2.30619237799791,66.7084987669264,729.927069834743,70
"255",2020-11-10,7885,761,350,51,54.4,67,0,11,54,3,5,47,42,0,495,54,1374,0.0334800004959106,17,0,3.30708272332,2.46741153458718,62.7463015978549,729.239546591993,67
"256",2020-11-11,7941,760,353,78,58,56,0,6,48,2,5,46,41,3,497,48,2375,0.0261100006103516,241,0.0290499997138977,2.63808491516186,2.51161924167912,52.4019624261861,734.697738414613,56
"257",2020-11-12,7983,750,355,58,59.9,42,1,8,31,3,3,43,40,2,500,32,2318,0.0215700006484985,214,0.00467000007629395,2.01416435701211,2.4612517945133,39.1866043169313,730.936038678076,42
"258",2020-11-13,8021,726,357,81,60.1,38,1,7,26,0,3,36,33,2,500,27,2719,0.0217000007629395,200,0,2.02131901591067,2.41297851943186,33.3112595272775,707.480533955685,38
"259",2020-11-14,8042,703,357,50,56.6,21,3,2,14,3,3,37,34,0,503,17,1710,0.015789999961853,245,0.0163300001621246,1.58576726212221,2.26629558246116,18.6597913531917,688.931371840811,21
"260",2020-11-15,8072,659,360,29,54,30,1,1,25,0,2,35,33,3,503,26,984,0.0152400004863739,306,0.00653999984264374,1.31762794034426,2.17284496926967,26.5676622859481,648.041901786145,30
"261",2020-11-16,8116,620,363,11,51.1,44,0,3,39,3,2,33,31,3,506,39,735,0.0122399997711182,53,0,1.1416751055548,2.0036744742037,41.4380934212772,611.067126184407,44
"262",2020-11-17,8157,598,363,39,49.4,41,1,10,29,1,2,32,30,0,507,30,1828,0.020789999961853,38,0,2.03666237568421,1.82218585311287,39.2289238438623,582.629881954322,41
"263",2020-11-18,8198,590,363,66,47.7,41,3,6,30,1,2,32,30,0,508,33,2684,0.0204900002479553,20,0.05,2.07082694768906,1.74114900061676,38.137588128447,574.581121084355,41
"264",2020-11-19,8218,574,364,53,47,20,2,1,17,0,2,30,28,1,508,19,2476,0.0121200001239777,187,0.0160399997234344,1.23952685900304,1.63048650090118,19.7027878760805,565.021065308959,20
"265",2020-11-20,8243,531,364,28,39.4,25,1,2,20,1,2,30,28,0,509,21,2643,0.00757000029087067,222,0.0225200009346008,0.872842966012306,1.46641849377284,22.7686804229184,525.150919265223,25
"266",2020-11-21,8272,499,365,27,36.1,29,4,4,19,2,2,31,29,1,511,23,1495,0.0187300002574921,71,0,1.7880811229215,1.49532047388702,26.4809944132376,487.739835313285,29
"267",2020-11-22,8299,485,368,26,35.7,27,3,4,19,3,4,31,27,3,514,22,1220,0.0147500002384186,36,0,1.4327229530948,1.51176261856567,25.6022209759329,476.230780605793,27
"268",2020-11-23,8339,468,370,20,37,40,2,10,25,1,3,27,24,2,515,27,922,0.0173500001430511,13,0,1.71087701945381,1.5930771776941,36.4170389543297,457.895341875048,40
"269",2020-11-24,8383,478,370,21,34.4,44,2,7,34,1,3,23,20,0,516,36,1403,0.00855000019073486,41,0.0975599956512451,1.10772923056108,1.46037244267651,42.4967392097934,471.317815063368,44
"270",2020-11-25,8438,486,371,38,30.4,55,4,10,39,2,2,23,21,1,518,43,2618,0.0122200000286102,72,0.0138900005817413,1.22646989281736,1.33975000626627,52.3344474898391,478.477708838647,55
"271",2020-11-26,8483,501,372,60,31.4,45,3,4,37,3,2,23,21,1,521,40,3059,0.0143799996376038,224,0.00446000009775162,1.37031553193196,1.35843410239897,43.3082685046064,492.336063020196,45
"272",2020-11-27,8529,512,374,56,35.4,46,2,3,40,3,1,24,23,2,524,42,3154,0.0177600002288818,336,0.00298000007867813,1.63370546556817,1.46712874519267,44.1340754933328,501.443967918724,46
"273",2020-11-28,8574,515,375,60,40.1,45,2,3,40,2,1,25,24,1,526,42,2597,0.0119400000572205,191,0,1.11220158352229,1.3705745252785,44.4104918984334,507.771507802219,45
"274",2020-11-29,8619,526,377,23,39.7,45,0,4,38,5,1,28,27,2,531,38,898,0.0245000004768372,12,0,2.41769235474723,1.51128443980027,40.840577798667,509.951155844707,45
"275",2020-11-30,8663,533,378,45,43.3,44,1,7,35,1,1,25,24,1,532,36,1135,0.0229099988937378,61,0,2.17415123280873,1.57746647027955,42.0122450168641,518.375738721905,44
"276",2020-12-01,8716,554,378,34,45.1,53,2,11,39,3,1,27,26,0,535,41,1906,0.0141700005531311,113,0.0176999998092651,1.43675686145195,1.62447041754967,51.2565973326157,543.954998104125,53
"277",2020-12-02,8758,568,379,50,46.9,42,1,5,34,6,1,31,30,1,541,35,2859,0.0101400005817413,81,0.0123500001430511,1.0200888324757,1.59498740892943,39.5494292281998,560.687880046214,42
"278",2020-12-03,8796,567,380,40,44,38,0,6,31,3,1,33,32,1,544,31,3327,0.0102199995517731,202,0,0.963500666158941,1.53687099953329,36.6230613319779,560.105670168756,38
"279",2020-12-04,8838,570,382,54,43.7,42,1,5,32,2,1,31,30,2,546,33,2994,0.0110199999809265,165,0.0121200001239777,1.10774548791865,1.46173385986907,37.5386708384752,562.031587210026,42
"280",2020-12-05,8873,559,382,45,41.6,35,3,2,29,1,1,31,30,0,547,32,2277,0.0184500002861023,209,0,1.68988940673592,1.54426069175673,33.3175587962734,547.078605222401,35
"281",2020-12-06,8912,553,383,33,43,39,0,7,30,1,2,31,29,1,548,30,1397,0.0157500004768372,20,0,1.55276998349623,1.42070035300659,36.4121245010784,542.163494969878,39
"282",2020-12-07,8965,555,384,24,40,53,0,4,44,2,1,30,29,1,550,44,1068,0.0168499994277954,25,0.04,1.73795053878184,1.3583859681456,47.0349561055049,542.827287239891,53
"283",2020-12-08,9012,560,384,57,43.3,47,1,1,44,0,1,27,26,0,550,45,2367,0.01942999958992,69,0,1.88796424586785,1.4228441659193,44.9278309716356,546.657452091465,47
"284",2020-12-09,9067,571,386,39,41.7,55,2,3,48,1,3,24,21,2,551,50,2911,0.00962000012397766,167,0.00598999977111816,0.942305078709412,1.41173220109555,52.4054087489127,564.209767912583,55
"285",2020-12-10,9111,569,386,57,44.1,44,2,0,42,1,3,23,20,0,552,44,3091,0.0139100003242493,252,0.00397000014781952,1.3160709255012,1.46209938100158,43.2692161353063,559.549635931575,44
"286",2020-12-11,9150,553,386,49,43.4,39,6,2,30,1,2,23,21,0,553,36,3047,0.0118099999427795,32,0,1.16872587936503,1.47081086549392,37.4690273639469,544.843670340628,39
"287",2020-12-12,9179,538,387,56,45,29,2,5,22,0,2,20,18,1,553,24,2616,0.0156700003147125,24,0,1.5527545766397,1.45122017548018,28.5297042672659,527.457537324543,29
"288",2020-12-13,9219,536,388,28,44.3,40,5,2,33,0,2,19,17,1,553,38,1502,0.0119799995422363,47,0,1.16165005244926,1.39534589961632,39.442922149154,528.142270314383,40
"289",2020-12-14,9261,533,388,19,43.6,42,3,4,35,2,2,20,18,0,555,38,917,0.0174500000476837,20,0,1.70775347318313,1.39103203310222,41.1810342257466,521.512927429551,42
"290",2020-12-15,9309,543,389,51,42.7,48,2,7,38,1,1,20,19,1,556,40,2079,0.0134700000286102,49,0,1.31598355542672,1.30932050589635,46.3356951362689,533.982061474851,48
"291",2020-12-16,9363,559,389,54,44.9,54,3,4,46,0,1,18,17,0,556,49,2312,0.0168700003623962,94,0,1.62109064164007,1.4062898720293,51.9975554543571,547.56394895889,54
"292",2020-12-17,9401,555,390,60,45.3,38,1,5,30,1,0,17,17,1,557,31,3207,0.0134099996089935,83,0.0241000008583069,1.36796865706023,1.41370383368059,35.4648262304333,545.418663157757,38
"293",2020-12-18,9442,544,390,23,41.6,41,3,4,34,0,0,16,16,0,557,37,3298,0.00727999985218048,170,0.00587999999523163,0.72113724082124,1.34976259960291,40.6632740193214,539.049218013806,41
"294",2020-12-19,9481,541,390,46,40.1,39,1,7,28,3,0,19,19,0,560,29,2799,0.0117900002002716,140,0,1.12283805922287,1.28834595425765,35.5890659756993,533.333954925977,39
"295",2020-12-20,9525,536,390,24,39.6,44,5,2,34,0,0,16,16,0,560,39,1360,0.0161800003051758,51,0,1.55951810170369,1.34518424700828,40.2324405807564,525.450978238088,44
"296",2020-12-21,9599,556,390,28,40.9,74,7,8,59,1,0,15,15,0,561,66,1365,0.00658999979496002,32,0.03125,0.715486737302823,1.20343185616824,73.4040600477241,550.979657371737,74
"297",2020-12-22,9681,598,390,67,43.1,82,5,7,68,2,0,15,15,0,563,73,3021,0.0225099992752075,48,0,2.21579367254487,1.33197615861369,77.9586890911989,581.278028445712,82
"298",2020-12-23,9781,665,390,52,42.9,100,5,6,88,1,1,13,12,0,564,93,2652,0.0199800002574921,199,0.0150800001621246,1.96379799070964,1.38093435133791,96.695181462094,648.519308304221,100
"299",2020-12-24,9854,693,390,55,42.1,73,11,5,55,2,1,13,12,0,566,66,3469,0.01557000041008,144,0,1.49494413015686,1.39907370463743,69.7548379485842,679.925798460134,73
"300",2020-12-25,9917,722,390,52,46.3,63,6,2,54,0,1,10,9,0,566,60,2537,0.0295600008964539,161,0,2.77960423551903,1.69314041816568,59.8952951897214,696.673385449647,63
"301",2020-12-26,10010,765,390,86,52,93,5,4,83,2,2,12,10,0,568,88,951,0.0199800002574921,50,0,1.89819982466283,1.80390638465711,89.8919467379014,746.674309710166,93
"302",2020-12-27,10121,830,391,35,53.6,111,8,6,95,2,4,12,8,1,570,103,1480,0.0270300006866455,32,0.0625,2.77806885028012,1.97798506302517,105.388919183958,800.900999249366,111
"303",2020-12-28,10255,926,391,65,58.9,134,15,7,110,1,2,13,11,0,571,125,1188,0.04125,39,0.0256399989128113,4.07538385962507,2.45797036621406,125.571117140019,878.374835773257,134
"304",2020-12-29,10375,1003,391,112,65.3,120,5,15,100,3,4,12,8,0,574,105,1880,0.0505299997329712,25,0.04,5.03918107600976,2.8613114238519,113.322617694535,939.215100453512,120
"305",2020-12-30,10512,1094,391,88,70.4,137,12,10,115,3,5,13,8,0,577,127,2458,0.0573600006103516,62,0,5.59487625000969,3.38003688946619,128.032917106561,1016.75599460297,137
"306",2020-12-31,10638,1182,391,147,83.6,126,0,9,117,2,5,13,8,0,579,117,2652,0.0331800007820129,144,0,3.14711595400209,3.6160614357298,121.353182836466,1135.0552317325,126
"307",2021-01-01,10755,1237,392,88,88.7,117,0,5,111,2,6,13,7,1,581,111,2759,0.0391400003433228,134,0.0149300003051758,3.80186246070242,3.76209832504171,110.674304169783,1177.64967800019,117
"308",2021-01-02,10867,1296,392,133,95.4,112,2,8,100,2,6,15,9,0,583,102,2369,0.0295499992370605,431,0,2.50014100687844,3.84808992250108,106.781736100511,1255.10911751237,112
"309",2021-01-03,10990,1323,393,107,105.7,123,0,5,118,3,5,18,13,1,586,118,1516,0.0600299978256226,126,0.0238100004196167,5.72506313986087,4.26908910672691,114.474511625759,1227.41338034644,123
"310",2021-01-04,11166,1435,393,115,112.9,176,4,30,141,5,8,21,13,0,591,145,1386,0.0533900022506714,155,0.00644999980926514,4.86685873393035,4.38215694591337,166.094183935032,1346.86313066739,176
"311",2021-01-05,11309,1510,395,106,112,143,2,19,122,6,8,23,15,2,597,124,2417,0.0575099992752075,97,0.0103100001811981,5.56888378145397,4.45782876097683,134.285412833933,1403.87881757451,143
"312",2021-01-06,11493,1605,395,132,118.3,184,11,42,130,7,7,28,21,0,604,141,2627,0.0513899993896484,211,0.0142200005054474,4.86264793880394,4.35322471651887,174.347354351647,1506.50711868364,184
"313",2021-01-07,11609,1639,395,188,124.1,116,2,7,106,6,9,32,23,0,610,108,2311,0.048899998664856,91,0.0109899997711182,4.74637747267502,4.58169064775786,108.530912758417,1540.82561121338,116
"314",2021-01-08,11742,1671,395,186,138.1,133,6,13,113,0,11,30,19,0,610,119,2661,0.0368300008773804,249,0,3.36785678126148,4.51968983640915,126.942247718845,1599.97895746379,133
"315",2021-01-09,11842,1682,397,153,141,100,6,2,92,4,11,30,19,2,614,98,3020,0.0324499988555908,375,0.00266999989748001,2.91606027998348,4.57910687542416,96.3935530224541,1620.10159371192,100
"316",2021-01-10,11935,1666,397,120,142.9,93,5,3,83,5,11,34,23,0,619,88,1824,0.0509899997711182,78,0,4.88989272252994,4.45979681580545,85.569510453478,1563.19095926698,93
"317",2021-01-11,12099,1717,397,66,135.9,164,2,25,135,3,13,34,21,0,622,137,1608,0.0342000007629395,115,0,3.1917354165297,4.22049348474822,156.48171116479,1647.8401318974,164
"318",2021-01-12,12239,1745,398,159,143.4,140,1,22,115,4,13,35,22,1,626,116,2211,0.0705600023269653,74,0.0135099995136261,6.87124311198813,4.40654481768167,127.94110482535,1593.68299931238,140
"319",2021-01-13,12328,1733,402,172,149.1,89,0,9,76,2,11,34,23,4,628,76,2532,0.0375200009346008,173,0.0115600001811981,3.58597125315181,4.22416243401708,81.5606420716992,1654.57358829283,89
"320",2021-01-14,12420,1721,402,130,140.9,92,2,14,75,9,10,41,31,0,637,77,2581,0.0337100005149841,146,0,3.19052113418313,4.00189724280395,87.8996599579994,1651.70538685347,92
"321",2021-01-15,12515,1689,404,144,134.9,95,6,7,80,5,11,41,30,2,642,86,2923,0.0372900009155273,206,0.00485000014305115,3.51542897748658,4.02297898512182,89.1846554995592,1614.06840859018,95
"322",2021-01-16,12576,1640,405,119,130,61,0,1,58,2,9,39,30,1,644,58,2470,0.0323900008201599,289,0,2.89972098679938,4.02064480038124,56.877531840559,1579.98538307787,61
"323",2021-01-17,12656,1579,407,74,123.4,80,2,3,72,2,9,39,30,2,646,74,2036,0.026029999256134,32,0,2.5627213967838,3.68819175384607,74.6067388377961,1527.9329814173,80
"324",2021-01-18,12777,1600,408,63,123,121,2,45,72,7,10,43,33,1,653,74,1021,0.0391799998283386,48,0,3.74207481990026,3.7668116686133,115.505370289659,1524.44043869532,121
"325",2021-01-19,12851,1541,415,81,111.9,74,3,24,47,8,9,45,36,7,661,50,2337,0.0410799980163574,89,0,3.95729412053699,3.35053324126313,71.5029610736333,1464.04126028938,74
"326",2021-01-20,12912,1499,415,166,111,61,1,8,50,2,7,37,30,0,663,51,3065,0.0225099992752075,163,0.00612999975681305,2.16828803404187,3.14800706710457,57.6044540918986,1457.98189575992,61
"327",2021-01-21,12983,1468,417,81,104,71,1,9,60,3,7,37,30,2,666,61,2636,0.0242799997329712,117,0,2.32481217929938,3.02433435926404,68.2103228811698,1424.93039327143,71
"328",2021-01-22,13062,1437,418,95,97,79,1,3,74,5,6,37,31,1,671,75,2311,0.0307200002670288,111,0.00901000022888184,2.97250332958338,2.94677355242072,75.1865409936789,1383.09412543889,79
"329",2021-01-23,13110,1371,418,84,92,48,1,4,40,4,9,39,30,0,675,41,2122,0.0329900002479553,276,0,2.91929860409346,2.9495703548913,43.4895047816364,1320.49051355179,48
"330",2021-01-24,13156,1287,419,44,87.7,46,2,9,35,2,8,37,29,1,677,37,1247,0.0224499988555908,36,0,2.18200690357925,2.8951825701478,44.9811392716058,1251.56016871775,46
"331",2021-01-25,13219,1228,419,29,82.9,63,1,18,43,4,7,38,31,0,681,44,825,0.0206100010871887,48,0,1.94768051511234,2.63884052660667,60.9184978815026,1197.81625905648,63
"332",2021-01-26,13281,1165,420,74,81.9,62,1,19,40,8,5,40,35,1,689,41,2354,0.024210000038147,79,0,2.3423896461076,2.40813988740247,58.7880073812837,1130.56167315111,62
"333",2021-01-27,13359,1124,422,80,69.6,78,0,27,50,1,4,30,26,2,690,50,2800,0.0196399998664856,175,0.00570999979972839,1.88205880978528,2.36724999822296,75.812427389373,1097.3033677131,78
"334",2021-01-28,13397,1063,422,66,67.4,38,1,3,33,3,5,30,25,0,693,34,2355,0.0212299990653992,209,0.0287100005149841,2.18397183723271,2.34712994935629,36.0629064918165,1033.70204708238,38
"335",2021-01-29,13426,961,422,73,64.3,29,1,2,26,3,4,31,27,0,696,27,2847,0.0122899997234344,180,0.00555999994277954,1.18898015204223,2.09234092399327,28.5948691198523,946.580341636224,29
"336",2021-01-30,13445,864,423,42,58.3,19,1,6,12,2,5,33,28,1,698,13,2155,0.0157799994945526,216,0,1.43424288953019,1.88019010762709,18.7646993990987,848.361560063174,19
"337",2021-01-31,13487,805,424,25,55.6,42,3,5,34,4,6,32,26,1,702,37,922,0.0195200002193451,24,0,1.90247782264653,1.84025738177955,41.1116618664424,785.672643310436,42
"338",2021-02-01,13527,714,424,26,55.1,40,6,7,25,4,5,29,24,0,706,31,548,0.0292000007629395,29,0,2.77324097367259,1.9581945901453,36.9150586030336,689.011349760193,40
"339",2021-02-02,13569,651,425,59,53,42,4,5,31,3,5,27,22,1,709,35,2439,0.0221399998664856,107,0.0280399990081787,2.23879574109322,1.94339546085754,39.0111293322179,632.607005579253,42
"340",2021-02-03,13632,636,425,54,49.3,63,4,22,36,2,4,26,22,0,711,40,2865,0.0129100000858307,212,0,1.20205233168362,1.84625167827158,61.3932073033103,626.351996122633,63
"341",2021-02-04,13714,638,425,51,47.1,82,3,43,33,2,5,25,20,0,713,36,2814,0.0127900004386902,90,0,1.23936161275738,1.71130736048939,78.4369363131529,628.021260216432,82
"342",2021-02-05,13772,638,427,72,47,58,1,8,48,2,5,21,16,2,715,49,2435,0.0160199999809265,149,0,1.50962461120573,1.75711371179847,56.066483441086,625.845233375773,58
"343",2021-02-06,13797,607,427,61,49.7,25,1,4,19,3,6,21,15,0,718,20,2369,0.0143499994277954,205,0.0146300005912781,1.43722994427581,1.75754043390498,23.6372451470441,595.990390212789,25
"344",2021-02-07,13822,562,429,33,50.9,25,1,2,19,3,4,23,19,2,721,20,1004,0.0249000000953674,75,0,2.31692308579693,1.81674690006933,21.4152118130813,545.567451947583,25
"345",2021-02-08,13869,558,431,23,50.4,47,1,7,38,2,5,21,16,2,723,39,852,0.0140799999237061,29,0,1.36165266004513,1.61509142669397,45.3298254609459,548.411348902765,47
"346",2021-02-09,13924,577,431,43,48.1,55,5,8,39,0,2,18,16,0,723,44,2244,0.0178299999237061,149,0,1.67198160588368,1.5341179788069,51.0715871341211,564.825131281543,55
"347",2021-02-10,13981,594,432,41,46.3,57,0,6,50,3,4,19,15,1,726,50,2791,0.0125399994850159,100,0,1.21062395581734,1.53534249654028,55.2361004639055,584.924873511197,57
"348",2021-02-11,14041,620,433,51,46.3,60,1,11,46,1,3,16,13,1,727,47,2563,0.0152199995517731,58,0,1.48831968146488,1.57090793492707,57.1172228946552,608.35485520609,60
"349",2021-02-12,14092,623,435,52,43.4,51,0,8,41,3,2,16,14,2,730,41,2612,0.0157000005245209,173,0,1.47247401687786,1.56560070716595,48.2381166631807,611.423089784428,51
"350",2021-02-13,14125,622,435,46,41.3,33,0,3,29,6,2,21,19,0,736,29,2099,0.0219199991226196,46,0.0217400002479553,2.19161390068926,1.67336984379644,31.1979175335873,604.796713996252,33
"351",2021-02-14,14166,597,437,48,43.4,41,0,4,35,4,2,21,19,2,740,35,1175,0.0170200002193451,10,0,1.6876371525511,1.58347185333275,38.2545747486539,584.285174998467,41
"352",2021-02-15,14228,619,438,34,45,62,2,8,51,4,2,23,21,1,744,53,867,0.0265300011634827,26,0,2.57575711184093,1.75691534644643,59.2771885253261,598.878862210885,62
"353",2021-02-16,14279,614,438,61,47.6,51,3,13,32,3,2,24,22,0,747,35,1561,0.0333100008964539,23,0,3.28263329541442,1.98700844495083,46.5500688073781,588.564064220861,51
"354",2021-02-17,14336,629,439,49,48.7,57,5,6,44,2,2,25,23,1,749,49,2063,0.0184200000762939,222,0,1.66303983183345,2.0516392843817,53.9716150560701,615.798895311593,57
"355",2021-02-18,14408,645,439,68,51.1,72,3,12,53,3,3,26,23,0,752,56,2348,0.0212899994850159,116,0,2.02877105482213,2.12884662343274,66.5662347656393,628.486096854238,72
"356",2021-02-19,14462,649,440,58,52,54,2,16,33,1,3,26,23,1,753,35,2576,0.0151400005817413,96,0,1.45960484650321,2.12700817052207,50.3552960670924,637.045347072656,54
"357",2021-02-20,14510,627,440,66,54.9,48,0,3,44,4,3,26,23,0,757,44,2384,0.0255900001525879,68,0,2.48803264126303,2.16935370488975,45.6184527947278,607.312952324871,48
"358",2021-02-21,14552,616,440,53,55.6,42,0,7,33,2,4,24,20,0,759,33,1000,0.03,28,0,2.91828793774319,2.34516095991719,38.7846564557563,593.313587174118,42
"359",2021-02-22,14617,631,440,32,55.3,65,0,11,54,1,6,23,17,0,760,54,863,0.0150600004196167,66,0,1.39900757396439,2.17705388307769,64.0466095354073,619.859455867445,65
"360",2021-02-23,14672,637,440,47,53.3,55,0,7,47,3,6,25,19,0,763,47,2036,0.019650000333786,84,0,1.88714154149001,1.97769791823135,52.8806669910238,621.829465388983,55
"361",2021-02-24,14718,643,441,60,54.9,46,2,10,34,1,6,24,18,1,764,36,2874,0.0187899994850159,41,0,1.85257147581254,2.00477386737122,45.1583443326133,627.96709460751,46
"362",2021-02-25,14751,639,441,43,51.3,33,1,5,25,1,6,23,17,0,765,26,2376,0.0185199999809265,128,0.00781000018119812,1.79725239528254,1.97169977315127,30.410288770935,624.506712485671,33
"363",2021-02-26,14816,642,441,56,51,65,5,12,43,1,6,21,15,0,766,48,2639,0.0181900000572205,181,0,1.70224858691506,2.00636316463868,58.9688515383914,628.208389325985,65
"364",2021-02-27,14863,648,442,71,51.7,47,0,5,34,3,6,23,17,1,769,34,2535,0.0209100008010864,47,0.0212800002098083,2.09167358794017,1.94974044273542,38.1025096079164,630.894888997936,47
"365",2021-02-28,14928,659,442,50,51.3,65,2,8,54,7,6,28,22,0,776,56,1552,0.0257699990272522,94,0,2.42983222905804,1.87996105578039,62.2827983635354,638.792216456604,65
"366",2021-03-01,15006,675,442,54,54.4,78,4,7,65,3,6,29,23,0,779,69,996,0.0291199994087219,45,0,2.78612098089213,2.07812011391293,73.5739148476949,651.266558292667,78
"367",2021-03-02,15070,685,443,62,56.6,64,1,6,55,3,4,29,25,1,782,56,2006,0.0259200000762939,41,0,2.54008403287961,2.17139761268287,60.2048816350956,663.041855715009,64
"368",2021-03-03,15129,695,443,65,57.3,59,0,5,51,6,5,32,27,0,788,51,2676,0.0209299993515015,109,0,2.01108360016581,2.19404220187619,54.7056334559807,677.361083370717,59
"369",2021-03-04,15187,692,443,61,59.9,58,3,3,51,1,5,31,26,0,789,54,2414,0.0202999997138977,225,0.00444000005722046,1.89477829944008,2.2079744738987,55.7087535501439,675.452915864808,58
"370",2021-03-05,15260,696,444,52,59.3,73,1,10,57,1,2,28,26,1,790,58,2440,0.0188499999046326,154,0,1.77309174122218,2.218094924514,66.7021748707396,680.426098448876,73
"371",2021-03-06,15317,710,446,46,55.7,57,3,3,48,0,2,26,24,2,790,51,1957,0.0209500002861023,25,0,2.06857470029779,2.21479508342224,52.6686312365883,691.46525839172,57
"372",2021-03-07,15357,701,447,55,56.4,40,1,0,38,2,5,25,20,1,792,39,1752,0.0194099998474121,16,0.0625,1.97999545999242,2.15053268784143,38.0254911669724,683.483828411477,40
"373",2021-03-08,15440,743,448,38,54.1,83,1,9,65,6,4,29,25,1,798,66,1170,0.0205100011825562,142,0,1.82901687374929,2.01380352967817,73.4765836015873,725.850024484536,83
"374",2021-03-09,15497,750,448,70,55.3,57,0,8,47,1,3,27,24,0,799,47,2105,0.0318300008773804,57,0,3.09908195406502,2.0936603755618,53.1618205882064,720.667349811805,57
"375",2021-03-10,15578,774,448,76,56.9,81,5,8,65,0,2,24,22,0,799,70,2655,0.0180799996852875,173,0,1.69739742448509,2.04884806475027,76.5005273202614,757.420116369748,81
"376",2021-03-11,15639,771,451,73,58.6,61,1,7,52,1,2,20,18,3,800,53,2321,0.0280100011825562,86,0,2.70092283941474,2.16401157046093,58.1934706348819,744.720110556489,61
"377",2021-03-12,15721,776,451,94,64.6,82,5,4,68,2,2,17,15,0,802,73,2361,0.0228699994087219,133,0,2.16503883736938,2.22000401276768,75.0054472347941,754.797630879455,82
"378",2021-03-13,15789,794,451,56,66,68,5,3,54,5,4,22,18,0,807,59,2353,0.0187000000476837,99,0,1.79449837325448,2.18085025176149,60.6638597125457,776.018722233243,68
"379",2021-03-14,15857,819,451,65,67.4,68,2,10,51,2,3,23,20,0,809,53,1535,0.0299699997901916,36,0,2.92832270387932,2.31632557231676,61.0413727938091,788.733666379805,68
"380",2021-03-15,15964,864,452,59,70.4,107,4,3,97,4,5,25,20,1,813,101,1000,0.0320000004768372,13,0,3.15893390689409,2.50631371990887,99.9735816959866,829.556184013192,107
"381",2021-03-16,16050,880,453,85,72.6,86,7,4,72,5,6,27,21,1,818,79,1583,0.0341100001335144,9,0,3.39171672181867,2.54811868673083,79.6185447658623,842.333156885555,86
"382",2021-03-17,16138,907,454,77,72.7,88,3,5,76,3,5,27,22,1,821,79,2842,0.0267400002479553,175,0,2.51889561500461,2.66547557109076,81.488725191343,878.168022133521,88
"383",2021-03-18,16232,944,455,63,71.3,94,6,3,81,2,5,24,19,1,823,87,2566,0.0284500002861023,161,0,2.67703339692477,2.66206279359219,87.060794035392,912.107926085174,94
"384",2021-03-19,16359,996,457,118,74.7,127,7,6,106,2,4,24,20,2,825,113,2615,0.0382399988174438,97,0,3.6872270246171,2.87951824891329,113.741821801805,949.653579775201,127
"385",2021-03-20,16462,1050,458,84,78.7,103,5,6,87,4,4,27,23,1,829,92,1997,0.0435699987411499,151,0.00662000000476837,4.09724895189927,3.20848261729112,93.2429561072313,995.707651223836,103
"386",2021-03-21,16546,1077,459,88,82,84,5,1,76,4,4,29,25,1,833,81,1306,0.0421099996566772,87,0,3.94800140356213,3.35415100296009,77.9642960884531,1023.34008502795,84
"387",2021-03-22,16697,1155,460,55,81.4,151,6,6,136,4,7,30,23,1,837,142,1150,0.0547800016403198,131,0,4.91779874210521,3.60541740799025,139.187156165709,1083.31806599573,151
"388",2021-03-23,16820,1191,461,109,84.9,123,2,0,119,5,9,31,22,1,842,121,1966,0.0350999999046326,153,0,3.25656440832976,3.58610993463469,116.02718822821,1142.05273702312,123
"389",2021-03-24,16977,1284,461,88,86.4,157,7,2,141,4,9,33,24,0,846,148,3106,0.0457200002670288,47,0,4.50384779033909,3.86967453111105,141.587939281559,1211.01968944272,157
"390",2021-03-25,17130,1370,462,127,95.6,153,7,4,136,8,10,40,30,1,854,143,3005,0.0379399991035461,282,0,3.46850311244771,3.98274163332861,140.740565424453,1310.03199043008,153
"391",2021-03-26,17281,1456,463,107,94,151,10,2,132,4,11,42,31,1,858,142,2390,0.0673600006103516,117,0,6.42163547900839,4.37337141252737,132.492235326203,1338.00489179543,151
"392",2021-03-27,17403,1515,465,139,101.9,122,6,3,107,5,13,44,31,2,863,113,2476,0.0626000022888184,117,0,5.97753974805686,4.64198438340702,107.475716311409,1400.7142496618,122
"393",2021-03-28,17542,1576,466,143,109.7,139,3,5,126,5,13,45,32,1,868,129,2480,0.0826599979400635,157,0,7.77386404593695,5.18853618946057,121.344374061549,1421.38553117056,139
"394",2021-03-29,17752,1725,466,114,118.1,210,7,1,190,4,12,47,35,0,872,197,1644,0.0839400005340576,40,0,8.19461762933437,5.65665317335045,177.627144806415,1546.60824767038,210
"395",2021-03-30,17964,1859,467,169,126.7,212,9,6,189,6,12,48,36,1,878,198,1968,0.0406500005722046,64,0,3.93696855935525,5.75385376635409,194.162514272934,1766.63693956255,212
"396",2021-03-31,18174,1964,468,169,138.3,210,7,5,193,8,14,54,40,1,886,200,3023,0.0793900012969971,224,0,7.3913142568778,6.16634897585962,186.344424898164,1780.80225249997,210
"397",2021-04-01,18419,2107,469,145,140.9,245,11,4,213,4,15,53,38,1,890,224,2634,0.0721299982070923,100,0.01,6.98575037591372,6.66881287064048,208.252230036305,1921.247538779,245
"398",2021-04-02,18618,2199,470,248,161,199,14,7,164,6,15,57,42,1,896,178,3130,0.0939299964904785,99,0,9.10501359601108,7.05215260164086,164.546973576566,1946.32469042062,199
"399",2021-04-03,18872,2382,470,229,173.9,254,14,3,228,11,14,61,47,0,907,242,2885,0.101909999847412,36,0,10.0654005326869,7.63613271373086,214.260032364965,2079.42726071631,254
"400",2021-04-04,19103,2543,471,155,175.6,231,9,2,216,12,15,64,49,1,919,225,1818,0.0929599952697754,139,0,8.63573180380438,7.7592566791405,202.478973721124,2265.85791187919,231
"401",2021-04-05,19390,2688,472,186,185.9,287,7,4,272,5,17,67,50,1,924,279,2045,0.105620002746582,162,0,9.78671978326961,7.98669984398839,248.541343933823,2356.01122757747,287
"402",2021-04-06,19666,2824,473,156,184,276,6,6,249,10,19,71,52,1,934,255,1749,0.128640003204346,83,0,12.2811880788428,9.17873120391518,221.478124905517,2386.31460679679,276
"403",2021-04-07,19984,2973,474,222,191.6,318,2,7,300,12,23,77,54,1,946,302,3364,0.098100004196167,44,0,9.68334548462165,9.50616423645002,272.094648299726,2609.69003110955,318
"404",2021-04-08,20283,3146,475,175,195.9,299,23,5,259,10,29,84,55,1,956,282,3366,0.0858600044250488,194,0.0103100001811981,8.1742953631985,9.6759563774907,257.909149873545,2821.46165071693,299
"405",2021-04-09,20585,3302,477,268,198.7,302,12,2,283,14,30,89,59,2,970,295,3418,0.110299997329712,158,0,10.542656344322,9.8813339129637,257.750959464826,2862.67684119612,302
"406",2021-04-10,20872,3460,480,383,220.7,287,12,2,262,14,26,93,67,3,984,274,3187,0.0875399971008301,97,0,8.49543150914572,9.65705262388639,246.623978037514,3089.04731390438,287
"407",2021-04-11,21145,3600,480,207,228.1,273,9,4,253,13,29,101,72,0,997,262,2714,0.145909996032715,29,0,14.43673821483,10.4857678254615,218.266052495114,2944.11369840615,273
"408",2021-04-12,21461,3695,481,266,239.6,316,16,4,293,16,28,101,73,1,1013,309,2125,0.0804699993133545,107,0,7.66123425362358,10.182127035512,283.124567606366,3337.75170649037,316
"409",2021-04-13,21699,3718,483,250,253,238,13,0,221,12,29,105,76,2,1025,234,2670,0.0767799997329712,178,0,7.19812497496605,9.45597516352965,212.743477413726,3380.25747446254,238
"410",2021-04-14,21972,3787,485,394,277.6,273,12,9,249,13,29,103,74,2,1038,261,3961,0.169400005340576,97,0.0103100001811981,16.5597213201478,10.4383145686048,215.455557186172,2995.5831228507,273
"411",2021-04-15,22201,3789,485,323,298.7,229,14,3,210,19,30,109,79,0,1057,224,3864,0.122410001754761,98,0.0101999998092651,11.9634489339148,10.9796222215643,193.180950534114,3216.94473916856,229
"412",2021-04-16,22439,3831,487,355,311.1,238,4,10,218,20,25,116,91,2,1077,222,2938,0.110959997177124,243,0,10.2483644044763,10.937580515872,203.287929461088,3335.52278272715,238
"413",2021-04-17,22620,3772,490,402,313.9,181,5,7,168,16,24,125,101,3,1093,173,2922,0.0978800010681152,121,0.00825999975204468,9.43164058794052,11.0713246699856,159.408389046404,3323.03146521985,181
"414",2021-04-18,22781,3709,490,295,326.4,161,3,8,147,10,22,122,100,0,1103,150,1944,0.063270001411438,188,0.0159599995613098,5.90982001225899,9.85319349818972,146.812771932836,3432.37714065926,161
"415",2021-04-19,23006,3643,491,255,324.9,225,3,4,218,22,22,116,94,1,1125,221,2053,0.0998499965667725,88,0.0340899991989136,9.71471101733247,10.1465473215767,197.905624937722,3196.37190791005,225
"416",2021-04-20,23199,3533,492,191,316.4,193,6,2,185,17,28,120,92,1,1142,191,2749,0.0923999977111816,221,0,8.55244423259388,10.3400215012378,172.385130176573,3151.67887389442,193
"417",2021-04-21,23395,3424,493,206,289.6,196,3,3,184,11,26,111,85,1,1153,187,2419,0.10168999671936,233,0.00857999980449677,9.35095181065537,9.31019728559604,167.932435536748,3019.93935442688,196
"418",2021-04-22,23569,3311,496,238,277.4,174,2,4,164,14,23,107,84,3,1167,166,2312,0.146630001068115,211,0,13.4367246321634,9.5206652424887,141.851290862143,2749.55195207563,174
"419",2021-04-23,23777,3228,499,188,253.6,208,3,6,191,21,30,113,83,3,1188,194,2486,0.0756199979782105,87,0.0229900002479553,7.38404372310157,9.11147657372089,181.921892356251,2927.19519858752,208
"420",2021-04-24,23933,3104,500,228,228.7,156,2,3,149,18,32,119,87,1,1206,151,2415,0.0666699981689453,214,0.00467000007629395,6.16232124740699,8.64443095364467,142.257021641601,2862.60791506973,156
"421",2021-04-25,24079,2967,505,139,206.4,146,1,5,138,21,31,125,94,5,1227,139,1607,0.127569999694824,91,0.0109899997711182,12.1322190511634,9.53334510205958,122.718020438929,2512.72925641944,146
"422",2021-04-26,24239,2824,509,172,194.6,160,2,7,147,11,32,123,91,4,1238,149,1263,0.0878899955749512,31,0,8.57844392667414,9.37102123196553,139.869353875379,2518.27553922195,160
"423",2021-04-27,24396,2723,510,189,194.3,157,1,5,147,10,32,120,88,1,1248,148,2410,0.0560200023651123,329,0.00607999980449677,5.00213675193867,8.86383444901479,143.657260183279,2551.10621269641,157
"424",2021-04-28,24559,2613,511,186,191.4,163,0,7,154,13,28,114,86,1,1261,154,2374,0.0568699979782104,38,0,5.59740361526831,8.32761327824521,150.12161754785,2428.42069254892,164
"425",2021-04-29,24683,2507,511,159,180.1,124,1,6,113,13,30,112,82,0,1274,114,2709,0.059060001373291,111,0.00901000022888184,5.70899481367558,7.22365187560409,111.786628284686,2326.37786938341,127
"426",2021-04-30,24830,2408,514,178,178.7,147,3,3,134,13,28,109,81,3,1287,137,2107,0.0612200021743774,179,0,5.64263099656226,6.97487862895562,130.244282947678,2236.52725064239,150
"427",2021-05-01,24947,2347,517,137,165.7,117,2,4,108,7,30,110,80,3,1294,110,2016,0.0744000005722046,69,0.0144900000095367,7.24173674600588,7.12908084304117,103.947076058372,2132.50715917273,122
"428",2021-05-02,25033,2273,517,128,164.1,86,0,1,83,8,28,108,80,0,1302,83,1276,0.0697499990463257,21,0.0476200008392334,6.93916875873057,6.38721651555077,76.7315380646986,2073.9492291694,93
"429",2021-05-03,25135,2153,520,103,154.3,102,2,4,96,10,23,99,76,3,1312,98,930,0.132259998321533,139,0,11.506248684661,6.80547433812032,87.7696097448567,1840.36703857833,110
"430",2021-05-04,25232,2047,521,141,147.4,97,0,2,92,9,24,96,72,1,1321,92,2376,0.0353500008583069,55,0,3.45502270832321,6.58445804617525,89.9886023849278,1957.74640306464,108
"431",2021-05-05,25309,1925,522,114,137.1,77,1,2,71,8,23,89,66,1,1329,72,1873,0.0640700006484985,63,0,6.19850781067344,6.67033007409027,68.3678186819694,1774.41737448321,93
"432",2021-05-06,25393,1833,523,123,132,84,1,5,74,13,21,89,68,1,1342,75,2107,0.0441400003433228,246,0,3.95252786754701,6.41940622464333,76.2589528442197,1741.56880751273,107
"433",2021-05-07,25473,1704,525,108,122,80,1,3,74,19,22,95,73,2,1361,75,2289,0.0480600023269653,81,0,4.64174452854108,6.27642244349745,73.6066128441659,1604.18224381945,114
"434",2021-05-08,25516,1587,526,136,121.9,43,0,2,41,4,20,86,66,1,1365,41,1887,0.044520001411438,85,0,4.26010358333588,5.85047484883031,40.7957492654778,1501.67936791008,90
"435",2021-05-09,25548,1478,528,69,113.4,32,0,1,31,3,20,82,62,2,1368,31,1134,0.149029998779297,123,0.00813000023365021,13.5242648086286,6.7912028559586,26.7090660733366,1225.74192439973,90
"436",2021-05-10,25628,1400,528,81,110.3,80,0,0,80,4,19,79,60,0,1372,80,680,0.0794099998474121,14,0,7.78080690147554,6.25899688693211,72.1445403370158,1262.52945589778,119
"437",2021-05-11,25628,1245,528,87,102.6,0,0,0,0,0,18,77,59,0,1372,0,1589,0.0862199974060059,14,0.0714300012588501,8.60908271339783,6.99529117337134,0,1109.73569347597,103
