"","date","observed_cumulative_cases","observed_active_cases","observed_cumulative_deaths","observed_new_cases","observed_daily_average_cases","observed_new_episodes","observed_new_cases_community_outbreak","observed_new_cases_institution_outbreak","observed_new_cases_sporadic","observed_new_ICU_p_acute_care","observed_census_ICU","observed_census_ICU_p_acute_care","observed_census_acute_care","observed_new_deaths","cumulative_hosp","observed_new_community_cases","num_non_ltch_tests","non_ltch_pct_positivity","num_ltch_tests","ltch_pct_positivity","observed_pct_positivity","pct_positivity_7_day","adjusted_new_episodes","adjusted_active_cases","adjusted_episode_cases"
"1",2020-03-01,7,7,0,0,0,2,0,0,2,0,0,1,1,0,0,2,NA,NA,NA,NA,NA,NA,NA,NA,2
"2",2020-03-02,10,10,0,0,0,3,2,0,1,0,0,1,1,0,0,3,NA,NA,NA,NA,NA,NA,NA,NA,3
"3",2020-03-03,11,11,0,0,0,1,0,0,1,0,0,1,1,0,0,1,NA,NA,NA,NA,NA,NA,NA,NA,1
"4",2020-03-04,12,12,0,0,0,1,0,0,1,0,0,1,1,0,0,1,NA,NA,NA,NA,NA,NA,NA,NA,1
"5",2020-03-05,18,17,0,0,0,6,2,0,4,0,0,1,1,0,0,6,NA,NA,NA,NA,NA,NA,NA,NA,6
"6",2020-03-06,23,22,0,0,0,5,0,1,4,0,0,1,1,0,0,4,NA,NA,NA,NA,NA,NA,NA,NA,5
"7",2020-03-07,27,26,0,0,0,4,0,0,4,0,0,1,1,0,0,4,NA,NA,NA,NA,NA,NA,NA,NA,4
"8",2020-03-08,36,35,0,0,0,9,1,0,8,0,0,1,1,0,0,9,NA,NA,NA,NA,NA,NA,NA,NA,9
"9",2020-03-09,45,44,0,1,0.1,9,0,0,9,0,0,1,1,0,0,9,NA,NA,NA,NA,NA,NA,NA,NA,9
"10",2020-03-10,52,51,0,0,0.1,7,1,0,6,0,0,1,1,0,0,7,NA,NA,NA,NA,NA,NA,NA,NA,7
"11",2020-03-11,61,60,0,0,0.1,9,0,0,9,0,0,1,1,0,0,9,NA,NA,NA,NA,NA,NA,NA,NA,9
"12",2020-03-12,75,74,0,3,0.6,14,1,0,13,0,0,1,1,0,0,14,NA,NA,NA,NA,NA,NA,NA,NA,14
"13",2020-03-13,97,96,0,1,0.7,22,2,2,18,0,0,1,1,0,0,20,NA,NA,NA,NA,NA,NA,NA,NA,22
"14",2020-03-14,115,114,0,4,1.3,18,1,1,16,1,0,2,2,0,1,17,NA,NA,NA,NA,NA,NA,NA,NA,18
"15",2020-03-15,142,140,0,4,1.9,27,1,0,26,0,0,2,2,0,1,27,NA,NA,NA,NA,NA,NA,NA,NA,27
"16",2020-03-16,157,155,0,0,1.7,15,0,0,15,0,0,2,2,0,1,15,NA,NA,NA,NA,NA,NA,NA,NA,15
"17",2020-03-17,180,177,0,5,2.4,23,1,0,22,2,0,4,4,0,3,23,133,0.00751999974250793,4,0,0.730043770623033,0.730043770623033,22.3502935882916,172.000085440331,23
"18",2020-03-18,196,192,0,4,3,16,0,0,16,0,0,3,3,0,3,16,205,0.0146300005912781,1,0,1.45589811709321,1.09297094385812,15.0986543146586,181.183851775903,16
"19",2020-03-19,221,217,0,1,2.7,25,0,0,25,4,0,7,7,0,7,25,114,0.0263199996948242,6,0,2.5003999710083,1.56211395290818,22.581255966854,196.005301792292,25
"20",2020-03-20,243,239,0,2,2.9,22,1,1,20,3,1,10,9,0,10,21,137,0.00730000019073486,6,0,0.69937064764383,1.34642812659209,21.4317137960046,232.532361773576,22
"21",2020-03-21,263,259,0,4,2.9,20,0,2,18,3,1,10,9,0,13,18,208,0.0144200003147125,3,0,1.42149766135555,1.36144203354478,19.0099455691056,244.754216799908,20
"22",2020-03-22,289,285,0,7,3.3,26,0,1,25,3,5,13,8,0,16,25,154,0.0194799995422363,2,0,1.92302559583615,1.45503929392668,24.1397749402308,263.793434318631,26
"23",2020-03-23,310,306,0,9,4.6,21,2,0,19,4,5,17,12,0,20,21,136,0.0294099998474121,2,0,2.89837679655656,1.66123036573095,18.64487178149,271.682417387426,21
"24",2020-03-24,328,322,1,8,5,18,1,3,14,3,7,20,13,1,23,15,262,0.0381699991226196,4,0,3.75960141734073,2.09402431526205,15.8179058709075,275.157712695482,18
"25",2020-03-25,351,345,1,8,5.6,23,0,1,22,4,8,23,15,0,27,22,148,0.0337800002098083,2,0,3.33296002070109,2.36217601577746,20.1627787611955,300.507212391475,23
"26",2020-03-26,365,355,1,19,8.1,14,1,3,10,2,7,25,18,0,29,11,281,0.0284699988365173,4,0,2.80704199054785,2.40598201856882,12.8052363208181,316.441717626401,14
"27",2020-03-27,382,363,1,27,11.7,17,3,2,12,5,9,26,17,0,34,15,572,0.0297199988365173,4,0,2.95136099557082,2.72769492541553,15.2870132265715,321.545720083031,17
"28",2020-03-28,407,385,2,26,14.9,25,1,1,23,3,8,25,17,1,37,24,364,0.0824199962615967,3,0,8.17462633221286,3.69242759268086,17.4086403224463,263.22193850591,25
"29",2020-03-29,426,397,2,11,15.4,19,5,4,10,7,8,31,23,0,44,15,187,0.0481300020217895,0,0,4.81300020217896,4.10528110787269,16.2065072015203,323.065557266903,19
"30",2020-03-30,451,407,3,48,21,25,8,3,14,4,12,32,20,1,48,22,545,0.0825699996948242,0,0,8.25699996948242,4.87079870400496,17.9711321057804,276.965943956937,25
"31",2020-03-31,468,404,3,51,27.1,17,2,3,12,6,13,34,21,0,54,14,937,0.0586999988555908,0,0,5.86999988555908,5.17228419946473,13.8201506467217,312.238632948255,17
"32",2020-04-01,495,406,3,37,31.3,27,6,4,16,3,15,33,18,0,57,22,581,0.0636800003051758,4,0.25,6.4953983209072,5.62406109949417,20.4707161333738,303.959579552261,27
"33",2020-04-02,512,402,6,32,33.1,17,5,4,7,6,14,34,20,3,63,12,110,0.0818200016021729,10,0,7.50016681353251,6.29450750277769,12.517488285745,285.335857572458,17
"34",2020-04-03,539,407,6,26,33,27,3,4,19,5,14,37,23,0,68,22,218,0.114680004119873,2,0,11.3637458627874,7.49627676952292,16.3264782913613,228.039848390184,27
"35",2020-04-04,556,415,7,18,31.9,17,3,7,6,7,14,43,29,1,75,9,316,0.0253200006484985,3,0,2.50818815201428,6.68678560092312,15.1265399652327,374.723787285728,17
"36",2020-04-05,583,426,8,40,36,27,4,8,13,4,13,43,30,1,79,17,421,0.0665100002288818,5,0.2,6.80767842637541,6.97173963295119,20.5219558471767,313.785481817486,27
"37",2020-04-06,602,426,9,40,34.9,19,3,7,9,4,12,44,32,1,83,12,238,0.121850004196167,4,0.25,12.3968185944991,7.56314229366785,13.2438525637934,221.656766014666,19
"38",2020-04-07,625,424,9,25,31.1,23,2,11,10,4,14,45,31,0,87,12,284,0.102110004425049,6,0,9.99973836438409,8.1531049335,18.3568758056662,259.942945133538,23
"39",2020-04-08,645,427,11,26,29.6,20,1,10,8,5,16,44,28,2,92,9,369,0.0433599996566772,6,0.333330001831055,4.79995196914673,7.91089831181993,17.3284482822848,347.694157392844,20
"40",2020-04-09,681,435,11,25,28.6,36,1,20,13,6,16,47,31,0,98,14,293,0.0955599975585937,5,0,9.39566418948589,8.18168365124184,28.910256000165,276.854382862268,36
"41",2020-04-10,715,451,11,36,30,34,0,20,13,4,16,49,33,0,102,13,332,0.0903600025177002,9,0,8.797513441606,7.8150790196445,28.5746899044678,297.475780531922,34
"42",2020-04-11,759,481,11,31,31.9,44,0,34,8,5,19,53,34,0,107,8,227,0.101319999694824,11,0.363639984130859,11.3444032588927,9.07739546348427,38.4883432397758,269.86163729152,44
"43",2020-04-12,792,496,13,35,31.1,33,0,18,14,1,18,49,31,2,108,14,227,0.101319999694824,11,0.545449981689453,12.1847015669366,9.84554162642158,25.3994009961004,262.150206718984,33
"44",2020-04-13,816,503,16,16,27.7,24,0,19,5,3,20,51,31,3,111,5,164,0.0548799991607666,26,0.0384599995613098,5.26330518471567,8.82646828216681,22.981715872839,400.560616807606,24
"45",2020-04-14,849,503,18,32,28.7,33,0,26,7,5,20,50,30,2,116,7,205,0.0585400009155273,18,0.166669998168945,6.72679827566104,8.35890541234923,31.1780063404161,372.076741318468,33
"46",2020-04-15,878,501,24,60,33.6,29,2,18,9,4,16,50,34,6,120,11,392,0.1071399974823,25,0.2,11.2707143916215,9.28330004413133,24.2028362101863,282.510994663942,29
"47",2020-04-16,948,550,24,21,33,70,1,55,13,7,13,52,39,0,127,14,309,0.0355999994277954,10,0,3.44840119849178,8.43369104541789,67.1319597044892,476.612702676361,70
"48",2020-04-17,980,554,26,73,38.3,32,0,26,6,0,13,49,36,2,127,6,376,0.0851099967956543,66,0.5,14.706189772662,9.27778766414017,28.585777394781,238.753446118113,32
"49",2020-04-18,1020,576,31,31,38.3,40,0,31,9,1,11,46,35,5,128,9,422,0.0616099977493286,8,0,6.0463765233062,8.52092670191354,37.8943891254641,441.2409040297,40
"50",2020-04-19,1037,579,35,38,38.7,17,0,13,4,5,15,47,32,4,133,4,452,0.0442500019073486,47,0.127659997940063,5.21062540386865,7.52463010718954,16.1935262037627,462.262917994655,17
"51",2020-04-20,1098,615,39,16,38.7,61,1,47,13,3,13,45,32,4,136,14,325,0.0523099994659424,43,0.0232599997520447,4.89155701515467,7.47152322582369,58.3501848868125,498.597407527834,61
"52",2020-04-21,1134,628,47,51,41.4,36,0,26,10,2,11,43,32,8,138,10,544,0.069850001335144,25,0.36,8.25982438072379,7.69052695511837,32.8039671784745,427.289138808199,36
"53",2020-04-22,1175,645,54,35,37.9,41,1,31,9,4,9,45,36,7,142,10,655,0.0244300007820129,122,0.106560001373291,3.73255735904247,6.61364737903565,39.5557349311729,551.844903060649,41
"54",2020-04-23,1220,660,57,50,42,45,0,35,10,5,11,48,37,3,147,10,774,0.0361800003051758,105,0.0285700011253357,3.52709560345464,6.62488943688749,43.6352357152282,569.92555720506,45
"55",2020-04-24,1261,667,65,38,37,41,0,36,5,7,10,48,38,8,154,5,519,0.040460000038147,94,0.106379995346069,5.05684495633423,5.24641160598352,40.0216594379702,536.489369025222,41
"56",2020-04-25,1362,739,78,53,40.1,101,0,95,6,4,9,48,39,13,158,6,557,0.0502699995040894,28,0.0357100009918213,4.95731106864081,5.09083082674561,99.8490993402575,597.247402075043,101
"57",2020-04-26,1416,758,87,88,47.3,54,0,41,13,5,9,50,41,9,163,13,356,0.0505600023269653,81,0.0123500001430511,4.34775991761712,4.96756432870967,51.8129972765499,630.480918124986,54
"58",2020-04-27,1477,782,95,87,57.4,61,0,54,7,8,11,56,45,8,171,7,269,0.0594799995422363,81,0.098769998550415,6.85728278841291,5.248382296318,59.142663827505,574.509016158412,61
"59",2020-04-28,1498,778,103,65,59.4,21,0,14,7,7,13,61,48,8,178,7,502,0.0597599983215332,11,0.272730007171631,6.43266066984359,4.9873589090494,19.2576752751578,584.353052010397,21
"60",2020-04-29,1523,767,111,29,58.6,25,0,17,8,7,13,62,49,8,185,8,669,0.0328800010681152,74,0.148649997711182,4.44102564538311,5.08856866424092,23.6252817910264,635.198891714661,25
"61",2020-04-30,1543,757,122,30,55.7,20,0,10,10,2,11,56,45,11,187,10,604,0.0430499982833862,5,0.4,4.59806222712074,5.24156389619321,18.220838952994,622.317508741643,20
"62",2020-05-01,1566,741,135,42,56.3,23,0,16,7,6,11,57,46,13,193,7,516,0.031010000705719,55,0.0909099960327148,3.67797025323123,5.04458179574993,22.0037996968376,635.545082193812,23
"63",2020-05-02,1587,742,139,22,51.9,21,0,15,6,4,12,57,45,4,197,6,508,0.049210000038147,27,0.037039999961853,4.85958131184088,5.03062040192137,19.871788503802,602.477844970179,21
"64",2020-05-03,1606,723,148,23,42.6,19,0,13,6,3,12,52,40,9,200,6,830,0.0216899991035461,231,0.0043299999833107,1.79103951480566,4.66537463009116,18.5841881756716,672.89467516843,19
"65",2020-05-04,1624,720,152,14,32.1,18,0,11,7,6,10,52,42,4,206,7,632,0.0110800004005432,24,0.125,1.5247805263938,3.90358859265986,17.5870040489547,677.520416463911,18
"66",2020-05-05,1649,720,156,29,27,25,0,24,1,3,9,50,41,4,209,1,923,0.0292499995231628,29,0.172409992218018,3.36109656871868,3.46479372107058,24.8699466906946,626.361617300146,25
"67",2020-05-06,1665,694,161,23,26.1,16,0,11,5,4,10,52,42,5,213,5,599,0.016690000295639,149,0.0134200000762939,1.60386232465984,3.05948467525297,15.6897030496929,650.93078329738,16
"68",2020-05-07,1688,672,167,32,26.4,23,0,16,7,6,10,54,44,6,219,7,811,0.0345300006866455,236,0.0169500005245209,3.05673645469498,2.83929527919215,22.1720645972655,592.518201337485,23
"69",2020-05-08,1701,639,173,16,22.7,13,0,8,5,4,8,54,46,6,223,5,723,0.00967999994754791,125,0.0480000019073486,1.5328585142094,2.53285074504618,12.7034400553599,601.099639075001,13
"70",2020-05-09,1718,623,179,12,21.3,17,0,12,5,5,7,52,45,6,228,5,1097,0.0154999995231628,172,0.0290700006484985,1.73392746953912,2.0863287675745,16.6645395321162,581.201625701675,17
"71",2020-05-10,1730,554,185,25,21.6,12,0,8,4,3,6,53,47,6,231,4,894,0.0178999996185303,308,0.0129900002479553,1.6641863340546,2.06820688461006,11.7424257998906,518.325973284848,12
"72",2020-05-11,1750,535,188,14,21.6,20,0,14,6,1,6,52,46,3,232,6,514,0.0116700005531311,186,0.0161300003528595,1.28550862142018,2.03402518389954,19.7015533824665,508.388509936597,20
"73",2020-05-12,1773,518,193,13,19.3,23,0,17,6,4,7,52,45,5,236,6,844,0.0118499994277954,330,0.00303000003099442,0.937078324300467,1.68773686326837,22.7824457560289,499.217816937159,23
"74",2020-05-13,1794,500,195,21,19,21,0,15,6,2,8,48,40,2,238,6,1248,0.0144200003147125,222,0.0135099995136261,1.42825716223036,1.66265041149273,20.6684125552073,472.367712933946,21
"75",2020-05-14,1808,472,198,25,18,14,0,10,4,2,7,46,39,3,240,4,1054,0.0265700006484985,127,0.0236199998855591,2.62527694064212,1.60101333805661,13.5936731397114,424.053430485948,14
"76",2020-05-15,1828,458,201,17,18.1,20,0,12,8,1,6,45,39,3,241,8,1163,0.012039999961853,137,0.0146000003814697,1.23097846214588,1.55788761633325,19.6189509717141,436.18494313063,20
"77",2020-05-16,1844,438,207,19,19.1,16,0,6,10,1,5,43,38,6,242,10,965,0.0134700000286102,25,0.04,1.41399495228372,1.51218297101105,15.4528728374036,414.035830278277,16
"78",2020-05-17,1856,398,212,15,17.7,12,0,9,3,1,3,43,40,5,243,3,354,0.0254200005531311,10,0.1,2.74689016368363,1.66685494667234,11.6811378529761,355.697621828169,12
"79",2020-05-18,1871,390,213,26,19.4,15,0,8,7,2,2,44,42,1,245,7,376,0.0398900008201599,17,0.0588199996948242,4.07088557333133,2.0647659398025,13.8973762257242,328.568104004633,15
"80",2020-05-19,1883,353,219,23,20.9,12,0,8,4,0,2,41,39,6,245,4,359,0.0390000009536743,31,0.225809993743896,5.38490003805894,2.700169041768,11.1665528723621,279.448290985951,12
"81",2020-05-20,1898,339,223,17,20.3,15,0,9,6,3,2,42,40,4,248,6,675,0.0296300005912781,36,0.0555600023269653,3.0942912071566,2.93817390532889,14.2816222862673,298.411659174101,15
"82",2020-05-21,1906,325,229,11,18.3,8,0,1,7,0,2,39,37,6,248,7,478,0.0209200000762939,36,0,1.94547860631683,2.84105985756813,7.47305545070517,300.534717354168,8
"83",2020-05-22,1913,309,233,7,16.9,7,0,3,4,1,2,37,35,4,249,4,517,0.00579999983310699,14,0,0.564708081679156,2.74587837464432,6.91259738801037,302.248148223801,7
"84",2020-05-23,1922,305,236,6,15,9,1,3,5,1,1,36,35,3,250,6,581,0.00861000001430511,43,0,0.801668270562704,2.65840313439846,8.81388286336886,295.539045554584,9
"85",2020-05-24,1931,301,237,8,14,9,0,3,6,1,2,37,35,1,251,6,331,0.015110000371933,25,0.04,1.68578936042411,2.50681730536138,8.60862329189461,281.365935143379,9
"86",2020-05-25,1946,297,240,6,11.1,15,1,7,7,0,2,36,34,3,251,8,401,0.0174600005149841,8,0,1.71184846124906,2.16981200363534,14.4700978020406,277.327380900758,15
"87",2020-05-26,1952,287,243,16,10.1,6,0,2,4,1,2,36,34,3,252,4,1123,0.00800999999046326,41,0.0731699991226196,1.03051545990701,1.54775706389935,5.8405021181497,275.556026977241,6
"88",2020-05-27,1957,259,243,8,8.9,5,0,1,4,1,2,34,32,0,253,4,1150,0.00957000017166138,13,0.0769199991226196,1.03228376491871,1.25318457215108,4.84022842899626,248.654790777508,5
"89",2020-05-28,1961,234,244,4,7.9,4,0,2,2,1,1,31,30,1,254,2,1405,0.00284999996423721,88,0,0.268201604136188,1.01357357183956,3.97924456767857,231.571614418393,4
"90",2020-05-29,1968,224,247,7,7.9,7,0,3,4,2,1,32,31,3,256,4,1380,0.0065200001001358,37,0,0.634975309681539,1.02361174726847,6.90172178791905,218.496420123467,7
"91",2020-05-30,1971,206,248,15,9.1,3,1,1,1,0,1,31,30,1,256,2,1017,0.0127799999713898,119,0,1.14412499743868,1.07253413682219,2.91145910917246,196.880288244763,3
"92",2020-05-31,1975,191,249,10,9.4,4,0,1,3,3,1,34,33,1,259,3,1308,0.00535000026226044,11,0.0909099960327148,0.606354078801859,0.918329096590435,3.92961372610394,186.518740561951,4
"93",2020-06-01,1986,181,250,5,9.3,11,0,5,6,0,1,31,30,1,259,6,765,0.00130999997258186,20,0,0.127662417710207,0.692016804656314,10.9703616015351,180.105908312974,11
"94",2020-06-02,1989,162,251,8,8.1,3,0,1,2,0,1,26,25,1,259,2,857,0.00933000028133392,9,0,0.923303722991128,0.676700842239759,2.92854789964293,156.212379871077,3
"95",2020-06-03,1999,153,251,8,8.1,10,0,7,3,0,0,22,22,0,259,3,1112,0.00540000021457672,137,0,0.480768633995942,0.597912966393649,9.94419182794987,150.153783225443,10
"96",2020-06-04,2006,143,254,8,8.7,7,0,2,5,0,0,20,20,3,259,5,1431,0.00488999992609024,21,0,0.481927678666332,0.628445262755098,6.90676214120159,140.333397238365,7
"97",2020-06-05,2010,134,256,15,9.9,4,0,1,3,1,0,21,21,2,260,3,1371,0.00948000013828278,29,0,0.928362870684692,0.670357771469834,3.89223457782281,129.186477809419,4
"98",2020-06-06,2013,125,257,2,8,3,0,0,3,0,0,21,21,1,260,3,1398,0.000719999969005585,68,0,0.0686602971807508,0.516719957147273,2.99202983429633,124.667909762347,3
"99",2020-06-07,2014,117,258,4,7.1,1,0,0,1,0,0,20,20,1,260,1,872,0.00229000002145767,22,0,0.223364655336811,0.462007182366552,0.99135719191208,115.988791453713,1
"100",2020-06-08,2017,109,258,0,6.4,3,0,0,3,0,0,19,19,0,260,3,701,0.0014300000667572,12,0,0.140593274445554,0.463854447614458,2.98367977215124,108.407031721495,3
"101",2020-06-09,2027,106,259,3,5.7,10,0,3,7,0,0,18,18,1,260,7,1336,0.00224999994039536,10,0,0.223328374470148,0.363857969254318,9.93951017027491,105.084011149877,10
"102",2020-06-10,2037,104,259,7,5.6,10,0,4,6,0,0,17,17,0,260,6,1283,0.00233999997377396,12,0,0.231831657633358,0.328295544059664,9.94617743288145,103.067075503279,10
"103",2020-06-11,2044,103,260,5,5.1,7,0,2,5,0,0,16,16,1,260,5,1529,0.00326999992132187,6,0,0.325721816267175,0.305980420859784,6.93698306601371,101.701851159882,7
"104",2020-06-12,2048,106,260,10,4.4,4,0,2,2,0,0,16,16,0,260,2,1595,0.00814999997615814,13,0,0.808411067286831,0.288844448945804,3.93743914676048,102.684274778306,4
"105",2020-06-13,2051,104,260,6,5,3,0,3,0,0,0,16,16,0,260,0,1479,0.00270000010728836,23,0.0434800004959106,0.332446083228058,0.326528132666848,3,102.662188339381,3
"106",2020-06-14,2054,101,260,1,4.6,3,0,1,2,0,0,16,16,0,260,2,768,0,13,0,0,0.294618896190161,3,101,3
"107",2020-06-15,2059,99,260,2,4.9,5,0,2,3,0,0,14,14,0,260,3,720,0.00555999994277954,17,0,0.543175028331244,0.352130575316688,4.93694762243017,96.9192715401955,5
"108",2020-06-16,2063,98,260,3,4.9,4,0,1,3,1,0,14,14,0,261,3,1250,0.000799999982118607,14,0,0.0791139222822989,0.331528510718424,3.99081636555698,97.7000012748612,4
"109",2020-06-17,2066,88,260,8,5,3,0,0,3,1,1,6,5,0,262,3,1097,0.00912000000476837,26,0,0.89088512958423,0.425679006711405,2.89658503680762,84.9664944130236,3
"110",2020-06-18,2068,74,260,2,4.6,2,0,0,2,0,1,6,5,0,262,2,1300,0.00231000006198883,120,0,0.21147887891447,0.40935858708959,1.98363419349091,73.3944651591636,2
"111",2020-06-19,2071,72,260,5,3.9,3,0,0,3,0,1,5,4,0,262,3,1878,0.00105999998748302,20,0,0.104883033534938,0.308854582267891,2.98782505769562,71.7078013846948,3
"112",2020-06-20,2077,72,261,1,3.1,6,0,0,6,1,1,5,4,1,263,6,1794,0.00111000001430511,158,0,0.102015370167181,0.27593590897348,5.97631587866818,71.7157905440181,6
"113",2020-06-21,2083,76,261,1,3.1,6,0,0,6,0,1,4,3,0,263,6,1102,0.00363000005483627,86,0,0.336722227308887,0.324039084303321,5.92182579866508,75.0097934497576,6
"114",2020-06-22,2085,75,262,6,3.7,2,0,1,1,0,1,1,0,1,263,1,510,0.00391999989748001,10,0,0.384461528406693,0.301365727171243,1.98512375558167,73.8842816686249,2
"115",2020-06-23,2094,80,262,4,3.9,9,0,0,9,0,1,1,0,0,263,9,1256,0.00158999994397163,20,0,0.156507831475578,0.31242199991314,8.9454971765925,79.5155304586,9
"116",2020-06-24,2096,74,263,3,3.1,2,0,0,2,1,1,2,1,1,264,2,1733,0.00289000004529953,24,0,0.285052366448724,0.225874462322353,1.97794053052388,73.1837996293834,2
"117",2020-06-25,2102,72,263,6,3.7,6,0,0,6,0,1,2,1,0,264,6,1798,0.00277999997138977,21,0.0476200008392334,0.329766903033684,0.242772751482241,5.92344056263413,71.0812867516096,6
"118",2020-06-26,2106,66,263,6,3.9,4,0,0,4,0,1,2,1,0,264,4,2029,0.00196999996900558,23,0,0.194791907266683,0.255616876301061,3.96985111061466,65.5025433251419,4
"119",2020-06-27,2109,68,263,3,4.1,3,0,0,3,0,1,1,0,0,264,3,1574,0.000640000030398369,80,0,0.0609044768952257,0.249743891547925,2.99293013877186,67.8397498121622,3
"120",2020-06-28,2111,67,263,2,4.3,2,0,0,2,0,1,1,0,0,264,2,879,0.00114000000059605,12,0,0.112464646523448,0.217707094292862,1.99129665026804,66.7084377839792,2
"121",2020-06-29,2115,68,263,1,3.6,4,0,0,4,2,1,3,2,0,266,4,855,0.00351000010967255,8,0,0.347746244932796,0.212462053796591,3.9461776250371,67.0850196256308,4
"122",2020-06-30,2118,67,263,10,4.4,3,0,1,2,0,1,3,2,0,266,2,1605,0.00435999989509583,11,0,0.433032167798812,0.251965530414196,2.96648875430593,65.8773732692488,3
"123",2020-07-01,2120,66,263,4,4.6,2,0,0,2,0,2,3,1,0,266,2,1601,0.00312000006437302,15,0,0.309103966773589,0.255401473317748,1.97607923903618,65.2106148881939,2
"124",2020-07-02,2126,65,263,4,4.3,6,0,1,5,0,1,3,2,0,266,5,1012,0.00197999998927116,12,0,0.195679686439689,0.236246156661463,5.96214213090132,64.5078477017172,6
"125",2020-07-03,2134,73,263,4,4,8,0,0,8,0,1,3,2,0,266,8,1332,0.00300000011920929,14,0,0.296879655184753,0.250830120649759,7.90810098827496,72.161421518009,8
"126",2020-07-04,2137,73,263,4,4.1,3,0,0,3,0,1,3,2,0,266,3,1259,0.00238000005483627,40,0,0.230671290919081,0.275082522653167,2.97322341313401,72.3484363862608,3
"127",2020-07-05,2139,70,263,5,4.6,2,0,0,2,0,1,2,1,0,266,2,736,0.00407999992370605,46,0,0.383999992819393,0.313873286409731,1.97028322821535,68.9599129875372,2
"128",2020-07-06,2145,70,263,0,4.4,6,0,1,5,0,1,2,1,0,266,5,601,0,11,0,0,0.264195251419331,6,70,6
"129",2020-07-07,2152,71,263,6,3.9,7,0,1,6,0,1,1,0,0,266,6,1271,0.0039300000667572,21,0,0.386612235669381,0.257563832543698,6.91024322037987,69.9378781078284,7
"130",2020-07-08,2165,77,263,5,4,13,0,1,12,0,1,1,0,0,266,12,1685,0.00296999990940094,39,0,0.290281313650846,0.254874882097592,12.8652152544935,76.1351312163332,13
"131",2020-07-09,2173,81,263,5,4.1,8,0,0,8,1,0,2,2,0,267,8,1503,0.00266000002622604,41,0,0.258936531050372,0.263911574184832,7.91984627141853,80.1884434981126,8
"132",2020-07-10,2189,94,263,12,5.3,16,0,0,16,0,0,2,2,0,267,16,1900,0.00684000015258789,14,0.0714300012588501,0.73124453017455,0.325963699183375,15.5472869327434,91.3403107298676,16
"133",2020-07-11,2196,99,263,7,5.7,7,0,0,7,1,1,2,1,0,268,7,1571,0.00381999999284744,25,0,0.376016290022765,0.346727270483901,6.89815373254159,97.5596027888025,7
"134",2020-07-12,2219,119,263,9,6.3,23,0,2,21,1,1,3,2,0,269,21,1068,0.00842999994754791,13,0,0.832862159480219,0.410850437149733,22.3232428660582,115.165042907663,23
"135",2020-07-13,2242,137,263,6,7.1,23,0,2,21,0,0,3,3,0,269,21,807,0.00620000004768372,65,0,0.573784408082656,0.492819638304399,22.5337611547187,133.958346580784,23
"136",2020-07-14,2261,147,263,4,6.9,19,0,2,17,1,0,4,4,0,270,17,1406,0.00426999986171722,65,0,0.408131869855501,0.495893871759558,18.7315336567153,144.678555737479,19
"137",2020-07-15,2282,167,263,15,8.3,21,0,0,21,1,0,5,5,0,271,21,1405,0.00712000012397766,46,0,0.689427992707692,0.552914825910537,20.4397928791779,162.545019562986,21
"138",2020-07-16,2304,185,263,7,8.6,22,0,1,21,0,0,5,5,0,271,21,1692,0.00591000020503998,25,0.04,0.64063601321652,0.607443323362843,21.4794396800608,180.414111467202,22
"139",2020-07-17,2334,212,263,17,9.3,30,0,0,29,0,1,5,4,0,271,29,1790,0.00837999999523163,21,0,0.82828271625978,0.621305921375019,28.0705692988758,205.205541081437,30
"140",2020-07-18,2360,231,263,16,10.6,26,0,0,24,2,1,6,5,0,273,24,1556,0.00707000017166138,81,0,0.672017120776121,0.663591754339784,23.3759318816589,224.993344360967,26
"141",2020-07-19,2378,249,263,28,13.3,18,0,0,18,0,1,6,5,0,273,18,2020,0.0212899994850159,22,0,2.10606263269991,0.845477536228311,16.5331550674116,228.708645099193,18
"142",2020-07-20,2408,274,263,47,19.1,30,0,0,27,2,3,8,5,0,275,27,1548,0.0148599994182587,35,0.0285700011253357,1.51631264301018,0.980124426932243,25.4158622715546,257.923935644666,30
"143",2020-07-21,2432,293,263,23,21.9,24,0,0,23,0,3,8,5,0,275,23,1428,0.0161099994182587,15,0,1.59425358068423,1.14957038562206,21.5811853823839,274.925535523412,24
"144",2020-07-22,2459,313,263,13,21.6,27,0,1,23,2,3,9,6,0,277,23,1768,0.0090499997138977,16,0,0.896883379718113,1.17920686948069,23.2018137736314,302.137726571592,27
"145",2020-07-23,2478,321,263,29,24.7,19,0,1,17,1,3,10,7,0,278,17,1668,0.0101900005340576,32,0,0.999818875929889,1.23051870701117,17.3423260044285,308.581567495385,19
"146",2020-07-24,2501,336,263,34,27.1,23,0,1,18,0,3,7,4,0,278,18,2036,0.0122800004482269,83,0,1.17989999587494,1.2807497469562,18.1782151665207,320.66001644172,23
"147",2020-07-25,2513,335,263,26,28.6,12,0,1,10,1,3,8,5,0,279,10,2126,0.00800000011920929,320,0,0.695339339878943,1.28408149254231,10.7309473846033,325.986737384211,12
"148",2020-07-26,2520,337,263,21,27.6,7,0,0,6,2,4,10,6,0,281,6,1818,0.0121000003814697,73,0,1.16328930161354,1.1493995881014,5.72992809889061,321.830961554356,7
"149",2020-07-27,2535,339,264,22,24,15,0,1,13,1,4,10,6,1,282,13,1600,0.00875,24,0,0.862068965517242,1.05593620560241,13.5663635501701,327.692095654437,15
"150",2020-07-28,2555,328,264,14,22.7,20,0,2,17,1,4,11,7,0,283,17,1488,0.00739000022411346,24,0,0.727269863325452,0.932081388836874,18.521606874618,318.769826757336,20
"151",2020-07-29,2571,323,264,20,23.7,16,2,2,12,2,4,12,8,0,285,14,2254,0.00620999991893768,52,0,0.606996522865808,0.890668980715116,15.6711827021623,315.413715199888,16
"152",2020-07-30,2592,334,264,19,22.3,21,1,0,19,1,4,13,9,0,286,20,1890,0.00898999989032745,134,0,0.839481215055281,0.867763600590172,19.3503470793805,323.150796225654,21
"153",2020-07-31,2602,321,264,18,20,10,0,1,9,1,3,14,11,0,287,9,2129,0.00797999978065491,207,0,0.727286795077667,0.803104571904847,9.74672715489697,311.966601857992,10
"154",2020-08-01,2619,308,264,15,18.4,17,0,0,17,1,2,14,12,0,288,17,1631,0.00551999986171722,83,0.0120500004291534,0.583621342478444,0.78714485799049,16.616097885878,301.044596991201,17
"155",2020-08-02,2627,293,264,2,15.7,8,0,0,8,0,2,14,12,0,288,8,1341,0.00224000006914139,11,0,0.222177521650784,0.652700317995811,7.93122501218711,290.481116071353,8
"156",2020-08-03,2636,279,264,10,14,9,0,1,7,0,1,13,12,0,288,7,1054,0.0113900005817413,47,0,1.09037789401956,0.685315879210428,7.70466460743408,267.22877506773,9
"157",2020-08-04,2648,267,264,20,14.9,12,0,1,11,1,1,12,11,0,289,11,1681,0.00535000026226044,12,0,0.53120794098404,0.657307033161655,11.7739015105161,261.511973027982,12
"158",2020-08-05,2657,247,264,12,13.7,9,1,0,8,1,1,13,12,0,290,9,1607,0.00560000002384186,70,0,0.536624927746802,0.647253948144654,8.81312389675778,241.871289166575,9
"159",2020-08-06,2667,223,264,12,12.7,10,0,0,10,1,2,11,9,0,291,10,1638,0.00244000002741814,10,0,0.242519420200905,0.561973691736886,9.90616022918982,220.907373110933,10
"160",2020-08-07,2679,224,264,6,11,12,0,3,9,1,2,11,9,0,292,9,1690,0,39,0,0,0.458075578154362,12,224,12
"161",2020-08-08,2685,207,264,14,10.9,6,1,1,4,0,1,11,10,0,292,5,1520,0.00723999977111816,95,0,0.681411743164062,0.472045635395165,5.86816824452057,201.542165323152,6
"162",2020-08-09,2687,198,264,16,12.9,2,0,1,1,2,2,13,11,0,294,1,1587,0.00441000014543533,102,0,0.414367686844634,0.499501373280001,1.98396657524068,194.825381897655,2
"163",2020-08-10,2699,199,264,8,12.6,12,2,0,10,0,1,13,12,0,294,12,1383,0.00578000009059906,27,0,0.566931923780035,0.424723377531497,11.7367595795087,194.634596360186,12
"164",2020-08-11,2712,203,264,8,10.9,13,2,1,10,0,1,13,12,0,294,12,1457,0.00342999994754791,41,0,0.333612144431062,0.396495406595357,12.8450956852183,200.379535341609,13
"165",2020-08-12,2719,186,264,12,10.9,7,3,0,4,0,2,11,9,0,294,7,1489,0.00268999993801117,7,0,0.26774130399055,0.358083460344464,6.92748066193027,184.073057588433,7
"166",2020-08-13,2741,189,264,11,10.7,22,0,0,22,0,2,10,8,0,294,22,1688,0.00532999992370605,56,0,0.515885313716503,0.397135730846693,21.5608465868859,185.227272950974,22
"167",2020-08-14,2752,183,264,6,10.7,11,4,1,6,1,2,11,9,0,295,10,1882,0.00477999985218048,35,0,0.469272807605825,0.46417470336181,10.8184209220165,179.677102872902,11
"168",2020-08-15,2756,175,264,2,9,4,0,0,4,1,2,12,10,0,296,4,2045,0.00732999980449677,21,0,0.72554935141316,0.470480075968824,3.8877032036582,170.087015160046,4
"169",2020-08-16,2760,157,264,26,10.4,4,0,1,3,0,2,12,10,0,296,3,1197,0.00500999987125397,22,0,0.491958149785972,0.481564427817587,3.94289293617905,154.01139699337,4
"170",2020-08-17,2783,171,265,8,10.4,23,1,4,18,1,1,10,9,1,297,19,1355,0.00663999974727631,32,0,0.648680580934347,0.49324280741106,22.5231026435426,166.707923791883,23
"171",2020-08-18,2809,190,265,15,11.4,26,1,1,24,0,1,8,7,0,297,25,1888,0.00583000004291534,77,0.0519500017166138,0.76372469278389,0.55468745717575,25.2612163793569,184.385244483113,26
"172",2020-08-19,2833,199,265,23,13,24,4,3,15,2,1,8,7,0,299,19,1520,0.0118400001525879,25,0.04,1.22956635805395,0.692091036327665,21.096046709306,189.532278692205,24
"173",2020-08-20,2850,207,266,24,14.9,17,1,0,16,3,0,7,7,1,302,17,1606,0.00995999991893768,103,0,0.935971905781973,0.752103406622732,16.3843241032574,199.503240551428,17
"174",2020-08-21,2871,214,266,16,16.3,21,3,2,16,0,0,7,7,0,302,19,1803,0.00721000015735626,116,0.00861999988555908,0.729523203253684,0.789282034572426,20.4636687187323,207.959216095195,21
"175",2020-08-22,2890,224,266,16,18.3,19,1,0,18,1,0,8,8,0,303,19,1866,0.0058899998664856,73,0,0.566825154763389,0.766607149336744,18.5832811620615,219.08710422641,19
"176",2020-08-23,2907,234,266,13,16.4,17,0,1,15,0,0,8,8,0,303,15,693,0.0173199999332428,5,0,1.71959311658127,0.941983573164644,15.0019383366512,218.430238051758,17
"177",2020-08-24,2926,250,266,19,18,19,2,0,17,1,1,9,8,0,304,19,1142,0.00962999999523163,59,0,0.915691922943757,0.980128050594559,18.3268010940727,241.142119658852,19
"178",2020-08-25,2940,252,266,23,19.1,14,0,1,13,4,2,12,10,0,308,13,1647,0.0145700001716614,73,0,1.3951622257399,1.07033341244542,13.2982078943724,238.396029952449,14
"179",2020-08-26,2958,260,266,15,18,18,1,4,13,0,2,12,10,0,308,14,1833,0.0049099999666214,41,0,0.480257734195145,0.963289323322731,17.7398386243168,255.168431594455,18
"180",2020-08-27,2971,263,266,16,16.9,13,1,3,9,1,2,10,8,0,309,10,1471,0.00748000025749207,9,0,0.743451376943975,0.935786390631589,12.7123310505891,255.434306630494,13
"181",2020-08-28,2999,273,266,20,17.4,28,0,3,21,1,1,10,9,0,310,21,2136,0.00514999985694885,35,0,0.506697360407312,0.903954127367821,23.5882739424503,267.647561251854,28
"182",2020-08-29,3020,287,266,12,16.9,21,0,2,18,0,1,10,9,0,310,18,1790,0.00726000010967255,11,0.0909099960327148,0.777091068999096,0.933992115115779,19.4587662878479,278.37032914513,21
"183",2020-08-30,3040,301,267,16,17.3,20,0,6,12,2,1,11,10,1,312,12,1407,0.00425999999046326,33,0,0.416237499068181,0.747798455471052,17.8067307031356,296.152161803651,20
"184",2020-08-31,3060,309,267,13,16.4,20,1,3,16,1,1,12,11,0,313,17,1351,0.0051800000667572,55,0,0.497736848519842,0.688090587696207,19.6725921166424,303.048880237794,20
"185",2020-09-01,3085,313,267,18,15.7,25,1,2,22,0,1,12,11,0,313,23,1360,0.015440000295639,21,0.0952400016784668,1.6653468817753,0.726688395701265,23.5179155136348,292.830763294248,25
"186",2020-09-02,3121,323,267,15,15.7,36,1,9,26,0,1,10,9,0,313,27,1529,0.00261999994516373,50,0,0.253703604569686,0.694323520040485,35.7349481627723,319.82919468798,36
"187",2020-09-03,3143,324,267,24,16.9,22,1,4,17,1,1,9,8,0,314,18,1493,0.00870999991893768,133,0.00751999974250793,0.861266288113623,0.711154221636149,21.4001393544934,313.202508380881,22
"188",2020-09-04,3165,328,267,24,17.4,22,0,3,19,3,1,12,11,0,317,19,2706,0.00850000023841858,259,0.00772000014781952,0.843186532325326,0.759224103338722,21.3801056481647,317.298665926212,22
"189",2020-09-05,3190,335,267,17,18.1,25,1,11,13,2,1,14,13,0,319,14,2256,0.00398999989032745,162,0,0.372267979841966,0.701392233459132,24.798337969672,330.174515702867,25
"190",2020-09-06,3211,337,267,26,19.6,21,1,3,16,1,1,15,14,0,320,17,1310,0.00611000001430511,192,0.03125,0.932363516560566,0.77512452167233,19.3866976769256,324.84218336023,21
"191",2020-09-07,3252,362,267,29,21.9,41,2,6,33,0,1,13,12,0,320,35,1290,0.0147300004959106,44,0,1.4244153403092,0.907507163356524,39.0709428079271,342.048037041989,41
"192",2020-09-08,3304,399,267,24,22.7,52,0,14,36,3,1,15,14,0,323,36,1094,0.0109700000286102,4,0,1.09300364583785,0.825743843936888,48.4774746635691,382.125344187891,52
"193",2020-09-09,3349,430,267,15,22.7,45,2,10,31,0,1,14,13,0,323,33,1590,0.0157200002670288,29,0,1.54384190392686,1.01004931527363,41.0286797567454,404.313099860622,45
"194",2020-09-10,3426,492,267,33,24,77,1,21,52,2,2,15,13,0,325,53,1958,0.0122599995136261,61,0,1.18895884337196,1.05686253745339,71.5617226284668,469.365425154824,77
"195",2020-09-11,3456,506,267,60,29.1,30,0,1,25,0,1,13,12,0,325,25,2315,0.0159800004959106,93,0.0752699995040894,1.8269855108768,1.19740524867503,24.2326786296932,470.22941546499,30
"196",2020-09-12,3505,531,269,47,33.4,49,0,4,42,1,0,13,13,2,326,42,1900,0.0173699998855591,26,0,1.71355139057956,1.38901716449468,43.2152459689744,495.792752607748,49
"197",2020-09-13,3540,544,270,31,34.1,35,1,5,29,1,1,12,11,1,327,30,1198,0.0150300002098083,44,0,1.44975364342596,1.46293003976117,33.3171094151849,513.483584062019,35
"198",2020-09-14,3608,594,272,59,38.4,68,0,19,49,1,1,12,11,2,328,49,2395,0.0146099996566772,219,0.041100001335144,1.68293226741157,1.49986102934722,64.8091739092588,555.31937351224,68
"199",2020-09-15,3681,643,273,41,40.9,73,1,15,55,1,1,12,11,1,329,56,2960,0.01182000041008,28,0,1.17092373540283,1.51099247071365,68.4627862655202,613.867349441598,73
"200",2020-09-16,3758,683,274,41,44.6,77,1,7,67,1,0,12,12,1,330,68,1888,0.0196000003814697,162,0.00616999983787537,1.85387027775369,1.5552822384032,70.1221474121198,634.006274742321,77
"201",2020-09-17,3808,708,278,57,48,50,2,4,38,2,2,12,10,4,332,40,2512,0.0191100001335144,207,0.00483000010251999,1.80228504437697,1.6429002671182,41.2105159189505,658.626131765424,50
"202",2020-09-18,3896,776,278,47,46.1,88,1,6,78,0,2,12,10,0,332,79,2408,0.0128699994087219,281,0.0213499999046326,1.37561578837501,1.57841887818937,80.7950129743978,734.695317318135,88
"203",2020-09-19,3966,826,280,47,46.1,70,2,4,60,0,2,11,9,2,332,62,2105,0.0213800001144409,162,0,1.98521836086891,1.61722844537356,61.2374407699221,762.55042057993,70
"204",2020-09-20,4009,858,280,76,52.6,43,1,4,34,2,2,12,10,0,334,35,2847,0.0186199998855591,112,0,1.79152212484578,1.66605251414782,36.5737774356311,798.522886850613,43
"205",2020-09-21,4118,937,280,55,52,109,2,22,82,1,3,13,10,0,335,84,2948,0.0189999997615814,73,0,1.85408802704873,1.69050333695313,99.9737096470109,869.778165943444,109
"206",2020-09-22,4227,1016,280,85,58.3,109,0,27,81,3,3,16,13,0,338,81,2506,0.0135699999332428,65,0.0307699990272522,1.40048501631575,1.72329780565498,103.610612700431,960.942993872074,109
"207",2020-09-23,4332,1074,281,67,62,105,0,25,75,2,3,17,14,1,340,75,1896,0.0168799996376038,7,0.571430015563965,1.89198578149472,1.72874287761798,94.5094032480626,995.374654512257,105
"208",2020-09-24,4434,1129,282,38,59.3,102,2,19,75,2,3,19,16,1,342,77,2728,0.0128299999237061,54,0,1.25809632609166,1.65100163214865,92.2516077056502,1074.03980648934,102
"209",2020-09-25,4553,1192,284,57,60.7,119,5,16,86,3,3,21,18,2,345,91,3291,0.0133700001239777,59,0.0339000010490417,1.37315732745982,1.65065042344648,102.164937323475,1128.66599219322,119
"210",2020-09-26,4637,1238,286,76,64.9,84,3,14,65,3,4,22,18,2,348,68,3436,0.0299799990653992,12,0,2.98756603215521,1.79384294791595,74.13919826199,1094.887168358,84
"211",2020-09-27,4719,1268,287,109,69.6,82,2,12,64,2,4,23,19,1,350,66,2690,0.0327099990844727,11,0,3.25767854636177,2.00329386527538,69.6805889927917,1108.16646731606,82
"212",2020-09-28,4834,1338,288,86,74,115,3,11,97,6,4,28,24,1,356,100,3139,0.0261199998855591,192,0.0104200005531311,2.5215046456611,2.09863909650572,101.24336204294,1207.45618413454,115
"213",2020-09-29,4942,1370,291,58,70.1,108,5,18,75,4,3,28,25,3,360,80,2161,0.0259100008010864,80,0.025,2.58775152749432,2.26824859810266,89.9896226025088,1232.82228706796,108
"214",2020-09-30,5025,1399,291,107,75.9,83,1,10,67,5,5,31,26,0,365,68,3169,0.0302900004386902,282,0.0141799998283386,2.89735645731094,2.41187298036212,70.3765552191547,1242.15883458232,83
"215",2020-10-01,5125,1435,293,105,85.4,100,2,11,78,3,5,30,25,2,368,80,3844,0.0228900003433228,120,0.00833000004291534,2.24492334321096,2.55284826852202,84.0508462591964,1310.34955477433,100
"216",2020-10-02,5221,1485,294,116,93.9,96,0,13,79,1,5,30,25,1,369,79,3362,0.0220099997520447,198,0,2.07858480804422,2.65362362289122,85.6461748816037,1365.56417340736,96
"217",2020-10-03,5294,1497,295,65,92.3,73,2,6,64,5,6,32,26,1,374,66,3112,0.0302099990844727,485,0.0103100001811981,2.75267910032694,2.62006834691575,64.9702490651977,1337.55246743335,73
"218",2020-10-04,5352,1479,295,77,87.7,58,1,7,47,3,6,33,27,0,377,48,3118,0.0291899991035461,102,0,2.82653469580301,2.5584763682645,49.7502819957969,1317.24306399549,58
"219",2020-10-05,5430,1480,295,82,87.1,78,3,13,59,3,6,34,28,0,380,62,3823,0.0180499994754791,238,0.00839999973773956,1.74844491337943,2.44803926365283,70.8054627014162,1379.87233545316,78
"220",2020-10-06,5506,1453,296,139,98.7,76,6,15,52,2,7,35,28,1,382,58,2156,0.0194799995422363,56,0,1.89868349968633,2.34960097396598,68.7389072554958,1346.25228003854,76
"221",2020-10-07,5607,1467,296,174,108.3,101,12,22,63,3,10,37,27,0,385,75,2274,0.0312199997901916,76,0,3.02103317118706,2.36726907594828,88.2328754901581,1295.51504458749,101
"222",2020-10-08,5687,1426,296,85,105.4,80,5,14,55,2,9,37,28,0,387,60,2434,0.0271199989318848,181,0,2.52428594264656,2.40717801872479,68.1395601031603,1286.71687845178,80
"223",2020-10-09,5772,1429,296,97,102.7,85,5,19,59,2,9,38,29,0,389,64,2508,0.0207299995422363,247,0.00810000002384186,1.95976547578285,2.39020382840174,78.1468412929753,1320.63806574471,85
"224",2020-10-10,5837,1414,297,67,103,65,5,7,51,6,9,44,35,1,395,56,2630,0.0300399994850159,21,0,2.98020364562775,2.42270733487328,56.5423517410959,1250.94438146267,65
"225",2020-10-11,5901,1378,297,140,112,64,6,6,48,5,10,47,37,0,400,54,2658,0.0233299994468689,238,0.0168099999427795,2.27941707583422,2.34454767487774,55.2372479312403,1256.46162313424,64
"226",2020-10-12,5963,1350,297,63,109.3,62,2,14,43,3,10,47,37,0,403,45,1996,0.0150300002098083,237,0.0126600003242493,1.47784596935175,2.30589068287379,56.426749283673,1272.80247851019,62
"227",2020-10-13,6048,1372,298,74,100,85,4,10,68,1,7,46,39,1,404,72,2109,0.0298699998855591,18,0,2.96172213251735,2.45775334470679,73.7487979049346,1214.76876007737,85
"228",2020-10-14,6115,1377,300,84,87.1,67,1,16,49,2,7,46,39,2,406,50,3002,0.0293099999427795,111,0.0360400009155273,2.95499710664464,2.44831962120073,60.2830093564764,1219.55407767736,67
"229",2020-10-15,6201,1404,300,107,90.3,86,3,25,52,5,8,50,42,0,411,55,2124,0.0235400009155273,105,0.00952000021934509,2.28795701963263,2.41455834648446,75.1308745010029,1279.70450544378,86
"230",2020-10-16,6276,1425,301,78,87.6,75,2,10,59,4,8,48,40,1,415,61,3117,0.019889999628067,279,0.00358000010251999,1.85500438366572,2.39959247618201,66.6216024472092,1322.71776208644,75
"231",2020-10-17,6323,1407,302,64,87.1,47,1,10,36,6,8,50,42,1,421,37,3038,0.0220499992370605,149,0,2.10191081525541,2.2741220718431,43.9907627714378,1292.56765457873,47
"232",2020-10-18,6380,1373,305,74,77.7,57,1,11,40,2,6,48,42,3,423,41,1145,0.0270700001716614,37,0.0540500020980835,2.79145518394089,2.3472703730012,47.5715174919573,1224.69984186482,57
"233",2020-10-19,6444,1351,307,69,78.6,64,1,6,57,3,6,47,41,2,426,58,1332,0.0375399994850159,27,0,3.67941716806778,2.66178054424635,55.7425216991416,1158.65770371621,64
"234",2020-10-20,6522,1355,309,46,74.6,78,3,14,57,4,5,46,41,2,430,60,1597,0.0250500011444092,45,0.0222199988365173,2.49724432248872,2.59542657138511,68.2023405461247,1224.06952399998,78
"235",2020-10-21,6610,1377,312,69,72.4,88,1,46,40,4,4,45,41,3,434,41,2257,0.0305699992179871,446,0.00897000014781952,2.70059594158062,2.55908354780454,82.7156604349647,1233.10888826699,88
"236",2020-10-22,6676,1364,312,88,69.7,66,2,24,36,2,3,45,42,0,436,38,2239,0.0263499999046326,87,0.0114900004863739,2.57941873726513,2.60072093603775,58.207322947061,1227.86285525766,66
"237",2020-10-23,6755,1366,313,92,71.7,79,1,13,64,2,3,38,35,1,438,65,2770,0.024909999370575,65,0.0153799998760223,2.46914985003295,2.68845600266164,71.789862424616,1235.49157033885,79
"238",2020-10-24,6820,1359,317,63,71.6,65,2,17,41,2,3,38,35,4,440,43,2358,0.0207800006866455,190,0,1.92304715930573,2.66290405181169,56.8003770192558,1257.87703184113,65
"239",2020-10-25,6890,1340,319,69,70.9,70,1,24,42,3,3,40,37,2,443,43,1751,0.0319799995422363,77,0,3.06329207869014,2.70173789391872,61.9032036555739,1181.16960228998,70
"240",2020-10-26,6963,1299,320,77,72,73,1,16,51,4,3,41,38,1,447,52,994,0.0382299995422363,121,0.0165299999713898,3.58751116964315,2.68860846557235,60.7816651819935,1118.68044368095,73
"241",2020-10-27,7041,1269,322,61,74.1,78,0,15,60,1,3,33,30,2,448,60,1357,0.0287400007247925,116,0,2.64767012787124,2.71009786634128,68.8531085607603,1138.99324606008,78
"242",2020-10-28,7153,1276,325,94,77.7,112,2,69,38,2,2,31,29,3,450,40,1900,0.0405299997329712,166,0.01807000041008,3.87253724882471,2.87751805309044,103.006286051937,1084.80052505679,112
"243",2020-10-29,7217,1261,326,65,74.4,64,0,18,42,9,2,39,37,1,459,42,2191,0.029210000038147,96,0,2.79838697348404,2.90879922969314,55.4522406228251,1124.45893869958,64
"244",2020-10-30,7267,1230,328,122,78.7,50,2,9,35,4,2,42,40,2,463,37,2795,0.0357800006866455,105,0.0571400022506714,3.65533800536189,3.07825468045441,40.7667716779997,1056.03051794431,50
"245",2020-10-31,7306,1160,329,83,81.6,39,0,5,32,2,2,41,39,1,465,32,2344,0.0277300000190735,322,0,2.43807652080676,3.15183030352599,33.9811764617857,1050.56764673973,39
"246",2020-11-01,7356,1119,332,50,78.9,50,1,7,39,1,2,39,37,3,466,40,1714,0.0256699991226196,104,0,2.42015283257261,3.05995326836634,43.2542119398756,1014.21157901802,50
"247",2020-11-02,7420,1071,332,56,75.9,64,3,8,47,6,2,44,42,0,472,50,1029,0.0174899995326996,14,0.0714300012588501,1.8214026401507,2.80765204986742,54.4761583595409,995.519312061365,64
"248",2020-11-03,7491,999,333,36,72.3,71,1,36,33,1,2,45,43,1,473,34,1458,0.021949999332428,13,0,2.17560156537593,2.74021368379666,67.1378084396704,914.902077389138,71
"249",2020-11-04,7556,923,337,53,66.4,65,5,1,51,1,1,42,41,4,474,56,1467,0.0272699999809265,295,0.0033899998664856,2.32719295871921,2.51945021378159,51.9573266309989,839.885937150214,65
"250",2020-11-05,7603,880,337,45,63.6,47,0,6,34,5,2,45,43,0,479,34,2537,0.0240400004386902,41,0,2.36576730461431,2.45764740394306,36.8876290030611,799.444515373346,47
"251",2020-11-06,7676,873,341,79,57.4,73,2,13,55,4,3,47,44,4,483,57,2343,0.0234699988365173,116,0.0258599996566772,2.35827438935074,2.27235260165575,64.7987275010023,793.338405410088,73
"252",2020-11-07,7711,839,346,75,56.3,35,3,4,25,3,4,47,43,5,486,28,2498,0.0276200008392334,143,0,2.6124483944114,2.29726286931356,29.1696107327434,754.189407313275,35
"253",2020-11-08,7748,777,346,47,55.9,37,1,5,29,1,4,48,44,0,487,30,1176,0.0204099988937378,91,0.0109899997711182,1.97334243711187,2.23343281281917,32.7093215643287,717.671428516114,37
"254",2020-11-09,7818,745,350,31,52.3,70,3,24,41,7,4,47,43,4,494,44,711,0.0210999989509583,20,0.1,2.3258685710166,2.30549937437144,64.0401542968595,677.952612526372,70
"255",2020-11-10,7885,754,350,51,54.4,67,0,11,54,3,5,48,43,0,497,54,1374,0.0334800004959106,17,0,3.30708272332,2.46713953979202,58.0899810969051,657.515661982712,67
"256",2020-11-11,7942,754,353,78,58,57,0,6,49,2,5,47,42,3,499,49,2373,0.0261299991607666,241,0.0290499997138977,2.63992111474937,2.51181499065347,49.9947307247269,676.980142172329,57
"257",2020-11-12,7984,744,355,58,59.9,42,1,8,31,3,3,44,41,2,502,32,2316,0.0215899991989136,215,0.00465000003576279,2.01510028259079,2.46171970179297,37.5049051524706,685.989044794942,42
"258",2020-11-13,8022,720,357,81,60.1,38,3,7,24,0,3,37,34,2,502,27,2721,0.0216799998283386,198,0,2.0209414022922,2.41352927507032,31.88866132779,663.697635407733,38
"259",2020-11-14,8043,697,357,51,56.7,21,3,2,14,3,3,38,35,0,505,17,1710,0.015789999961853,245,0.0163300001621246,1.58576726212221,2.26686054188615,17.9568931769203,654.23262025373,21
"260",2020-11-15,8073,653,360,29,54.1,30,1,1,25,0,2,36,34,3,505,26,984,0.0152400004863739,307,0.00651000022888184,1.31640050727023,2.17301169476591,25.6756529573376,619.738514659288,30
"261",2020-11-16,8117,614,363,11,51.3,44,0,3,39,3,2,34,32,3,508,39,736,0.0122300004959106,53,0,1.14084668757798,2.00372285427468,40.2783997782429,586.895832406183,44
"262",2020-11-17,8158,591,363,38,49.4,41,1,10,29,1,2,33,31,0,509,30,1827,0.0207999992370605,38,0,2.03761922820963,1.82237092640177,37.6347083312108,544.403754124852,41
"263",2020-11-18,8199,584,363,66,47.7,41,3,6,30,1,2,33,31,0,510,33,2684,0.0204900002479553,20,0.05,2.07082694768906,1.74107175967887,36.3557764743442,537.205256394455,41
"264",2020-11-19,8219,568,364,53,47,20,2,1,17,0,2,31,29,1,510,19,2476,0.0121200001239777,187,0.0160399997234344,1.23952685900304,1.63027555630919,19.0887239425835,540.757642073023,20
"265",2020-11-20,8244,525,364,29,39.6,25,1,2,20,1,2,31,29,0,511,21,2640,0.00758000016212463,222,0.0225200009346008,0.873886814657247,1.46641061521848,22.2899075443095,507.247688607738,25
"266",2020-11-21,8273,495,365,27,36.1,29,4,4,19,2,2,32,30,1,513,23,1491,0.0187800002098083,71,0,1.79263638366352,1.49596334686724,25.4046335313102,460.664939043414,29
"267",2020-11-22,8300,481,368,26,35.7,27,3,4,19,3,4,32,28,3,516,22,1223,0.0147200000286102,36,0,1.4299094547252,1.51217891078938,24.7827728357629,454.386987909179,27
"268",2020-11-23,8340,463,370,20,37,40,2,10,25,1,3,27,24,2,517,27,923,0.0173300004005432,13,0,1.70893059505357,1.59333375471447,35.2146284650475,432.384184419148,40
"269",2020-11-24,8384,473,370,21,34.6,44,2,7,34,1,3,23,20,0,518,36,1404,0.00855000019073486,41,0.0975599956512451,1.10755433145279,1.46046734089206,41.4572059411403,452.729400282205,44
"270",2020-11-25,8439,481,371,38,30.6,55,4,10,39,2,2,23,21,1,520,43,2619,0.0122200000286102,72,0.0138900005817413,1.22646823176572,1.33984466718873,50.9593657282295,458.173370122753,55
"271",2020-11-26,8484,496,372,60,31.6,45,3,4,37,3,2,23,21,1,523,40,3059,0.0143799996376038,224,0.00446000009775162,1.37031553193196,1.35852876332143,41.8790961095389,469.700791758282,45
"272",2020-11-27,8530,507,374,56,35.4,46,2,3,40,3,1,24,23,2,526,42,3154,0.0177600002288818,335,0.0029899999499321,1.63418431370366,1.46714269175663,42.3442282618172,474.941041160507,46
"273",2020-11-28,8575,510,375,60,40.1,45,2,3,40,2,1,25,24,1,528,42,2598,0.01192999958992,193,0,1.11050300733115,1.36969506656629,43.1952815987121,488.085562270075,45
"274",2020-11-29,8620,524,377,23,39.7,45,1,4,37,5,1,28,27,2,533,38,898,0.0245000004768372,12,0,2.41769235474723,1.51080690942658,38.445119133841,474.980063845597,45
"275",2020-11-30,8664,531,378,45,43.3,44,1,7,35,1,1,25,24,1,534,36,1135,0.0229099988937378,61,0,2.17415123280873,1.57726700053446,39.9714645053666,486.329101454157,44
"276",2020-12-01,8717,551,378,34,45.1,53,2,11,39,3,1,27,26,0,537,41,1907,0.0141600000858307,113,0.0176999998092651,1.43580297733297,1.62415966423163,49.7221814605177,520.388341091347,53
"277",2020-12-02,8759,565,379,50,46.9,42,1,7,32,6,1,31,30,1,543,33,2858,0.0101499998569489,81,0.0123500001430511,1.02106327331565,1.59481609873876,38.6962119014834,542.677567404186,42
"278",2020-12-03,8797,564,380,40,44,38,0,6,31,3,1,33,32,1,546,31,3332,0.0101999998092651,202,0,0.961697774886006,1.53644213344648,35.8464385821205,543.012624526321,38
"279",2020-12-04,8839,567,382,54,43.7,42,1,5,32,2,1,31,30,2,548,33,2985,0.0110599994659424,166,0.0120500004291534,1.11121543881553,1.46173229417675,36.5810972719536,542.620671309021,42
"280",2020-12-05,8874,556,382,45,41.6,35,3,2,29,1,1,31,30,0,549,32,2279,0.0184300005435944,209,0,1.68818212374805,1.54425788223631,31.9096948399811,519.680947844672,35
"281",2020-12-06,8912,548,383,33,43,38,0,7,29,1,2,31,29,1,550,29,1398,0.0157400000095367,20,0,1.55179971885278,1.42055893425139,34.2586980599927,515.095397823311,38
"282",2020-12-07,8965,550,384,23,39.9,53,0,4,44,2,1,31,30,1,552,44,1066,0.0168900001049042,25,0.04,1.74195601391639,1.35881676012391,45.034279097829,512.928488722862,53
"283",2020-12-08,9012,555,384,58,43.3,47,1,1,44,0,1,28,27,0,552,45,2368,0.01942999958992,69,0,1.88798682925444,1.42341445325555,42.7126049929777,514.455461580058,47
"284",2020-12-09,9067,566,386,40,41.9,55,3,3,47,1,3,25,22,2,553,50,2911,0.00962000012397766,167,0.00598999977111816,0.942305078709412,1.41216328259752,51.1769358398988,545.362913707655,55
"285",2020-12-10,9111,564,386,56,44.1,44,2,0,42,1,3,24,21,0,554,44,3093,0.0138999998569489,252,0.00397000014781952,1.31519101927633,1.46266231751042,41.7608564940477,535.298251423703,44
"286",2020-12-11,9150,548,386,49,43.4,39,6,2,30,1,2,24,22,0,555,36,3047,0.0118099999427795,32,0,1.16872587936503,1.47087809473178,36.371995583499,523.218154993263,39
"287",2020-12-12,9177,531,387,56,45,27,2,3,22,0,2,21,19,1,555,24,2615,0.01567999958992,24,0,1.55374001241534,1.4516720788271,25.557120680468,499.076295055355,27
"288",2020-12-13,9217,529,388,26,44,40,5,2,33,0,2,20,18,1,555,38,1500,0.0120000004768372,47,0,1.16354238624795,1.39620674559784,38.2891725004978,505.183480335877,40
"289",2020-12-14,9259,526,388,19,43.4,42,3,4,35,2,2,21,19,0,557,38,918,0.0174300003051758,20,0,1.70583585076241,1.39104672229013,39.491805268451,491.2813045054,42
"290",2020-12-15,9307,536,389,51,42.4,48,2,7,38,1,1,21,20,1,558,40,2079,0.0134700000286102,49,0,1.31598355542672,1.30933196888617,44.9631883479038,508.706723861911,48
"291",2020-12-16,9361,552,389,53,44.3,54,4,4,45,0,1,19,18,0,558,49,2305,0.0164900004863739,93,0,1.58504800338164,1.40115238669649,49.9947616893423,518.145070459529,54
"292",2020-12-17,9398,548,390,61,45,37,1,5,29,2,0,19,19,1,560,30,3215,0.0136899995803833,84,0.0238100004196167,1.394767768602,1.41252049374301,33.3809376465942,518.425127677787,37
"293",2020-12-18,9440,538,390,23,41.3,42,5,4,33,0,0,18,18,0,560,38,3299,0.00726999998092651,170,0.00587999999523163,0.720188236848255,1.34844368766919,40.9410632092302,523.007684383312,42
"294",2020-12-19,9479,535,390,46,39.9,39,1,7,29,3,0,21,21,0,563,30,2798,0.0117900002002716,140,0,1.12281894351123,1.2868835349686,35.6966189482912,511.756371244527,39
"295",2020-12-20,9523,530,390,24,39.6,44,5,3,33,0,0,18,18,0,563,38,1360,0.0161800003051758,51,0,1.55951810170369,1.34345149431942,38.7069451995042,498.017919887822,44
"296",2020-12-21,9597,550,390,28,40.9,74,7,8,58,1,0,17,17,0,564,65,1365,0.00658999979496002,32,0.03125,0.715486737302823,1.20197304953948,71.2004854537468,534.773338454781,74
"297",2020-12-22,9678,593,390,66,43,81,7,8,64,2,0,17,17,0,566,71,3021,0.0221799993515015,48,0,2.18330980908719,1.32587680006241,73.0018940641923,542.903143381212,81
"298",2020-12-23,9780,662,390,53,43,102,5,6,90,1,1,15,14,0,567,95,2650,0.02,200,0.015,1.96491228070175,1.38014312539385,93.7771733895007,611.668302987889,102
"299",2020-12-24,9853,690,390,57,42.4,73,11,5,55,2,1,15,14,0,569,66,3465,0.0155799996852875,145,0,1.49542102242441,1.39452216165419,67.1810160403141,650.074258603284,73
"300",2020-12-25,9917,720,390,52,46.6,64,7,2,54,0,1,12,11,0,569,61,2542,0.0295000004768372,161,0,2.77428787318239,1.68796496684478,56.4518024099355,642.709798936944,64
"301",2020-12-26,10010,762,390,86,52.3,93,5,4,83,2,2,14,12,0,571,88,952,0.0199600005149841,49,0,1.89829375527122,1.7987470828105,85.5362208649446,706.02954885327,93
"302",2020-12-27,10121,827,391,35,53.9,111,8,6,95,2,4,14,10,1,573,103,1483,0.0269700002670288,32,0.0625,2.77204689082533,1.97196548125644,97.9521386767519,738.295327045377,111
"303",2020-12-28,10256,924,391,65,59.1,135,15,7,111,1,2,14,12,0,574,126,1188,0.0420900011062622,39,0.0256399989128113,4.15671404008469,2.46356938165385,112.734323272852,775.38503733425,135
"304",2020-12-29,10376,1000,391,113,65.9,120,5,15,100,3,4,13,9,0,577,105,1880,0.0505299997329712,25,0.04,5.03918107600976,2.87155099121422,99.5266137163532,805.015368727173,120
"305",2020-12-30,10513,1090,391,88,70.9,137,12,10,115,3,5,14,9,0,580,127,2458,0.0573600006103516,62,0,5.59487625000969,3.39011727254393,109.506209242413,854.029669875827,137
"306",2020-12-31,10638,1176,391,147,83.7,125,0,9,116,2,5,14,9,0,582,116,2651,0.033199999332428,144,0,3.1489516361455,3.62633593164694,110.86602246052,1032.71071046182,125
"307",2021-01-01,10755,1231,392,89,89,117,0,5,111,2,6,14,8,1,584,111,2748,0.039300000667572,134,0.0149300003051758,3.81669055778562,3.77525060087597,99.6073054579223,1049.20354070903,117
"308",2021-01-02,10867,1289,392,134,95.9,112,4,8,100,2,6,16,10,0,586,104,2375,0.0294700002670288,431,0,2.49434250300048,3.86040042198015,101.962400959307,1164.59168112065,112
"309",2021-01-03,10990,1315,393,107,106.1,123,0,5,118,3,5,19,14,1,589,118,1514,0.0601100015640259,126,0.0238100004196167,5.73210990370774,4.28326656667764,96.8279987050543,1023.33744319616,123
"310",2021-01-04,11166,1427,393,115,113.3,176,5,30,141,5,8,22,14,0,594,146,1384,0.0534700012207031,155,0.00644999980926514,4.87343935411886,4.38565589725395,148.468565600368,1157.90851446387,176
"311",2021-01-05,11309,1503,395,105,112.1,143,2,20,121,6,8,24,16,2,600,123,2417,0.0571000003814697,97,0.0103100001811981,5.52946582894147,4.45569657624419,116.683464979312,1181.42477938135,143
"312",2021-01-06,11493,1599,395,132,118.4,184,11,42,130,7,7,29,22,0,607,141,2625,0.0514300012588501,211,0.0142200005054474,4.86615562098487,4.35159362924065,156.451161633636,1297.9248755474,184
"313",2021-01-07,11608,1631,395,188,124.3,115,2,8,104,6,9,33,24,0,613,106,2311,0.048899998664856,91,0.0109899997711182,4.74637747267502,4.57979732017343,94.5325729264832,1331.45874002919,115
"314",2021-01-08,11741,1663,395,186,138.1,133,6,14,112,0,11,31,20,0,613,118,2664,0.0367899990081787,249,0,3.36452308128349,4.51520196638742,116.638064531305,1446.50085860644,133
"315",2021-01-09,11841,1674,397,153,140.9,100,6,2,92,4,11,31,20,2,617,98,3020,0.0324499988555908,375,0.00266999989748001,2.91606027998348,4.57544736309927,88.9423461612555,1485.11721912185,100
"316",2021-01-10,11933,1658,397,120,142.7,92,5,3,82,5,11,35,24,0,622,87,1829,0.0508500003814697,78,0,4.87701367056676,4.45329075836485,73.5822498300009,1345.11919790967,92
"317",2021-01-11,12097,1709,397,66,135.7,164,2,26,134,3,13,35,22,0,625,136,1613,0.0341000008583069,115,0,3.18306142271117,4.21180819673518,145.249632313037,1498.51192369838,164
"318",2021-01-12,12238,1737,398,160,143.6,141,2,22,115,4,13,36,23,1,629,117,2206,0.0707200002670288,74,0.0135099995136261,6.88631844531026,4.40564428478786,107.824503349249,1274.16378049269,141
"319",2021-01-13,12327,1725,402,172,149.3,89,1,9,76,2,11,35,24,4,631,77,2531,0.0375300002098084,173,0.0115600001811981,3.58684580482146,4.22288573962166,75.3132943026859,1485.59003470303,89
"320",2021-01-14,12418,1711,402,130,141,91,2,14,74,9,10,42,32,0,640,76,2581,0.0337100005149841,146,0,3.19052113418313,4.00062054840854,80.6175634706266,1499.77172497687,91
"321",2021-01-15,12513,1679,404,144,135,95,7,7,79,5,11,42,31,2,645,86,2923,0.0372900009155273,206,0.00485000014305115,3.51542897748658,4.02217853358041,81.3018497085627,1450.6140193102,95
"322",2021-01-16,12574,1630,405,119,130.1,61,1,1,57,2,9,40,31,1,647,58,2469,0.0320000004768372,289,0,2.86468459671178,4.01483915025588,52.5709733863711,1449.32218309974,61
"323",2021-01-17,12653,1569,407,74,123.6,79,2,3,71,2,9,40,31,2,649,73,2040,0.0259800004959106,32,0,2.55787649670163,3.68353383970371,68.7749168652542,1413.71019947375,79
"324",2021-01-18,12775,1591,408,64,123.3,122,2,45,73,7,10,44,34,1,656,75,1023,0.0391000008583069,48,0,3.73476198674584,3.76234820599438,109.161614091262,1361.08170692263,122
"325",2021-01-19,12849,1532,415,81,112,74,3,24,47,8,9,46,37,7,664,50,2339,0.0410400009155273,89,0,3.9535651623319,3.34338345128319,66.3510940194195,1297.63752075501,74
"326",2021-01-20,12910,1490,415,166,111.1,61,1,8,50,2,7,38,31,0,666,51,3056,0.0222499990463257,162,0.00616999983787537,2.1440502504446,3.13726980065792,54.7689753748512,1366.38771193193,61
"327",2021-01-21,12981,1459,417,81,104.1,71,1,9,60,3,7,38,31,2,669,61,2640,0.0242400002479553,117,0,2.32113168859637,3.01307130843124,64.5213944535417,1327.9625329134,71
"328",2021-01-22,13059,1427,418,94,97,78,2,3,72,5,6,38,32,1,674,74,2310,0.0307399988174438,112,0.0178600001335144,3.01443919418864,2.94150133938868,68.3686512476626,1260.55493689749,78
"329",2021-01-23,13108,1363,418,84,92,49,1,4,41,4,9,40,31,0,678,42,2120,0.0330200004577637,275,0,2.92285599041582,2.94981153848926,41.2499615440977,1208.8499424906,49
"330",2021-01-24,13154,1279,419,44,87.7,46,2,9,35,2,8,38,30,1,680,37,1247,0.0224499988555908,37,0,2.18030752125559,2.89587311342554,42.8785247618228,1171.09819379382,46
"331",2021-01-25,13218,1222,419,29,82.7,64,1,18,44,4,7,39,32,0,684,45,825,0.0206100010871887,48,0,1.94768051511234,2.64057576033504,59.6086653246498,1129.90642281605,64
"332",2021-01-26,13280,1158,420,74,81.7,62,1,19,40,8,5,41,36,1,692,41,2350,0.0242600011825562,79,0,2.34709768542639,2.41108040649139,56.276465012093,1052.83284107326,62
"333",2021-01-27,13358,1118,422,80,69.4,78,0,27,50,1,4,31,27,2,693,50,2800,0.0196399998664856,176,0.00568000018596649,1.88144084875302,2.37356477767831,73.3600032959499,1036.60967369744,78
"334",2021-01-28,13396,1057,422,67,67.4,38,1,3,33,3,5,31,26,0,696,34,2351,0.0208400011062622,209,0.0287100005149841,2.14825127767399,2.34886757611797,34.1737901028016,969.138121725331,38
"335",2021-01-29,13423,951,422,73,64.4,27,1,3,23,3,4,32,28,0,699,24,2848,0.0122899997234344,180,0.00555999994277954,1.18899336862753,2.08808960103781,25.8958423359476,907.247752561922,27
"336",2021-01-30,13442,854,423,41,58.3,19,1,6,12,2,5,34,29,1,701,13,2157,0.0162300002574921,216,0,1.47526803857608,1.88129132220356,18.2579132060371,805.250605996593,19
"337",2021-01-31,13484,795,424,25,55.6,42,4,5,33,4,6,33,27,1,705,37,922,0.0195200002193451,24,0,1.90247782264653,1.84160136525941,39.2762844889181,736.476923478105,42
"338",2021-02-01,13528,708,424,27,55.3,44,6,7,29,4,5,30,25,0,709,35,547,0.0292499995231628,29,0,2.77773432971703,1.96018048163151,38.2381699812042,631.903552762645,44
"339",2021-02-02,13571,646,425,59,53.1,43,5,5,31,3,5,28,23,1,712,36,2440,0.0225399994850159,107,0.0186899995803833,2.23782601878837,1.94457024354036,37.8827672029239,590.062989252468,43
"340",2021-02-03,13634,631,425,54,49.4,63,4,23,35,2,4,27,23,0,714,39,2867,0.0132500004768372,212,0,1.23376912527094,1.85204571161435,60.1381747233952,600.876621806728,63
"341",2021-02-04,13716,633,425,51,47.1,82,3,43,33,2,5,26,21,0,716,36,2814,0.0127900004386902,90,0,1.23936161275738,1.72220433091198,77.2736018643593,602.644166114985,82
"342",2021-02-05,13772,629,427,72,47,56,1,8,46,2,5,22,17,2,718,47,2435,0.0160199999809265,149,0,1.50962461120573,1.76800879413744,52.2545898022695,592.258233736756,56
"343",2021-02-06,13797,598,427,61,49.9,25,1,4,19,3,6,22,16,0,721,20,2370,0.0147699999809265,205,0.0146300005912781,1.47588543984496,1.7680969943187,22.8578502183256,563.849721527937,25
"344",2021-02-07,13822,553,429,33,51,25,1,2,19,3,4,24,20,2,724,20,1004,0.0249000000953674,75,0,2.31692308579693,1.82730346048305,20.206992815867,503.423351358724,25
"345",2021-02-08,13870,551,431,24,50.6,48,1,7,39,2,5,22,17,2,726,40,852,0.0140799999237061,28,0,1.36319999261336,1.6252271266111,44.8901091752685,521.936253889324,48
"346",2021-02-09,13924,570,431,42,48.1,54,5,7,39,0,2,20,18,0,726,44,2243,0.0178299999237061,149,0,1.67193519351474,1.54438558014343,48.1534911841236,533.124772157964,54
"347",2021-02-10,13979,585,432,41,46.3,55,0,5,49,3,4,21,17,1,729,49,2791,0.0125399994850159,100,0,1.21062395581734,1.54107912736435,51.7046666826113,557.596530802605,55
"348",2021-02-11,14037,610,433,51,46.3,58,1,11,44,1,3,17,14,1,730,45,2565,0.0155900001525879,58,0,1.52452727378528,1.58181707893976,53.3454669967744,574.01633040072,58
"349",2021-02-12,14088,613,435,52,43.4,51,0,8,42,3,2,17,15,2,733,42,2612,0.0157000005245209,173,0,1.47247401687786,1.57650985117864,47.6070294847158,578.074025574543,51
"350",2021-02-13,14123,614,435,45,41.1,35,0,4,30,6,2,21,19,0,739,30,2100,0.0219000005722046,46,0.0217400002479553,2.18965709287211,1.67847723018252,31.4582210417074,561.978257320278,35
"351",2021-02-14,14163,586,437,49,43.4,40,0,4,34,4,2,21,19,2,743,34,1173,0.0170500004291534,10,0,1.69058753198622,1.58900072249527,35.7758862454149,547.666745288622,40
"352",2021-02-15,14223,606,438,34,44.9,60,2,7,50,4,2,23,21,1,747,52,867,0.0253699994087219,26,0,2.46313432109316,1.74613419799239,54.0439936238185,548.243464154501,60
"353",2021-02-16,14276,603,438,61,47.6,53,4,13,33,4,2,25,23,0,751,37,1560,0.0333299994468689,23,0,3.28457353993149,1.97651110462335,45.2975830827003,526.363313482926,53
"354",2021-02-17,14332,618,439,50,48.9,56,5,6,42,2,2,26,24,1,753,47,2064,0.0184099996089935,222,0,1.66221518779364,2.04102413776282,49.9770878842878,578.251921542337,56
"355",2021-02-18,14401,632,439,68,51.3,69,3,12,50,3,3,27,24,0,756,53,2349,0.021710000038147,116,0,2.06883529775283,2.11878242690105,60.757301171474,581.40781774286,69
"356",2021-02-19,14456,638,440,58,52.1,55,2,17,33,1,3,27,24,1,757,35,2577,0.0155200004577637,97,0.0103100001811981,1.53310064312764,2.12744337350816,49.9237524771708,600.152973726713,55
"357",2021-02-20,14502,615,440,66,55.1,46,0,3,42,4,3,27,24,0,761,42,2386,0.0268199992179871,68,0,2.60768207555489,2.18716122817713,40.762162015416,552.945943797163,46
"358",2021-02-21,14538,597,440,53,55.7,36,0,6,29,2,4,25,21,0,763,29,1001,0.0299699997901916,28,0,2.91544895918191,2.36214143206222,31.7285231032464,529.65269974614,36
"359",2021-02-22,14604,615,440,32,55.4,66,0,12,53,1,6,24,18,0,764,53,863,0.0150600004196167,66,0,1.39900757396439,2.21012332532954,62.1309616567327,581.708328658313,66
"360",2021-02-23,14655,617,440,47,53.4,51,0,7,43,3,6,26,20,0,767,43,2035,0.0186699998378754,84,0,1.79298960217444,1.99703990564996,47.0167706456955,574.194127637073,51
"361",2021-02-24,14704,625,441,60,54.9,49,2,9,38,1,6,25,19,1,768,40,2871,0.0181099998950958,41,0,1.78550170669025,2.01465226549234,46.236492305677,581.820192276202,49
"362",2021-02-25,14738,621,441,43,51.3,34,1,4,27,1,6,24,18,0,769,28,2378,0.0193400001525879,127,0,1.8359489166808,1.98138278248205,30.0108888963621,576.884357308602,34
"363",2021-02-26,14800,620,441,56,51,62,6,13,39,1,6,22,16,0,770,45,2639,0.0181900000572205,181,0,1.70224858691506,2.00554677445168,55.0360156021082,579.162881629046,62
"364",2021-02-27,14842,620,442,70,51.6,42,0,7,29,3,6,24,18,1,773,29,2535,0.0205100011825562,47,0.0212800002098083,2.05240174313094,1.92622101267683,33.6969636651112,570.762671460997,42
"365",2021-02-28,14909,634,442,50,51.1,67,2,9,53,7,6,28,22,0,780,55,1553,0.0257599997520447,94,0,2.42897872586068,1.85672526505951,58.8307585548487,574.41274406862,67
"366",2021-03-01,14974,636,442,55,54.4,65,3,5,55,3,6,29,23,0,783,58,991,0.0302699995040894,45,0,2.89551829233133,2.0705125105405,56.501775314806,564.743605176149,65
"367",2021-03-02,15036,642,443,62,56.6,62,2,7,52,3,4,29,25,1,786,54,1985,0.0256900000572205,41,0,2.51701135802481,2.1739441899477,55.7408040504667,579.474003711105,62
"368",2021-03-03,15091,648,443,65,57.3,55,1,5,47,6,5,32,27,0,792,48,2612,0.0191400003433228,108,0,1.83800297414555,2.18144437101274,49.5862802535281,601.914783422629,55
"369",2021-03-04,15137,631,443,61,59.9,46,2,3,40,1,5,31,26,0,793,42,2381,0.0201600003242493,223,0.00448000013828278,1.88172046093988,2.18798316304975,41.9419483607706,585.056414658243,46
"370",2021-03-05,15199,622,444,51,59.1,62,2,7,49,2,2,28,26,1,795,51,2402,0.0187300002574921,152,0,1.76152938991762,2.19645184919297,54.5238341661446,579.604408849841,62
"371",2021-03-06,15239,620,445,46,55.7,40,2,3,32,0,2,26,24,1,795,34,1943,0.0210999989509583,23,0,2.08531525746246,2.20115377981176,34.2565878672254,569.973072872934,40
"372",2021-03-07,15274,606,446,55,56.4,35,0,0,34,2,5,25,20,1,797,34,1739,0.0189800000190735,16,0.0625,1.93767635516631,2.13096772685542,31.4508195808137,560.564607822739,35
"373",2021-03-08,15349,639,447,39,54.1,75,1,10,58,6,4,29,25,1,803,59,1161,0.0198099994659424,140,0,1.76782547117288,1.96986875240421,64.9641797437583,595.290014512908,69
"374",2021-03-09,15411,653,447,70,55.3,62,1,7,52,1,3,27,24,0,804,53,2081,0.0312299990653992,57,0,3.03973938517753,2.0445441848546,53.7662032630024,576.194919447936,60
"375",2021-03-10,15485,668,447,79,57.3,74,1,9,60,0,2,23,21,0,804,61,2618,0.0183299994468689,186,0,1.71141007674404,2.02645948522582,65.9605304667636,623.764497570461,66
"376",2021-03-11,15556,677,450,72,58.9,71,1,5,62,1,2,20,18,3,805,63,2283,0.0275999999046326,85,0,2.66092904485963,2.13777499721435,61.5134426740714,607.295249053116,63
"377",2021-03-12,15621,662,450,96,65.3,65,1,6,54,2,2,17,15,0,807,55,2325,0.0232299995422363,132,0,2.19819897988195,2.20015636720926,56.3218934564902,605.692608512663,58
"378",2021-03-13,15671,664,450,58,67,50,2,2,40,4,4,21,17,0,811,42,2322,0.0189499998092651,97,0,1.81901197011631,2.16211304044552,41.0438581859211,617.264805605991,50
"379",2021-03-14,15737,687,450,65,68.4,66,2,6,56,2,3,22,19,0,813,58,1530,0.033989999294281,36,0,3.32086200001596,2.35971098970976,56.5472039041233,598.722915209185,58
"380",2021-03-15,15830,720,451,61,71.6,93,0,7,84,4,5,24,19,1,817,84,994,0.0392400002479553,13,0,3.87334262626292,2.66049915472262,78.4105830133512,612.09071154301,71
"381",2021-03-16,15912,730,452,83,73.4,82,2,4,72,5,6,27,21,1,822,74,1555,0.0327999997138977,8,0,3.26321174376909,2.69242377737856,68.6563321404879,637.825979223732,66
"382",2021-03-17,15981,741,453,80,73.6,69,0,7,60,3,5,27,22,1,825,60,2804,0.0306699991226196,173,0,2.88876981994711,2.86061802640757,60.2933660091396,658.173070212874,61
"383",2021-03-18,16062,770,453,73,73.7,81,1,1,78,1,5,23,18,0,826,79,2542,0.0330399990081787,159,0,3.10950305363903,2.92470002766177,70.4948604783984,677.354969219832,66
"384",2021-03-19,16170,810,455,110,75.7,108,0,2,106,1,4,23,19,2,827,106,2586,0.0425400018692017,94,0,4.10479271767744,3.19707056163255,91.1640544092141,681.347962938334,83
"385",2021-03-20,16188,787,456,110,83.1,18,0,0,18,2,4,25,21,1,829,18,1930,0.0507800006866455,147,0.00680000007152557,4.76673092613096,3.61817326963465,14.6800345842307,641.843734321641,50
"386",2021-03-21,16188,759,456,38,79.3,0,0,0,0,0,4,25,21,0,829,0,794,0.0541599988937378,66,0,5.00035338623579,3.85810061052319,0,612.146976993734,65
