"","date","observed_cumulative_cases","observed_active_cases","observed_cumulative_deaths","observed_new_cases","observed_daily_average_cases","observed_new_episodes","observed_new_cases_community_outbreak","observed_new_cases_institution_outbreak","observed_new_cases_sporadic","observed_new_ICU_p_acute_care","observed_census_ICU","observed_census_ICU_p_acute_care","observed_census_acute_care","observed_new_deaths","cumulative_hosp","observed_new_community_cases","num_non_ltch_tests","non_ltch_pct_positivity","num_ltch_tests","ltch_pct_positivity","observed_pct_positivity","pct_positivity_7_day","adjusted_new_episodes","adjusted_active_cases","adjusted_episode_cases"
"1",2020-03-01,7,7,0,0,0,2,0,0,2,0,0,1,1,0,0,2,NA,NA,NA,NA,NA,NA,NA,NA,2
"2",2020-03-02,10,10,0,0,0,3,2,0,1,0,0,1,1,0,0,3,NA,NA,NA,NA,NA,NA,NA,NA,3
"3",2020-03-03,11,11,0,0,0,1,0,0,1,0,0,1,1,0,0,1,NA,NA,NA,NA,NA,NA,NA,NA,1
"4",2020-03-04,12,12,0,0,0,1,0,0,1,0,0,1,1,0,0,1,NA,NA,NA,NA,NA,NA,NA,NA,1
"5",2020-03-05,18,17,0,0,0,6,2,0,4,0,0,1,1,0,0,6,NA,NA,NA,NA,NA,NA,NA,NA,6
"6",2020-03-06,23,22,0,0,0,5,0,1,4,0,0,1,1,0,0,4,NA,NA,NA,NA,NA,NA,NA,NA,5
"7",2020-03-07,27,26,0,0,0,4,0,0,4,0,0,1,1,0,0,4,NA,NA,NA,NA,NA,NA,NA,NA,4
"8",2020-03-08,36,35,0,0,0,9,1,0,8,0,0,1,1,0,0,9,NA,NA,NA,NA,NA,NA,NA,NA,9
"9",2020-03-09,45,44,0,1,0.1,9,0,0,9,0,0,1,1,0,0,9,NA,NA,NA,NA,NA,NA,NA,NA,9
"10",2020-03-10,52,51,0,0,0.1,7,1,0,6,0,0,1,1,0,0,7,NA,NA,NA,NA,NA,NA,NA,NA,7
"11",2020-03-11,61,60,0,0,0.1,9,0,0,9,0,0,1,1,0,0,9,NA,NA,NA,NA,NA,NA,NA,NA,9
"12",2020-03-12,75,74,0,3,0.6,14,1,0,13,0,0,1,1,0,0,14,NA,NA,NA,NA,NA,NA,NA,NA,14
"13",2020-03-13,97,96,0,1,0.7,22,2,2,18,0,0,1,1,0,0,20,NA,NA,NA,NA,NA,NA,NA,NA,22
"14",2020-03-14,115,114,0,4,1.3,18,1,1,16,1,0,2,2,0,1,17,NA,NA,NA,NA,NA,NA,NA,NA,18
"15",2020-03-15,142,140,0,4,1.9,27,1,0,26,0,0,2,2,0,1,27,NA,NA,NA,NA,NA,NA,NA,NA,27
"16",2020-03-16,157,155,0,0,1.7,15,0,0,15,0,0,2,2,0,1,15,NA,NA,NA,NA,NA,NA,NA,NA,15
"17",2020-03-17,180,177,0,5,2.4,23,1,0,22,2,0,4,4,0,3,23,135,0.0074099999666214,4,0,0.719676255750999,0.719676255750999,22.2982340948266,171.599453686274,23
"18",2020-03-18,196,192,0,4,3,16,0,0,16,0,0,3,3,0,3,16,204,0.0147099995613098,1,0,1.46382434658888,1.09175030116994,15.0070298276338,180.084357931606,16
"19",2020-03-19,221,217,0,1,2.7,25,0,0,25,4,0,7,7,0,7,25,118,0.0339000010490417,7,0,3.20016009902954,1.79455356712314,21.6081317956011,187.558583985817,25
"20",2020-03-20,243,239,0,2,2.9,22,1,1,20,3,1,10,9,0,10,21,138,0.00725000023841858,4,0,0.704577487958989,1.5220595473321,21.372699964942,231.860728172435,22
"21",2020-03-21,263,259,0,4,2.9,20,0,2,18,3,1,10,9,0,13,18,202,0.0148500001430511,3,0,1.4632683067787,1.51030129922142,18.8833328879527,242.932400998874,20
"22",2020-03-22,289,284,0,7,3.3,26,0,1,25,3,5,13,8,0,16,25,156,0.0192299997806549,2,0,1.89865820619124,1.57502745038306,23.9876011820302,261.139149427863,26
"23",2020-03-23,310,305,0,9,4.6,21,2,0,19,4,5,17,12,0,20,21,139,0.0359699988365173,2,0,3.54597860870632,1.8565919015721,17.8429412753451,259.147480427631,21
"24",2020-03-24,328,321,1,8,5,18,1,3,14,3,7,20,13,1,23,15,262,0.0305299997329712,4,0,3.00709019926258,2.18336532207375,16.087660619655,280.075937260617,18
"25",2020-03-25,351,344,1,8,5.6,23,0,1,22,4,8,23,15,0,27,22,150,0.0533300018310547,2,0,5.26282912806461,2.726080290856,18.0912693226597,267.245302136133,23
"26",2020-03-26,365,354,1,19,8.1,14,1,3,10,2,7,25,18,0,29,11,273,0.029300000667572,2,0,2.9086909753626,2.68444184461786,12.6435071067074,310.34559234313,14
"27",2020-03-27,382,362,1,27,11.7,17,3,2,12,5,9,26,17,0,34,15,577,0.0311999988555908,6,0,3.08789010972142,3.02491507629821,15.0362764441032,314.608804851025,17
"28",2020-03-28,407,384,2,26,14.9,25,1,1,23,3,8,25,17,1,37,24,365,0.076710000038147,3,0,7.60846467769664,3.90280027214363,17.2583144964836,260.133031943737,25
"29",2020-03-29,426,396,2,11,15.4,19,5,4,10,7,8,31,23,0,44,15,183,0.0437200021743774,0,0,4.37200021743774,4.25613484517885,16.2196550044513,322.598892117515,19
"30",2020-03-30,451,406,3,48,21,25,8,3,14,4,12,32,20,1,48,22,539,0.0760699987411499,0,0,7.60699987411499,4.83628074023723,17.9048212024462,275.061700372417,25
"31",2020-03-31,468,403,3,51,27.1,17,2,3,12,6,13,34,21,0,54,14,944,0.0667399978637695,0,0,6.67399978637695,5.36012496696785,13.038665846772,288.970166874937,17
"32",2020-04-01,495,405,3,37,31.3,27,6,4,16,3,15,33,18,0,57,22,585,0.0564099979400635,4,0.25,5.77247008403007,5.43293081782006,20.6159184925071,305.883954066607,27
"33",2020-04-02,512,401,6,32,33.1,17,5,4,7,6,14,34,20,3,63,12,104,0.086540002822876,9,0,7.96474362263637,6.15522405314489,11.9478986329962,265.592279319291,17
"34",2020-04-03,539,406,6,26,33,27,3,4,19,5,14,37,23,0,68,22,214,0.112150001525879,2,0,11.1111575585824,7.30140511726789,15.6364334388654,214.745089826334,27
"35",2020-04-04,556,414,7,18,31.9,17,3,7,6,7,14,43,29,1,75,9,318,0.0282999992370605,3,0,2.80355132628824,6.61498892420955,14.9302599022681,364.791955504334,17
"36",2020-04-05,583,425,8,40,36,27,4,8,13,4,13,43,30,1,79,17,422,0.0663500022888184,5,0.2,6.79149905524153,6.96063161532437,20.1051225828945,302.628064572363,27
"37",2020-04-06,602,425,9,40,34.9,19,3,7,9,4,12,44,32,1,83,12,234,0.119659996032715,4,0.25,12.1850584334686,7.61463998094632,12.8007933117958,205.444763126103,19
"38",2020-04-07,625,423,9,25,31.1,23,2,11,10,4,14,45,31,0,87,12,288,0.111110000610352,7,0,10.8473492121292,8.21083275605379,17.4813592686255,228.46791421905,23
"39",2020-04-08,645,426,11,26,29.6,20,1,10,8,5,16,44,28,2,92,9,364,0.0384599995613098,6,0.333330001831055,4.32416752737922,8.00393239081795,17.3500443348502,347.902098516241,20
"40",2020-04-09,681,434,11,25,28.6,36,1,20,13,6,16,47,31,0,98,14,296,0.0945899963378906,5,0,9.30187339402512,8.19495092958777,28.4788987197799,262.845860313177,36
"41",2020-04-10,715,450,11,36,30,34,0,20,13,4,16,49,33,0,102,13,332,0.0873499965667725,9,0,8.50445714374441,7.82256515603948,28.3127598675611,287.749380030963,34
"42",2020-04-11,759,480,11,31,31.9,44,0,34,8,5,19,53,34,0,107,8,227,0.105729999542236,11,0.363639984130859,11.7650208913979,9.1027750939123,38.0096596119452,240.579576716714,44
"43",2020-04-12,792,495,13,35,31.1,33,0,18,14,1,18,49,31,2,108,14,227,0.101319999694824,12,0.5,12.1337405567887,9.86595245127618,24.7980517811632,240.35968797684,33
"44",2020-04-13,816,502,16,16,27.7,24,0,19,5,3,20,51,31,3,111,5,165,0.0606099987030029,26,0.0384599995613098,5.75948155737672,8.94801289754877,22.7790984348432,379.421482858254,24
"45",2020-04-14,849,502,18,32,28.7,33,0,26,7,5,20,50,30,2,116,7,205,0.0585400009155273,18,0.166669998168945,6.72679827566104,8.3593627637676,31.0036637245896,358.834169963425,33
"46",2020-04-15,878,500,24,60,33.6,29,2,18,9,4,16,50,34,6,120,11,392,0.104589996337891,24,0.208330001831055,11.0574996654804,9.32126735492491,23.8432405364275,265.601842564887,29
"47",2020-04-16,948,549,24,21,33,70,1,55,13,7,13,52,39,0,127,14,308,0.0357100009918213,10,0,3.45870449857892,8.48652894128974,66.9470954907564,468.496816030377,70
"48",2020-04-17,980,553,26,73,38.3,32,0,26,6,0,13,49,36,2,127,6,378,0.0846599960327148,66,0.5,14.6399726352176,9.36303115435734,28.2759219920486,209.764143600477,32
"49",2020-04-18,1020,575,31,31,38.3,40,0,31,9,1,11,46,35,5,128,9,422,0.0616099977493286,8,0,6.0463765233062,8.54608195891566,37.6929077943693,427.602442418037,40
"50",2020-04-19,1037,578,35,38,38.7,17,0,13,4,5,15,47,32,4,133,4,451,0.0443499994277954,47,0.127659997940063,5.22125896488328,7.55858458864345,16.1145531862464,450.052935412598,17
"51",2020-04-20,1098,614,39,16,38.7,61,1,47,13,3,13,45,32,4,136,14,325,0.0523099994659424,43,0.0232599997520447,4.89155701515467,7.43459536832602,58.0966298341593,486.666479869557,61
"52",2020-04-21,1134,627,47,51,41.4,36,0,26,10,2,11,43,32,8,138,10,543,0.069980001449585,25,0.36,8.27449661745152,7.65569513143894,32.4919252642827,407.043714070526,36
"53",2020-04-22,1175,644,54,35,37.9,41,1,31,9,4,9,45,36,7,142,10,657,0.0258800005912781,121,0.0991699981689453,3.72785734793214,6.60860337178919,39.4195289713386,542.217665754206,41
"54",2020-04-23,1220,659,57,50,42,45,0,35,10,5,11,48,37,3,147,10,774,0.0361800003051758,105,0.0285700011253357,3.52709560345464,6.61837352962858,43.504644385153,560.456064981582,45
"55",2020-04-24,1261,666,65,38,37,41,0,36,5,7,10,48,38,8,154,5,519,0.040460000038147,94,0.106379995346069,5.05684495633423,5.2493552897881,39.928044154593,523.215481391785,41
"56",2020-04-25,1362,738,78,53,40.1,101,0,95,6,4,9,48,39,13,158,6,557,0.0502699995040894,28,0.0357100009918213,4.95731106864081,5.09377451055019,99.7389721559391,582.893575180506,101
"57",2020-04-26,1416,757,87,88,47.3,54,0,41,13,5,9,50,41,9,163,13,359,0.0501399993896484,81,0.0123500001430511,4.31832040737976,4.96478328804968,51.6199533519798,618.408052880672,54
"58",2020-04-27,1477,781,95,87,57.4,61,0,54,7,8,11,56,45,8,171,7,268,0.0634299993515015,80,0.1,7.18368960523057,5.29223080091767,58.8680704307576,543.137572345957,61
"59",2020-04-28,1498,777,103,65,59.4,21,0,14,7,7,13,61,48,8,178,7,503,0.0616300010681152,11,0.272730007171631,6.61477054788909,5.05512707669446,19.0369105989031,559.09707647824,21
"60",2020-04-29,1523,766,111,29,58.6,25,0,17,8,7,13,62,49,8,185,8,668,0.0329299998283386,74,0.148649997711182,4.44708082425305,5.15787328759745,23.491684257447,621.578767650547,25
"61",2020-04-30,1543,756,122,30,55.7,20,0,10,10,2,11,56,45,11,187,10,604,0.0397399997711182,6,0.333330001831055,4.26277702831831,5.26297063400655,18.19274318567,619.371384836655,20
"62",2020-05-01,1566,740,135,42,56.3,23,0,16,7,6,11,57,46,13,193,7,515,0.0310700011253357,55,0.0909099960327148,3.68440357216617,5.0669075791254,21.9065662142746,624.408428366174,23
"63",2020-05-02,1587,741,139,22,51.9,21,0,15,6,4,12,57,45,4,197,6,508,0.0511800003051758,28,0.0357100009918213,5.03718660126871,5.07831836950081,19.7186536265371,582.75372287733,21
"64",2020-05-03,1606,722,148,23,42.6,19,0,13,6,3,12,52,40,9,200,6,835,0.0203600001335144,231,0.0043299999833107,1.68863321835172,4.70264877106823,18.5704498916322,670.310803626404,19
"65",2020-05-04,1624,719,152,14,32.1,18,0,11,7,6,10,52,42,4,206,7,628,0.0111500000953674,24,0.125,1.53407976378692,3.895561650862,17.5447255951019,672.236814696899,18
"66",2020-05-05,1649,719,156,29,27,25,0,24,1,3,9,50,41,4,209,1,923,0.0292499995231628,29,0.172409992218018,3.36109656871868,3.43075108240908,24.8575021720094,616.544061674724,25
"67",2020-05-06,1665,693,161,23,26.1,16,0,11,5,4,10,52,42,5,213,5,598,0.0167200005054474,149,0.0134200000762939,1.60617674881196,3.02490764306035,15.6595207941883,645.809582074492,16
"68",2020-05-07,1688,671,167,32,26.4,23,0,16,7,6,10,54,44,6,219,7,812,0.0344799995422363,236,0.0169500005245209,3.05324043435905,2.85211670106617,22.0938787835046,584.141809104517,23
"69",2020-05-08,1701,638,173,16,22.7,13,0,8,5,4,8,54,46,6,223,5,718,0.00975000023841858,125,0.0480000019073486,1.54217086709408,2.54608345748445,12.6730888350597,596.286135353613,13
"70",2020-05-09,1718,622,179,12,21.3,17,0,12,5,5,7,52,45,6,228,5,1102,0.0154299998283386,167,0.0299399995803833,1.73395112220277,2.07419267476074,16.6324350346619,576.274918311936,17
"71",2020-05-10,1730,553,185,25,21.6,12,0,8,4,3,6,53,47,6,231,4,895,0.0178799998760223,318,0.0125800001621246,1.64905523005735,2.06853867643297,11.7203450912934,514.337708871309,12
"72",2020-05-11,1750,534,188,14,21.6,20,0,14,6,1,6,52,46,3,232,6,518,0.0115799999237061,190,0.015789999961853,1.27098021938302,2.03095302723242,19.6766913708459,505.225532005286,20
"73",2020-05-12,1773,517,193,13,19.3,23,0,17,6,4,7,52,45,5,236,6,843,0.0118599998950958,324,0.00308999985456467,0.942514127201777,1.68544124987286,22.7602457176148,496.341172667808,23
"74",2020-05-13,1794,499,195,21,19,21,0,15,6,2,8,48,40,2,238,6,1243,0.0144799995422363,224,0.0133899998664856,1.4313564690588,1.66046692419384,20.6358952792618,468.718624058606,21
"75",2020-05-14,1808,471,198,25,18,14,0,10,4,2,7,46,39,3,240,4,1042,0.0268700003623962,124,0.0241899991035461,2.65849916521926,1.60407531431672,13.5491586165248,417.913427095798,14
"76",2020-05-15,1828,457,201,17,18.1,20,0,12,8,1,6,45,39,3,241,8,1176,0.0119000005722046,135,0.0148099994659424,1.21996572088595,1.55804600771556,19.5862244076717,433.363069288243,20
"77",2020-05-16,1844,437,207,19,19.1,16,0,6,10,1,5,43,38,6,242,10,967,0.0134399998188019,25,0.04,1.4109354662078,1.51190091400199,15.401816534399,410.859382553235,16
"78",2020-05-17,1856,397,212,15,17.7,12,0,9,3,1,3,43,40,5,243,3,355,0.0253500008583069,10,0.1,2.73952063142437,1.66768168562585,11.6515639478972,350.890295771729,12
"79",2020-05-18,1871,389,213,26,19.4,15,0,8,7,2,2,44,42,1,245,7,377,0.0397900009155273,17,0.0588199996948242,4.06110922334158,2.06627154333422,13.7947699144934,322.023642391133,15
"80",2020-05-19,1883,352,219,23,20.9,12,0,8,4,0,2,41,39,6,245,4,359,0.0390000009536743,31,0.225809993743896,5.38490003805894,2.7008981020281,11.0868021270062,271.638587176546,12
"81",2020-05-20,1898,338,223,17,20.3,15,0,9,6,3,2,42,40,4,248,6,675,0.0296300005912781,36,0.0555600023269653,3.0942912071566,2.93846020747064,14.2128822831916,293.659035286462,15
"82",2020-05-21,1906,324,229,11,18.3,8,0,1,7,0,2,39,37,6,248,7,478,0.0209200000762939,36,0,1.94547860631683,2.83660012762744,7.42263327133241,297.276168558815,8
"83",2020-05-22,1913,308,233,7,16.9,7,0,3,4,1,2,37,35,4,249,4,516,0.00580999970436096,14,0,0.565652801405709,2.74312685341598,6.90407381168716,300.613683499911,7
"84",2020-05-23,1922,304,236,6,15,9,1,3,5,1,1,36,35,3,250,6,581,0.00861000001430511,43,0,0.801668270562704,2.65608868260953,8.79607371882013,293.667735086886,9
"85",2020-05-24,1931,300,237,8,14,9,0,3,6,1,2,37,35,1,251,6,332,0.0150600004196167,25,0.04,1.68064989896716,2.50482143511565,8.57248066756948,278.624033378474,9
"86",2020-05-25,1946,296,240,6,11.1,15,1,7,7,0,2,36,34,3,251,8,401,0.0174600005149841,8,0,1.71184846124906,2.16921275481671,14.4193926116913,274.517526632579,15
"87",2020-05-26,1952,286,243,16,10.1,6,0,2,4,1,2,36,34,3,252,4,1121,0.00802999973297119,41,0.0731699991226196,1.03283990229674,1.54748987827926,5.82484592188261,273.476483414607,6
"88",2020-05-27,1957,258,243,8,8.9,5,0,1,4,1,2,34,32,0,253,4,1151,0.00955999970436096,13,0.0769199991226196,1.03123021033621,1.25276687873349,4.82511890137418,246.720169138635,5
"89",2020-05-28,1961,233,244,4,7.9,4,0,2,2,1,1,31,30,1,254,2,1404,0.00284999996423721,88,0,0.268190345160124,1.01315426999681,3.97725948011785,230.35072943373,4
"90",2020-05-29,1968,223,247,7,7.9,7,0,3,4,2,1,32,31,3,256,4,1384,0.00649999976158142,37,0,0.633075275864088,1.0227860520623,6.8926399763639,217.014678682287,7
"91",2020-05-30,1971,205,248,15,9.1,3,1,1,1,0,1,31,30,1,256,2,1014,0.0128199994564056,119,0,1.14735034852562,1.072169206057,2.90271333818204,195.028117163659,3
"92",2020-05-31,1975,190,249,10,9.4,4,0,1,3,3,1,34,33,1,259,3,1308,0.00535000026226044,11,0.0909099960327148,0.606354078801859,0.918698374604815,3.92287861643725,185.115645707692,4
"93",2020-06-01,1986,180,250,5,9.3,11,0,5,6,0,1,31,30,1,259,6,766,0.00130999997258186,20,0,0.127666663994619,0.692386689282752,10.9675244874033,179.025734622098,11
"94",2020-06-02,1989,161,251,8,8.1,3,0,1,2,0,1,26,25,1,259,2,856,0.00935000002384186,9,0,0.925271678659957,0.677019800191783,2.92154393554924,154.684286811714,3
"95",2020-06-03,1999,152,251,8,8.1,10,0,7,3,0,0,22,22,0,259,3,1112,0.00540000021457672,137,0,0.480768633995942,0.598382432143173,9.93885166518447,148.90181770268,10
"96",2020-06-04,2006,142,254,8,8.7,7,0,2,5,0,0,20,20,3,259,5,1432,0.00488999992609024,21,0,0.481932546053766,0.628917032270836,6.89783938121593,139.098638426532,7
"97",2020-06-05,2010,133,256,15,9.9,4,0,1,3,1,0,21,21,2,260,3,1382,0.00940999984741211,28,0,0.922313460221527,0.670236772893328,3.88269215526449,127.799352216726,4
"98",2020-06-06,2013,124,257,2,8,3,0,0,3,0,0,21,21,1,260,3,1401,0.000710000023245811,69,0,0.0676673491542437,0.515996344411702,2.99139347821472,123.644263766209,3
"99",2020-06-07,2014,116,258,4,7.1,1,0,0,1,0,0,20,20,1,260,1,871,0.00230000004172325,22,0,0.224333710676478,0.461422006108076,0.990489096084297,114.896735145779,1
"100",2020-06-08,2017,108,258,0,6.4,3,0,0,3,0,0,19,19,0,260,3,701,0.0014300000667572,12,0,0.140593274445554,0.463268664743924,2.98211812499673,107.356252499882,3
"101",2020-06-09,2027,105,259,3,5.7,10,0,3,7,0,0,18,18,1,260,7,1337,0.00224000006914139,10,0,0.222337052148629,0.362849432385163,9.93401622816934,104.01024342254,10
"102",2020-06-10,2037,103,259,7,5.6,10,0,4,6,0,0,17,17,0,260,6,1283,0.00233999997377396,12,0,0.231831657633358,0.327287007190508,9.94102726833912,101.987634773155,10
"103",2020-06-11,2044,102,260,5,5.1,7,0,2,5,0,0,16,16,1,260,5,1528,0.00326999992132187,6,0,0.325720983036494,0.304971069616612,6.93095328910562,100.591447097755,7
"104",2020-06-12,2048,105,260,10,4.4,4,0,2,2,0,0,16,16,0,260,2,1595,0.00814999997615814,13,0,0.808411067286831,0.28869929919737,3.93145283459922,101.401273816459,4
"105",2020-06-13,2051,103,260,6,5,3,0,3,0,0,0,16,16,0,260,0,1478,0.00270999997854233,23,0.0434800004959106,0.333472350412492,0.326671442234262,3,101.543788992762,3
"106",2020-06-14,2054,100,260,1,4.6,3,0,1,2,0,0,16,16,0,260,2,768,0,13,0,0,0.29462376928048,3,100,3
"107",2020-06-15,2059,98,260,2,4.9,5,0,2,3,0,0,14,14,0,260,3,721,0.00555000007152557,17,0,0.542215454142268,0.35199836638001,4.93103632436152,95.7471865958098,5
"108",2020-06-16,2063,97,260,3,4.9,4,0,1,3,1,0,14,14,0,261,3,1250,0.000799999982118607,14,0,0.0791139222822989,0.331537919256249,3.98993760352442,96.674649180623,4
"109",2020-06-17,2066,87,260,8,5,3,0,0,3,1,1,6,5,0,262,3,1098,0.0091100001335144,26,0,0.889927059305944,0.425551548066618,2.88681133930983,83.717528839985,3
"110",2020-06-18,2068,73,260,2,4.6,2,0,0,2,0,1,6,5,0,262,2,1300,0.00231000006198883,122,0,0.211181440266208,0.409188756242292,1.98209340556892,72.3464093032655,2
"111",2020-06-19,2071,71,260,5,3.9,3,0,0,3,0,1,5,4,0,262,3,1871,0.0010700000077486,19,0,0.105924339391409,0.308833509400089,2.98652762157883,70.6811537106991,3
"112",2020-06-20,2077,71,261,1,3.1,6,0,0,6,1,1,5,4,1,263,6,1794,0.00111000001430511,158,0,0.102015370167181,0.275768226507901,5.974049596541,70.6929202257352,6
"113",2020-06-21,2083,75,261,1,3.1,6,0,0,6,0,1,4,3,0,263,6,1102,0.00363000005483627,86,0,0.336722227308887,0.323871401837742,5.91434547913752,73.929318489219,6
"114",2020-06-22,2085,74,262,6,3.7,2,0,1,1,0,1,1,0,1,263,1,510,0.00391999989748001,10,0,0.384461528406693,0.30133512673266,1.9837002800652,72.7938207248251,2
"115",2020-06-23,2094,79,262,4,3.9,9,0,0,9,0,1,1,0,0,263,9,1251,0.00159999996423721,20,0,0.157482293883616,0.312530608389991,8.93991009799948,78.472544193551,9
"116",2020-06-24,2096,73,263,3,3.1,2,0,0,2,1,1,2,1,1,264,2,1733,0.00289000004529953,24,0,0.285052366448724,0.226119937981817,1.97582970780395,72.1177843348441,2
"117",2020-06-25,2102,71,263,6,3.7,6,0,0,6,0,1,2,1,0,264,6,1798,0.00277999997138977,21,0.0476200008392334,0.329766903033684,0.243060718377171,5.91611475636343,70.0073579503006,6
"118",2020-06-26,2106,65,263,6,3.9,4,0,0,4,0,1,2,1,0,264,4,2028,0.00196999996900558,23,0,0.194790830674955,0.255755931417677,3.96696641144797,64.4632041860295,4
"119",2020-06-27,2109,67,263,3,4.1,3,0,0,3,0,1,1,0,0,264,3,1574,0.000640000030398369,80,0,0.0609044768952257,0.249882946664541,2.99225363910703,66.8269979400569,3
"120",2020-06-28,2111,66,263,2,4.3,2,0,0,2,0,1,1,0,0,264,2,879,0.00114000000059605,12,0,0.112464646523448,0.217846149409478,1.99046384563628,65.6853069059974,2
"121",2020-06-29,2115,67,263,1,3.6,4,0,0,4,2,1,3,2,0,266,4,855,0.00351000010967255,8,0,0.347746244932796,0.212601108913207,3.94102747888173,66.012210271269,4
"122",2020-06-30,2118,66,263,10,4.4,3,0,0,3,0,1,3,2,0,266,3,1605,0.00435999989509583,11,0,0.433032167798812,0.251965376615378,2.9449232039903,64.7883104877865,3
"123",2020-07-01,2120,65,263,4,4.6,2,0,0,2,0,2,3,1,0,266,2,1601,0.00312000006437302,15,0,0.309103966773589,0.25540131951893,1.97379031337661,64.1481851847399,2
"124",2020-07-02,2126,64,263,4,4.3,6,0,1,5,0,1,3,2,0,266,5,1012,0.00197999998927116,12,0,0.195679686439689,0.236246002862645,5.95851959363641,63.469050798546,6
"125",2020-07-03,2134,72,263,4,4,8,0,0,8,0,1,3,2,0,266,8,1332,0.00300000011920929,14,0,0.296879655184753,0.250830120649759,7.89930737145213,71.0937663430691,8
"126",2020-07-04,2137,72,263,4,4.1,3,0,0,3,0,1,3,2,0,266,3,1260,0.0031700000166893,40,0,0.307246155463732,0.286021789016688,2.96092176265966,71.0621223038319,3
"127",2020-07-05,2139,69,263,5,4.6,2,0,0,2,0,1,2,1,0,266,2,735,0.00272000014781952,47,0,0.255652187806566,0.306477152057134,1.97832262135962,68.252130436907,2
"128",2020-07-06,2145,69,263,0,4.4,6,0,1,5,0,1,2,1,0,266,5,601,0,10,0,0,0.256799117066734,6,69,6
"129",2020-07-07,2152,70,263,6,3.9,7,0,1,6,0,1,1,0,0,266,6,1271,0.0039300000667572,21,0,0.386612235669381,0.250167698191102,6.90165458909412,68.8526368727648,7
"130",2020-07-08,2165,76,263,5,4,13,0,1,12,0,1,1,0,0,266,12,1685,0.00296999990940094,39,0,0.290281313650846,0.247478747744995,12.852317994955,75.0646806347151,13
"131",2020-07-09,2173,80,263,5,4.1,8,0,0,8,1,0,2,2,0,267,8,1503,0.00266000002622604,41,0,0.258936531050372,0.256515439832236,7.91217653522838,79.1217653522838,8
"132",2020-07-10,2189,93,263,12,5.3,16,0,0,16,0,0,2,2,0,267,16,1900,0.00684000015258789,14,0.0714300012588501,0.73124453017455,0.318567564830778,15.5039678026525,90.1168128529177,16
"133",2020-07-11,2196,98,263,7,5.7,7,0,0,7,1,1,2,1,0,268,7,1571,0.00381999999284744,25,0,0.376016290022765,0.328391869767783,6.88840828442356,96.4377159819298,7
"134",2020-07-12,2219,118,263,9,6.3,23,0,2,21,1,1,3,2,0,269,21,1068,0.00842999994754791,13,0,0.832862159480219,0.410850437149733,22.2584854458608,113.833394410075,23
"135",2020-07-13,2242,136,263,6,7.1,23,0,2,21,0,0,3,3,0,269,21,807,0.00620000004768372,65,0,0.573784408082656,0.492819638304399,22.4891477723073,132.691623668276,23
"136",2020-07-14,2261,146,263,4,6.9,19,0,2,17,1,0,4,4,0,270,17,1406,0.00356000006198883,67,0,0.339807202115159,0.48613320493951,18.7550887386902,143.896644461693,19
"137",2020-07-15,2282,166,263,15,8.3,21,0,0,21,1,0,5,5,0,271,21,1406,0.00782000005245209,45,0,0.757747765247942,0.552914126596238,20.3253613579365,160.667142162736,21
"138",2020-07-16,2304,184,263,7,8.6,22,0,1,21,0,0,5,5,0,271,21,1693,0.00649999976158142,25,0.04,0.698748521324642,0.615744410921133,21.3778896155292,178.549128059875,22
"139",2020-07-17,2334,211,263,17,9.3,30,0,0,29,0,1,5,4,0,271,29,1788,0.00782999992370606,21,0,0.773910440220366,0.621839540927678,28.0484843022082,204.076903026411,30
"140",2020-07-18,2360,230,263,16,10.6,26,0,0,24,2,1,6,5,0,273,24,1563,0.00703999996185303,81,0,0.669313864986392,0.663739194493911,23.3189667475152,223.473431330354,26
"141",2020-07-19,2378,248,263,28,13.3,18,0,0,18,0,1,6,5,0,273,18,2015,0.021340000629425,22,0,2.11095244321509,0.84632352074175,16.3890642901823,225.804885775845,18
"142",2020-07-20,2408,273,263,47,19.1,30,0,0,27,2,3,8,5,0,275,27,1548,0.0148599994182587,35,0.0285700011253357,1.51631264301018,0.980970411445682,25.2642795731441,255.449937906235,30
"143",2020-07-21,2432,292,263,23,21.9,24,0,0,23,0,3,8,5,0,275,23,1428,0.0161099994182587,15,0,1.59425358068423,1.16017703695555,21.4454220933588,272.263619620033,24
"144",2020-07-22,2459,312,263,13,21.6,27,0,1,23,2,3,9,6,0,277,23,1765,0.00907000005245209,16,0,0.898851773867374,1.18033475247261,23.1235176599699,300.110326517852,27
"145",2020-07-23,2478,320,263,29,24.7,19,0,1,17,1,3,10,7,0,278,17,1668,0.0101900005340576,32,0,0.999818875929889,1.2233448031305,17.2793946082923,306.435663214913,19
"146",2020-07-24,2501,335,263,34,27.1,23,0,1,18,0,3,7,4,0,278,18,2036,0.0122800004482269,83,0,1.17989999587494,1.28134331108116,18.0995803607618,318.242190047512,23
"147",2020-07-25,2513,334,263,26,28.6,12,0,1,10,1,3,8,5,0,279,10,2124,0.00800000011920929,322,0,0.694685210678681,1.2849677890372,10.705479650361,324.163020322058,12
"148",2020-07-26,2520,336,263,21,27.6,7,0,0,6,2,4,10,6,0,281,6,1817,0.0121099996566772,73,0,1.16422589291971,1.149721138995,5.70384725763216,319.415446427401,7
"149",2020-07-27,2535,338,264,22,24,15,0,1,13,1,4,10,6,1,282,13,1601,0.00874000012874603,24,0,0.861091704992148,1.05611814784957,13.5254084382895,325.660619395528,15
"150",2020-07-28,2555,327,264,14,22.7,20,0,2,17,1,4,11,7,0,283,17,1488,0.00739000022411346,24,0,0.727269863325452,0.932263331084028,18.4758304755434,316.917445029571,20
"151",2020-07-29,2571,322,264,20,23.7,16,2,2,12,2,4,12,8,0,285,14,2254,0.00620999991893768,52,0,0.606996522865808,0.89056972379809,15.6397188891395,313.713534450207,16
"152",2020-07-30,2592,333,264,19,22.3,21,1,0,19,1,4,13,9,0,286,20,1890,0.00898999989032745,134,0,0.839481215055281,0.867664343673146,19.2881832024842,321.148250321363,21
"153",2020-07-31,2602,320,264,18,20,10,0,1,9,1,3,14,11,0,287,9,2130,0.00797999978065491,207,0,0.727317053179074,0.803009637573736,9.72248048100481,310.132639324615,10
"154",2020-08-01,2619,307,264,15,18.4,17,0,0,17,1,2,14,12,0,288,17,1628,0.00552999973297119,83,0.0120500004291534,0.584628264225414,0.787287216651841,16.5786374017456,299.39068719623,17
"155",2020-08-02,2627,292,264,2,15.7,8,0,0,8,0,2,14,12,0,288,8,1338,0.00149000003933907,11,0,0.147785029846973,0.642081379070021,7.9498757733801,290.170465728374,8
"156",2020-08-03,2636,278,264,10,14,9,0,1,7,0,1,13,12,0,288,7,1054,0.0113900005817413,47,0,1.09037789401956,0.67483654893108,7.67640460520232,265.148640035178,9
"157",2020-08-04,2648,266,264,20,14.9,12,0,1,11,1,1,12,11,0,289,11,1682,0.00535000026226044,12,0,0.531210179523144,0.646828022673608,11.7522655931925,260.0093316172,12
"158",2020-08-05,2657,246,264,12,13.7,9,1,0,8,1,1,13,12,0,290,9,1611,0.00559000015258789,70,0,0.535722203796496,0.636645977092277,8.79558657718419,240.412699776368,9
"159",2020-08-06,2667,222,264,12,12.7,10,0,0,10,1,2,11,9,0,291,10,1638,0.00305000007152557,10,0,0.303149278953816,0.560027129077783,9.87147613011215,219.14677008849,10
"160",2020-08-07,2679,223,264,6,11,12,0,3,9,1,2,11,9,0,292,9,1690,0,39,0,0,0.456124692909343,12,223,12
"161",2020-08-08,2685,206,264,14,10.9,6,1,1,4,0,1,11,10,0,292,5,1517,0.00725000023841858,95,0,0.682273595637778,0.470074025968253,5.85537085369907,200.041279172402,6
"162",2020-08-09,2687,197,264,16,12.9,2,0,1,1,2,2,13,11,0,294,1,1589,0.00441000014543533,102,0,0.414399185753799,0.50816176252637,1.9824310362158,193.538914134513,2
"163",2020-08-10,2699,198,264,8,12.6,12,2,0,10,0,1,13,12,0,294,12,1385,0.00578000009059906,27,0,0.566947600954653,0.433386006374241,11.7115626996055,193.24078454349,12
"164",2020-08-11,2712,202,264,8,10.9,13,2,1,10,0,1,13,12,0,294,12,1457,0.00342999994754791,41,0,0.333612144431062,0.405157715646801,12.8302732277965,199.142932667908,13
"165",2020-08-12,2719,185,264,12,10.9,7,3,0,4,0,2,11,9,0,294,7,1489,0.00268999993801117,7,0,0.26774130399055,0.366874729960237,6.92054144398592,182.900023876771,7
"166",2020-08-13,2741,188,264,11,10.7,22,0,0,22,0,2,10,8,0,294,22,1688,0.00532999992370605,56,0,0.515885313716503,0.397265592069192,21.5188249506476,183.888140487353,22
"167",2020-08-14,2752,182,264,6,10.7,11,4,1,6,1,2,11,9,0,295,10,1882,0.00477999985218048,36,0,0.469028139822923,0.464269612043896,10.8011497443623,178.380925347394,11
"168",2020-08-15,2756,174,264,2,9,4,0,0,4,1,2,12,10,0,296,4,2044,0.00734000027179718,21,0,0.726535620123653,0.470592758399021,3.87679051082436,168.64038722086,4
"169",2020-08-16,2760,156,264,26,10.4,4,0,1,3,0,2,12,10,0,296,3,1196,0.00501999974250793,22,0,0.492932651234769,0.481811824896302,3.93730453971449,152.739836065153,4
"170",2020-08-17,2783,170,265,8,10.4,23,1,4,18,1,1,10,9,1,297,19,1356,0.00663999974727631,32,0,0.648691617961576,0.493489541611577,22.4774604807087,165.324646406341,23
"171",2020-08-18,2809,189,265,15,11.4,26,1,1,24,0,1,8,7,0,297,25,1889,0.00582000017166138,77,0.0519500017166138,0.762671945902726,0.554783798964672,25.191639591882,182.888795314628,26
"172",2020-08-19,2833,198,265,23,13,24,4,3,15,2,1,8,7,0,299,19,1519,0.0118499994277954,25,0.04,1.23057960691847,0.692332127954375,21.0087331816164,187.669956313686,24
"173",2020-08-20,2850,206,266,24,14.9,17,1,0,16,3,0,7,7,1,302,17,1607,0.00995999991893768,103,0,0.936007009925898,0.752349513127146,16.3253861131582,197.82526701827,17
"174",2020-08-21,2871,213,266,16,16.3,21,3,2,16,0,0,7,7,0,302,19,1802,0.00721000015735626,116,0.00861999988555908,0.729527647042796,0.78956372844427,20.4123447637671,206.4120755096,21
"175",2020-08-22,2890,223,266,16,18.3,19,1,0,18,1,0,8,8,0,303,19,1866,0.0058899998664856,73,0,0.566825154763389,0.766747947678518,18.5434062415928,217.641031151326,19
"176",2020-08-23,2907,233,266,13,16.4,17,0,1,15,0,0,8,8,0,303,15,693,0.0173199999332428,5,0,1.71959311658127,0.941985157013733,14.9064359839239,216.013305616952,17
"177",2020-08-24,2926,249,266,19,18,19,2,0,17,1,1,9,8,0,304,19,1141,0.00963999986648559,59,0,0.916603320638339,0.980258257396127,18.2616499962613,239.323728898372,19
"178",2020-08-25,2940,251,266,23,19.1,14,0,1,13,4,2,12,10,0,308,13,1647,0.0145700001716614,73,0,1.3951622257399,1.07061401165858,13.2310549321116,236.153445227693,14
"179",2020-08-26,2958,259,266,15,18,18,1,4,13,0,2,12,10,0,308,14,1831,0.00437000006437302,41,0,0.427428959287767,0.955878204854194,17.7463007209018,254.306563336683,18
"180",2020-08-27,2971,262,266,16,16.9,13,1,3,9,1,2,10,8,0,309,10,1471,0.00611999988555908,9,0,0.608278367003879,0.909059827293906,12.742112895778,255.243357869382,13
"181",2020-08-28,2999,272,266,20,17.4,28,0,3,21,1,1,10,9,0,310,21,2135,0.00656000018119812,35,0,0.645419372666267,0.89704435952583,23.4253696690289,264.55716904647,28
"182",2020-08-29,3020,286,266,12,16.9,21,0,2,18,0,1,10,9,0,310,18,1793,0.00725000023841858,11,0.0909099960327148,0.776012216399356,0.926928225473825,19.407800116639,276.590601853265,21
"183",2020-08-30,3040,300,267,16,17.3,20,0,6,12,2,1,11,10,1,312,12,1408,0.00425999999046326,33,0,0.416244273877326,0.740735533658976,17.7882337371925,294.705843429812,20
"184",2020-08-31,3060,308,267,13,16.4,20,1,3,16,1,1,12,11,0,313,17,1345,0.00519999980926514,55,0,0.499571410247258,0.68115954646025,19.6399409328691,301.476576901393,20
"185",2020-09-01,3085,312,267,18,15.7,25,1,2,22,0,1,12,11,0,313,23,1367,0.0153600001335144,21,0.0952400016784668,1.65685592346988,0.718544360421677,23.3843777148623,290.083732479872,25
"186",2020-09-02,3121,322,267,15,15.7,36,1,9,26,0,1,10,9,0,313,27,1531,0.00261000007390976,49,0,0.252905703364294,0.693612466718323,35.7104992842859,318.547435908891,36
"187",2020-09-03,3143,323,267,24,16.9,22,1,4,17,1,1,9,8,0,314,18,1492,0.00938000023365021,133,0.00751999974250793,0.922776634729826,0.738540790679173,21.2957994682213,310.363512679748,22
"188",2020-09-04,3165,327,267,24,17.4,22,0,3,19,3,1,12,11,0,317,19,2704,0.00814000010490418,258,0.00774999976158142,0.810602978465527,0.762138448650496,21.347036281994,315.762150748002,22
"189",2020-09-05,3190,334,267,17,18.1,25,1,11,13,2,1,14,13,0,319,14,2256,0.00398999989032745,163,0,0.372114086505942,0.704438715808579,24.7791327109746,328.730737533251,25
"190",2020-09-06,3211,336,267,26,19.6,21,1,3,16,1,1,15,14,0,320,17,1310,0.00611000001430511,192,0.03125,0.932363516560566,0.778170036191899,19.3280121097531,322.718356992768,21
"191",2020-09-07,3252,361,267,29,21.9,41,2,6,33,0,1,13,12,0,320,35,1290,0.0147300004959106,44,0,1.4244153403092,0.91029059762932,38.886355515224,339.199266885596,41
"192",2020-09-08,3304,398,267,24,22.7,52,0,14,36,3,1,15,14,0,323,36,1094,0.0109700000286102,4,0,1.09300364583785,0.829740272253315,48.3317875211254,379.556984261331,52
"193",2020-09-09,3349,429,267,15,22.7,45,2,10,31,0,1,14,13,0,323,33,1589,0.0150999999046326,29,0,1.48293571374914,1.00545884516544,40.9252607713066,402.028390026986,45
"194",2020-09-10,3426,491,267,33,24,77,1,21,52,2,2,15,13,0,325,53,1958,0.0122599995136261,61,0,1.18895884337196,1.04348487497146,71.3284091628422,466.249979225576,77
"195",2020-09-11,3456,505,267,60,29.1,30,0,1,25,0,1,13,12,0,325,25,2316,0.0164100003242493,93,0.0752699995040894,1.86823041531098,1.19457450880652,24.0198517736328,465.001005827383,30
"196",2020-09-12,3505,530,269,47,33.4,49,0,4,42,1,0,13,13,2,326,42,1902,0.0178799998760223,26,0,1.7638879545744,1.39339934710202,42.8591475184705,490.365432971176,49
"197",2020-09-13,3540,543,270,31,34.1,35,1,5,29,1,1,12,11,1,327,30,1197,0.0150399994850159,44,0,1.45067521221305,1.46744387505237,33.154905139137,509.60378301838,35
"198",2020-09-14,3608,593,272,59,38.4,68,0,19,49,1,1,12,11,2,328,49,2394,0.0141999995708466,219,0.041100001335144,1.64545347359369,1.49902075123587,64.5817097124729,551.631711418295,68
"199",2020-09-15,3681,642,273,41,40.9,73,0,15,55,1,1,12,11,1,329,55,2961,0.0121599996089935,28,0,1.20460886056306,1.51496435333947,67.1911018179796,609.212497584416,73
"200",2020-09-16,3758,682,274,41,44.6,77,0,7,67,1,0,12,12,1,330,67,1888,0.0190699994564056,162,0.00616999983787537,1.80505848524047,1.56098189212395,68.8726456217409,629.80812408996,77
"201",2020-09-17,3808,707,278,57,48,50,2,4,38,2,2,12,10,4,332,40,2512,0.0191100001335144,207,0.00483000010251999,1.80228504437697,1.64859992083895,40.9435962461304,652.978063650355,50
"202",2020-09-18,3896,775,278,47,46.1,88,1,6,78,0,2,12,10,0,332,79,2409,0.0128699994087219,281,0.0213499999046326,1.37558284568078,1.57822169660606,80.3927572343959,729.802365274138,88
"203",2020-09-19,3966,825,280,47,46.1,70,2,4,60,0,2,11,9,2,332,62,2103,0.0214000010490417,161,0,1.98781811864553,1.61021172004479,60.7748881859004,755.472302473675,70
"204",2020-09-20,4009,857,280,76,52.6,43,1,4,34,2,2,12,10,0,334,35,2847,0.0186199998855591,112,0,1.79152212484578,1.65890413613518,36.3416174683204,791.907604867159,43
"205",2020-09-21,4118,937,280,55,52,109,2,22,82,1,3,13,10,0,335,84,2950,0.0189800000190735,73,0,1.85216672366083,1.68843460043049,99.4039093184691,863.422178945304,109
"206",2020-09-22,4227,1016,280,85,58.3,109,0,27,81,3,3,16,13,0,338,81,2507,0.0135599994659424,65,0.0307699990272522,1.39949333584327,1.71627523975623,103.194007288399,955.717424753251,109
"207",2020-09-23,4332,1074,281,67,62,105,0,25,75,2,3,17,14,1,340,75,1892,0.0169099998474121,7,0.571430015563965,1.8954044139153,1.72918180099549,93.9731496858677,987.695503501625,105
"208",2020-09-24,4434,1129,282,38,59.3,102,2,19,75,2,3,19,16,1,342,77,2728,0.0128299999237061,54,0,1.25809632609166,1.65144055552616,91.8929321886948,1068.78078494852,102
"209",2020-09-25,4553,1192,284,57,60.7,119,5,16,86,3,3,21,18,2,345,91,3290,0.0133700001239777,59,0.0339000010490417,1.37316812391102,1.65109559527334,101.702239024626,1122.60515293796,119
"210",2020-09-26,4637,1238,286,76,64.9,84,3,14,65,3,4,22,18,2,348,68,3437,0.0299699997901916,12,0,2.98657260883992,1.79377480815825,73.3898792012501,1081.24515369335,84
"211",2020-09-27,4719,1268,287,109,69.6,82,2,12,64,2,4,23,19,1,350,66,2691,0.0334400010108948,12,0,3.32915437367066,2.01343655799038,68.6845224464003,1089.02991609145,82
"212",2020-09-28,4834,1338,288,86,74,115,3,11,97,6,4,28,24,1,356,100,3136,0.0261500000953674,192,0.0104200005531311,2.52425001217769,2.10944845634993,100.298131229303,1194.80899584807,115
"213",2020-09-29,4941,1369,291,58,70.1,107,5,18,74,4,3,28,25,3,360,79,2164,0.026340000629425,80,0.025,2.62922287709785,2.28512410510058,88.1939378150105,1216.39874517404,107
"214",2020-09-30,5024,1398,291,107,75.9,83,1,10,67,5,5,31,26,0,365,68,3168,0.0306200003623962,281,0.0142299997806549,2.92846596365426,2.43270432649186,69.5573973900856,1224.43002281382,83
"215",2020-10-01,5124,1433,293,105,85.4,100,2,11,78,3,5,30,25,2,368,80,3845,0.0223699998855591,120,0.00833000004291534,2.19450818575346,2.56647744930069,83.5568898462973,1299.6752893718,100
"216",2020-10-02,5220,1483,294,115,93.7,96,0,13,79,1,5,30,25,1,369,79,3361,0.0214199995994568,197,0,2.02340131123593,2.65936790463282,85.2230173686908,1355.78145262998,96
"217",2020-10-03,5293,1495,295,65,92.1,73,2,6,64,5,6,32,26,1,374,66,3114,0.0301900005340576,485,0.0103100001811981,2.75109785359646,2.62572865388376,64.3020120347626,1320.62890896924,73
"218",2020-10-04,5351,1477,295,77,87.6,58,1,7,47,3,6,33,27,0,377,48,3117,0.0288700008392334,102,0,2.79552011854273,2.54949518886548,49.3110631399915,1301.94667203682,58
"219",2020-10-05,5429,1478,295,82,87,78,3,13,59,3,6,34,28,0,380,62,3818,0.0183299994468689,238,0.00839999973773956,1.77473219491439,2.44242121497072,70.3349986744116,1366.79238775452,78
"220",2020-10-06,5505,1451,296,139,98.6,76,5,15,53,2,7,35,28,1,382,58,2159,0.0194500005245209,55,0,1.89668252630716,2.3377725934292,68.3360929024429,1334.32191036973,76
"221",2020-10-07,5606,1465,296,174,108.1,101,12,22,63,3,10,37,27,0,385,75,2273,0.0312400007247925,76,0,3.0229255703471,2.35126682295674,87.3879510939773,1277.24464470236,101
"222",2020-10-08,5686,1424,296,85,105.3,80,5,14,55,2,9,37,28,0,387,60,2435,0.0271000003814697,182,0,2.52153232437443,2.39798455704546,67.5857919208455,1271.76946158807,80
"223",2020-10-09,5771,1427,296,97,102.7,85,5,19,59,2,9,38,29,0,389,64,2507,0.0207399988174438,247,0.00810000002384186,1.96063460570881,2.3890178848273,77.6800948162545,1308.38273910617,85
"224",2020-10-10,5836,1412,297,67,103,65,5,7,51,6,9,44,35,1,395,56,2629,0.0300500011444092,21,0,2.98118690598686,2.4218877494545,55.9220989596389,1233.53578091089,65
"225",2020-10-11,5900,1377,297,140,112,64,6,6,48,5,10,47,37,0,400,54,2660,0.0233100008964539,238,0.0168099999427795,2.2776184393012,2.34790179527713,54.7856283228892,1244.03352223367,64
"226",2020-10-12,5962,1349,297,63,109.3,62,2,14,43,3,10,47,37,0,403,45,1995,0.0150399994850159,237,0.0126600003242493,1.47872845203646,2.30561554629457,56.1788368845476,1264.42779905011,62
"227",2020-10-13,6047,1371,298,74,100,85,4,10,68,1,7,46,39,1,404,72,2112,0.0298300004005432,18,0,2.95779158901161,2.45720255525235,72.971256395184,1199.0776738583,85
"228",2020-10-14,6114,1376,300,84,87.1,67,1,16,49,2,7,46,39,2,406,50,3001,0.0293199992179871,111,0.0360400009155273,2.95596907952451,2.4476373422777,59.7339025400223,1203.55699790141,67
"229",2020-10-15,6200,1403,300,107,90.3,86,3,25,52,5,8,50,42,0,411,55,2118,0.0217199993133545,105,0.00952000021934509,2.11437510430572,2.38947202512502,75.0697155059797,1277.23292463435,86
"230",2020-10-16,6275,1424,301,78,87.6,75,2,10,59,4,8,48,40,1,415,61,3120,0.021470000743866,279,0.00358000010251999,2.000153643703,2.39511760198134,65.827262416617,1303.24625706988,75
"231",2020-10-17,6322,1406,302,64,87.1,47,1,10,36,6,8,50,42,1,421,37,3041,0.0217000007629395,149,0,2.06864270595921,2.26475414483453,43.755001768304,1282.69006719555,47
"232",2020-10-18,6379,1373,305,74,77.7,57,1,11,40,2,6,48,42,3,423,41,1143,0.0271199989318848,37,0.0540500020980835,2.79644142854012,2.3388717147258,47.1390983024627,1210.2190724215,57
"233",2020-10-19,6443,1351,307,69,78.6,64,1,6,57,3,6,47,41,2,426,58,1333,0.0375099992752075,27,0,3.67653154660674,2.6528435853787,54.9594772257447,1140.41816779278,64
"234",2020-10-20,6521,1355,309,46,74.6,78,3,14,57,4,5,46,41,2,430,60,1596,0.0250600004196167,46,0.0217400002479553,2.49669918886201,2.58697324250019,67.6489618024665,1211.57238737237,78
"235",2020-10-21,6609,1377,312,69,72.4,88,1,46,40,4,4,45,41,3,434,41,2257,0.0305699992179871,446,0.00897000014781952,2.70059594158062,2.55049136565106,82.3057012877811,1219.34026032377,88
"236",2020-10-22,6675,1364,312,88,69.7,66,2,24,36,2,3,45,42,0,436,38,2239,0.026800000667572,87,0.0114900004863739,2.6227356636719,2.62311430270337,57.774623889145,1212.33123644194,66
"237",2020-10-23,6754,1366,313,92,71.7,79,1,13,64,2,3,38,35,1,438,65,2768,0.024210000038147,65,0.0153799998760223,2.40074056115539,2.68034100519657,71.3841470915645,1226.96530657042,79
"238",2020-10-24,6819,1359,317,63,71.6,65,2,17,41,2,3,38,35,4,440,43,2361,0.0216000008583069,191,0,1.99833863740057,2.67029756683105,56.3569528239705,1243.862764832,65
"239",2020-10-25,6889,1340,319,69,70.9,70,1,24,42,3,3,40,37,2,443,43,1746,0.0303600001335144,77,0,2.90776523494877,2.68620096774657,61.6990336224913,1174.80709428229,70
"240",2020-10-26,6962,1299,320,77,72,73,1,16,51,4,3,41,38,1,447,52,997,0.0401200008392334,121,0.0165299999713898,3.75668790995115,2.69765187679577,59.7179906776187,1092.10903635051,73
"241",2020-10-27,7040,1269,322,61,74.1,78,0,15,60,1,3,33,30,2,448,60,1356,0.0287599992752075,116,0,2.64935862888461,2.71946036822757,68.2606307055035,1126.4623394214,78
"242",2020-10-28,7152,1276,325,94,77.7,112,2,69,38,2,2,31,29,3,450,40,1898,0.0400400018692017,166,0.01807000041008,3.82730346975863,2.88041858653872,102.509470253518,1068.95210108723,112
"243",2020-10-29,7216,1261,326,65,74.4,64,0,18,42,9,2,39,37,1,459,42,2192,0.0296499991416931,96,0,2.840594323365,2.91154125220916,54.9419192378848,1109.13714664221,64
"244",2020-10-30,7266,1230,328,122,78.7,50,1,9,36,4,2,42,40,2,463,37,2800,0.0357100009918213,105,0.0571400022506714,3.64845793505749,3.08978659133803,40.2768079216516,1039.74253361166,50
"245",2020-10-31,7305,1160,329,83,81.6,39,0,5,32,2,2,41,39,1,465,32,2342,0.0277500009536743,322,0,2.43958341717362,3.15282155987704,33.6902674191784,1040.02219394522,39
"246",2020-11-01,7355,1119,332,50,78.9,50,1,6,40,1,2,39,37,3,466,41,1716,0.0250600004196167,104,0,2.36280003956386,3.07496938910777,42.8928734905587,1006.90549843744,50
"247",2020-11-02,7419,1071,332,56,75.9,64,3,8,47,6,2,44,42,0,472,50,1031,0.0184300005435944,14,0.0714300012588501,1.91400484000667,2.81172895054427,53.9426703921138,984.091999799078,64
"248",2020-11-03,7490,999,333,36,72.3,71,1,36,33,1,2,45,43,1,473,34,1456,0.0219799995422363,13,0,2.17854862719511,2.74447037887434,66.8596834393746,906.730110468682,71
"249",2020-11-04,7555,923,337,53,66.4,65,5,1,51,1,1,42,41,4,474,56,1465,0.0273000001907349,295,0.0033899998664856,2.32923580909317,2.53046071306499,51.4699540564467,831.852992751791,65
"250",2020-11-05,7602,880,337,45,63.6,47,0,6,34,5,2,45,43,0,479,34,2537,0.0240400004386902,41,0,2.36576730461431,2.46262828181489,36.5898129825857,791.736336019865,47
"251",2020-11-06,7675,873,341,79,57.4,73,1,12,57,4,3,47,44,4,483,58,2342,0.0239100003242493,117,0.0256399989128113,2.39923142058523,2.284167351176,64.1003345072535,784.199862497109,73
"252",2020-11-07,7710,839,346,75,56.3,35,3,4,25,3,4,47,43,5,486,28,2499,0.0276099991798401,143,0,2.61155896860032,2.30873528709409,28.899832763974,746.105703177648,35
"253",2020-11-08,7747,777,346,47,55.9,37,1,5,29,1,4,48,44,0,487,30,1174,0.0204399991035461,91,0.0109899997711182,1.97601967800276,2.25348094972822,32.4867263725524,711.906213049108,37
"254",2020-11-09,7817,745,350,31,52.3,70,3,24,41,7,4,47,43,4,494,44,712,0.0210700011253357,20,0.1,2.3226558471638,2.31185966503638,63.6672383873996,671.638468150288,70
"255",2020-11-10,7884,754,350,51,54.4,67,0,11,54,3,5,48,43,0,497,54,1375,0.0334500002861023,17,0,3.30414873515737,2.47265968045957,57.4354934591888,648.377075337562,67
"256",2020-11-11,7941,754,353,78,58,57,0,6,49,2,5,47,42,3,499,49,2373,0.0257100009918213,241,0.0290499997138977,2.60179350744611,2.51159649450999,49.5949942557597,670.829095282507,57
"257",2020-11-12,7983,744,355,58,59.9,42,1,8,31,3,3,44,41,2,502,32,2317,0.0215799999237061,214,0.00467000007629395,2.01502330460505,2.46149020879438,37.2662593804262,680.44053059491,42
"258",2020-11-13,8021,720,357,81,60.1,38,1,7,26,0,3,37,34,2,502,27,2721,0.0216799998283386,199,0,2.02024929907224,2.40734990572109,31.6874241655206,658.331311080549,38
"259",2020-11-14,8042,697,357,51,56.7,21,3,2,14,3,3,38,35,0,505,17,1710,0.015789999961853,245,0.0163300001621246,1.58576726212221,2.26080823336708,17.8570805506987,650.140302578645,21
"260",2020-11-15,8072,653,360,29,54.1,30,1,1,25,0,2,36,34,3,505,26,984,0.0152400004863739,306,0.00653999984264374,1.31762794034426,2.16675227084443,25.5475760634182,616.521814208156,30
"261",2020-11-16,8116,614,363,11,51.3,44,0,3,39,3,2,34,32,3,508,39,735,0.0122399997711182,52,0,1.14312577277914,1.99824797450377,40.1098952321007,584.24296596179,44
"262",2020-11-17,8157,591,363,38,49.4,41,1,10,29,1,2,33,31,0,509,30,1827,0.0207999992370605,38,0,2.03761922820963,1.81731518779695,37.4083787089532,539.945060566378,41
"263",2020-11-18,8198,584,363,66,47.7,41,3,6,30,1,2,33,31,0,510,33,2686,0.0204800009727478,20,0.05,2.06981827837401,1.74131872650093,36.1041676732214,532.752543065494,41
"264",2020-11-19,8218,568,364,53,47,20,2,1,17,0,2,31,29,1,510,19,2476,0.0121200001239777,187,0.0160399997234344,1.23952685900304,1.63053351998636,19.0015259159854,538.150880014721,20
"265",2020-11-20,8243,525,364,29,39.6,25,1,2,20,1,2,31,29,0,511,21,2641,0.00757000029087067,222,0.0225200009346008,0.872923890173623,1.4666298901437,22.2228176513344,505.57044128336,25
"266",2020-11-21,8272,495,365,27,36.1,29,4,4,19,2,2,32,30,1,513,23,1491,0.0187800002098083,71,0,1.79263638366352,1.49618262179246,25.251976379135,457.379491637906,29
"267",2020-11-22,8299,481,368,26,35.7,27,3,4,19,3,4,32,28,3,516,22,1221,0.0147399997711182,36,0,1.43178518063129,1.51249079897632,24.6645494906823,451.802195682644,27
"268",2020-11-23,8339,463,370,20,37,40,2,10,25,1,3,27,24,2,517,27,923,0.0173300004005432,14,0,1.70710676304177,1.59305951187098,35.0458778780917,429.490424353943,40
"269",2020-11-24,8383,473,370,21,34.6,44,2,7,34,1,3,23,20,0,518,36,1403,0.00855000019073486,41,0.0975599956512451,1.10772923056108,1.46021808363548,41.3093123864014,450.786243299107,44
"270",2020-11-25,8438,481,371,38,30.6,55,4,10,39,2,2,23,21,1,520,43,2617,0.0122300004959106,72,0.0138900005817413,1.22744482483018,1.3398790188435,50.7623215009012,455.969224231011,55
"271",2020-11-26,8483,496,372,60,31.6,45,3,4,37,3,2,23,21,1,523,40,3060,0.0143799996376038,224,0.00446000009775162,1.37033614229488,1.35856605931376,41.6761164708987,467.183844239144,45
"272",2020-11-27,8529,507,374,56,35.4,46,2,3,40,3,1,24,23,2,526,42,3154,0.0177600002288818,337,0.00296999990940094,1.63322631599431,1.46718069157386,42.0918090833453,471.893981077525,46
"273",2020-11-28,8574,510,375,60,40.1,45,2,3,40,2,1,25,24,1,528,42,2599,0.01192999958992,191,0,1.11132863563449,1.369851013284,43.021121866627,485.970765523328,45
"274",2020-11-29,8619,524,377,23,39.7,45,0,4,38,5,1,28,27,2,533,38,898,0.0245000004768372,12,0,2.41769235474723,1.51069489530056,38.1049603051329,470.289452628675,45
"275",2020-11-30,8663,531,378,45,43.3,44,1,7,35,1,1,25,24,1,534,36,1133,0.0229500007629395,61,0,2.17775132867759,1.57792983324854,39.6761758240972,481.973593405434,44
"276",2020-12-01,8716,551,378,34,45.1,53,2,11,39,3,1,27,26,0,537,41,1905,0.0141700005531311,113,0.0176999998092651,1.4367666517424,1.62493517913158,49.5025468493128,517.436666194424,53
"277",2020-12-02,8758,565,379,50,46.9,42,1,5,34,6,1,31,30,1,543,35,2861,0.0101400005817413,81,0.0123500001430511,1.02008469326815,1.59531230319415,38.4863288642605,540.56502309449,42
"278",2020-12-03,8796,564,380,40,44,38,0,6,31,3,1,33,32,1,546,31,3333,0.0101999998092651,202,0,0.961714267730713,1.53693774968498,35.736035119367,541.003993784612,38
"279",2020-12-04,8838,567,382,54,43.7,42,1,5,32,2,1,31,30,2,548,33,2988,0.0110399997234344,165,0.0121200001239777,1.10965173466789,1.46214138092407,36.4475132922096,540.325455657056,42
"280",2020-12-05,8873,556,382,45,41.6,35,3,2,29,1,1,31,30,0,549,32,2279,0.0184300005435944,209,0,1.68818212374805,1.54454902208315,31.7096780794637,516.205656630682,35
"281",2020-12-06,8911,548,383,33,43,38,0,7,29,1,2,31,29,1,550,29,1397,0.0157500004768372,20,0,1.55276998349623,1.420988683333,34.0908837281794,511.924285622148,38
"282",2020-12-07,8964,550,384,23,39.9,53,0,4,44,2,1,31,30,1,552,44,1065,0.0169000005722046,25,0.04,1.74298170728421,1.35887873741966,44.7485823429212,509.357279286515,53
"283",2020-12-08,9011,555,384,58,43.3,47,1,1,44,0,1,28,27,0,552,45,2367,0.01942999958992,69,0,1.88796424586785,1.42333553658044,42.3980843904099,510.576374148388,47
"284",2020-12-09,9066,566,386,39,41.7,55,2,3,48,1,3,25,22,2,553,50,2913,0.00961000025272369,167,0.00598999977111816,0.941372100583144,1.41209088048258,51.0044685280312,543.410583737313,55
"285",2020-12-10,9110,564,386,57,44.1,44,2,0,42,1,3,24,21,0,554,44,3092,0.0139100003242493,253,0.00395000010728836,1.31566729535793,1.46265559871504,41.5457092538089,532.540454980642,44
"286",2020-12-11,9149,548,386,49,43.4,39,6,2,30,1,2,24,22,0,555,36,3047,0.0118099999427795,32,0,1.16872587936503,1.47109476224321,36.2162153769891,520.846834071945,39
"287",2020-12-12,9177,532,387,56,45,28,2,4,22,0,2,21,19,1,555,24,2615,0.01567999958992,24,0,1.55374001241534,1.45188874633853,26.4190546923863,496.955712347896,28
"288",2020-12-13,9217,530,388,27,44.1,40,5,2,33,0,2,20,18,1,555,38,1503,0.0119799995422363,46,0,1.16242345461467,1.39612495649831,38.1272697954815,503.880341884347,40
"289",2020-12-14,9259,527,388,19,43.6,42,3,4,35,2,2,21,19,0,557,38,917,0.0174500000476837,20,0,1.70775347318313,1.39109235162673,39.2487121638804,488.843981851709,42
"290",2020-12-15,9307,537,389,51,42.6,48,2,7,38,1,1,21,20,1,558,40,2078,0.0134700000286102,49,0,1.31596897317593,1.30937874124217,44.7683149942682,507.03962879805,48
"291",2020-12-16,9361,553,389,53,44.6,54,3,4,46,0,1,19,18,0,558,49,2308,0.0173300004005432,94,0,1.6651807212512,1.41277997276618,49.5407280255705,513.95964486001,54
"292",2020-12-17,9398,549,390,61,45.1,37,1,5,29,2,0,19,19,1,560,30,3212,0.0130799996852875,83,0.0241000008583069,1.33575900031511,1.41565021633149,33.3010655685824,517.909499905057,37
"293",2020-12-18,9440,539,390,23,41.4,42,3,4,35,0,0,18,18,0,560,38,3299,0.00726999998092651,170,0.00587999999523163,0.720188236848255,1.35157341025766,40.8397358477838,522.542568998829,42
"294",2020-12-19,9479,536,390,46,40,39,1,7,29,3,0,21,21,0,563,30,2799,0.0117900002002716,140,0,1.12283805922287,1.29001598837302,35.5718769334364,510.484201210731,39
"295",2020-12-20,9523,531,390,24,39.6,44,5,2,34,0,0,18,18,0,563,39,1360,0.0161800003051758,51,0,1.55951810170369,1.34674379510003,38.4214100759104,495.891506418165,44
"296",2020-12-21,9598,552,390,28,40.9,75,7,8,59,1,0,17,17,0,564,66,1364,0.00660000026226044,32,0.03125,0.716504323619143,1.20513677373374,71.9951125137006,535.231850114587,75
"297",2020-12-22,9679,594,390,67,43.1,81,5,7,67,2,0,17,17,0,566,72,3015,0.0225500011444092,48,0,2.21966220863185,1.3342358073703,72.22441748584,538.10144425818,81
"298",2020-12-23,9781,663,390,52,43,102,5,6,90,1,1,15,14,0,567,95,2650,0.02,199,0.0150800001621246,1.96563425876668,1.37715774130109,93.0831289303066,607.748573482034,102
"299",2020-12-24,9854,691,390,57,42.4,73,11,5,55,2,1,15,14,0,569,66,3467,0.0155799996852875,145,0,1.49545567300365,1.39997155168516,66.8154888026689,647.189435797639,73
"300",2020-12-25,9918,721,390,52,46.6,64,6,2,55,0,1,12,11,0,569,61,2539,0.029539999961853,161,0,2.77785407048685,1.69392381363353,55.8159968126457,636.087437736353,64
"301",2020-12-26,10011,763,390,86,52.3,93,5,4,83,2,2,14,12,0,571,88,952,0.0199600005149841,49,0,1.89829375527122,1.8047031987833,84.9177158791548,701.593377452217,93
"302",2020-12-27,10122,828,391,35,53.9,111,8,6,95,2,4,14,10,1,573,103,1467,0.0286299991607666,30,0.0666699981689453,2.9392323790189,2.00180523839976,96.1649252543334,724.820952529981,111
"303",2020-12-28,10257,925,391,65,59.1,135,15,7,111,1,2,14,12,0,574,126,1186,0.0421600008010864,38,0.0263199996948242,4.16682360608593,2.49470799303787,110.741140139888,761.591703407906,135
"304",2020-12-29,10377,1001,391,113,65.7,120,5,15,100,3,4,13,9,0,577,105,1881,0.0505100011825561,25,0.04,5.03721470222393,2.89721549212245,97.5763133700659,787.227520794628,120
"305",2020-12-30,10514,1092,391,88,70.9,137,12,10,115,3,5,14,9,0,580,127,2458,0.0573600006103516,62,0,5.59487625000969,3.41567863372859,106.875388122674,832.975778188665,137
"306",2020-12-31,10639,1178,391,147,83.7,125,0,9,116,2,5,14,9,0,582,116,2649,0.0332200002670288,145,0,3.14959845051393,3.65198474480149,109.510391840423,1020.7003585174,125
"307",2021-01-01,10756,1233,392,89,89,117,0,5,111,2,6,14,8,1,584,111,2778,0.0377999997138977,135,0.0148099994659424,3.67345517106454,3.77992775916973,98.7127872300329,1040.97177166334,117
"308",2021-01-02,10868,1291,392,134,95.9,112,4,8,100,2,6,16,10,0,586,104,2373,0.0295000004768372,430,0,2.49744920198125,3.86552139441403,100.988226827045,1154.30577724726,112
"309",2021-01-03,10991,1317,393,107,106.1,123,0,5,118,3,5,19,14,1,589,118,1513,0.060149998664856,126,0.0238100004196167,5.73563197271499,4.26500705065633,94.3060366985804,996.746189254494,123
"310",2021-01-04,11167,1428,393,115,113.3,176,5,30,141,5,8,22,14,0,594,146,1385,0.0534299993515015,155,0.00644999980926514,4.87014929040686,4.36548214841646,145.85450744246,1133.15230567008,176
"311",2021-01-05,11310,1504,395,105,112.1,143,2,19,122,6,8,24,16,2,600,124,2419,0.0574599981307983,97,0.0103100001811981,5.56422120413265,4.44076879154627,113.748150771674,1149.20337710159,143
"312",2021-01-06,11494,1600,395,132,118.4,184,11,42,130,7,7,29,22,0,607,141,2624,0.0514499998092651,211,0.0142200005054474,4.86790898081697,4.33691632451874,153.90027960099,1269.79040681975,184
"313",2021-01-07,11609,1632,395,188,124.3,115,2,7,105,6,9,33,24,0,613,107,2313,0.0488500022888184,91,0.0109899997711182,4.74168657542465,4.56435748522027,92.4898283673304,1303.91962519143,115
"314",2021-01-08,11742,1664,395,186,138.1,133,6,13,113,0,11,31,20,0,613,119,2661,0.0368300008773804,250,0,3.3666998397358,4.52053529503045,115.01448911771,1426.48831841907,133
"315",2021-01-09,11842,1675,397,153,140.9,100,6,2,92,4,11,31,20,2,617,98,3022,0.0324300003051758,374,0.00266999989748001,2.91525444298877,4.58022175803153,87.8876113994587,1467.97703157238,100
"316",2021-01-10,11934,1659,397,120,142.7,92,5,3,82,5,11,35,24,0,622,87,1825,0.0515100002288818,78,0,4.93987127786176,4.46654165876678,71.7794224434372,1311.55243486968,92
"317",2021-01-11,12098,1710,397,66,135.7,164,2,25,135,3,13,35,22,0,625,137,1613,0.0341000008583069,115,0,3.18306142271117,4.22552910623882,143.51187620295,1479.23582705872,164
"318",2021-01-12,12239,1738,398,160,143.6,141,1,22,116,4,13,36,23,1,629,117,2213,0.0700400018692017,74,0.0135099995136261,6.82108719285315,4.40508139034175,105.164958224698,1235.39057602159,141
"319",2021-01-13,12328,1726,402,172,149.3,89,1,9,76,2,11,35,24,4,631,77,2527,0.0375900006294251,173,0.0115600001811981,3.59221524525572,4.22283942811872,74.2731780555294,1463.13643277719,89
"320",2021-01-14,12419,1712,402,130,141,91,2,14,74,9,10,42,32,0,640,76,2580,0.0337199997901916,146,0,3.19140130075915,4.0013701031665,79.7169425015557,1480.36059950873,91
"321",2021-01-15,12514,1680,404,144,135,95,6,7,80,5,11,42,31,2,645,86,2926,0.0372499990463257,206,0.00485000014305115,3.51189646357016,4.02211247799998,80.1953589299963,1429.86282560923,95
"322",2021-01-16,12575,1631,405,119,130.1,61,0,1,58,2,9,40,31,1,647,58,2469,0.0320000004768372,289,0,2.86468459671178,4.01488821424613,51.9557937938724,1432.91206341045,61
"323",2021-01-17,12654,1570,407,74,123.6,79,2,3,71,2,9,40,31,2,649,73,2035,0.0260400009155273,32,0,2.56368659231244,3.67543325916765,68.0655825437782,1399.35567936619,79
"324",2021-01-18,12776,1592,408,64,123.3,122,2,45,73,7,10,44,34,1,656,75,1024,0.0400400018692017,48,0,3.82471659646105,3.76709828398907,107.838482251272,1333.851516587,122
"325",2021-01-19,12850,1533,415,81,112,74,3,24,47,8,9,46,37,7,664,50,2337,0.0410799980163574,88,0,3.95892599440113,3.35821811278163,65.6078228660812,1275.69584907405,74
"326",2021-01-20,12911,1491,415,166,111.1,61,1,8,50,2,7,38,31,0,666,51,3061,0.0222099995613098,162,0.00616999983787537,2.14037693549194,3.15081263995824,54.3720602887162,1355.70082138188,61
"327",2021-01-21,12982,1460,417,81,104.1,71,1,9,60,3,7,38,31,2,669,61,2638,0.0242600011825562,117,0,2.3229721640502,3.0267513347141,63.9923988059793,1316.21151240541,71
"328",2021-01-22,13060,1428,418,94,97,78,1,3,73,5,6,38,32,1,674,74,2311,0.0307200002670288,113,0.0176999998092651,3.01130448001446,2.95523819420614,67.5525708382645,1245.69015077083,78
"329",2021-01-23,13109,1364,418,84,92,49,1,4,41,4,9,40,31,0,678,42,2121,0.0329999995231628,274,0,2.92246342332478,2.96349231229371,40.7961397029079,1194.99844178015,49
"330",2021-01-24,13155,1280,419,44,87.7,46,2,9,35,2,8,38,30,1,680,37,1247,0.0224499988555908,37,0,2.18030752125559,2.90872387357131,42.5798375762782,1161.68086750368,46
"331",2021-01-25,13218,1222,419,29,82.7,63,1,18,43,4,7,39,32,0,684,44,825,0.0206100010871887,48,0,1.94768051511234,2.64057586195006,58.3667301895831,1121.09418844706,63
"332",2021-01-26,13280,1158,420,74,81.7,62,1,19,40,8,5,41,36,1,692,41,2352,0.0242300009727478,79,0,2.34426006943245,2.40990930124025,55.92510051,1042.90893635561,62
"333",2021-01-27,13358,1118,422,80,69.4,78,0,27,50,1,4,31,27,2,693,50,2800,0.0192900002002716,176,0.00568000018596649,1.84851077263073,2.36821413511722,73.0815054740065,1030.38246239879,78
"334",2021-01-28,13396,1057,422,66,67.3,38,1,3,33,3,5,31,26,0,696,34,2355,0.0208100008964539,209,0.0287100005149841,2.14539556235493,2.34284604916075,33.9074726497018,960.858782080435,38
"335",2021-01-29,13423,951,422,73,64.3,27,1,2,24,3,4,32,28,0,699,25,2847,0.0122899997234344,180,0.00555999994277954,1.18898015204223,2.08251400230758,25.7397930576672,903.061727913661,27
"336",2021-01-30,13442,854,423,41,58.1,19,1,6,12,2,5,34,29,1,701,13,2153,0.015789999961853,216,0,1.43503038910382,1.87002356884744,18.2090815536622,802.042742063655,19
"337",2021-01-31,13484,795,424,25,55.4,42,3,5,34,4,6,33,27,1,705,37,922,0.0195200002193451,24,0,1.90247782264653,1.83033361190329,39.0156580677057,730.876977400703,42
"338",2021-02-01,13528,708,424,27,55.1,44,6,7,29,4,5,30,25,0,709,35,548,0.0292000007629395,29,0,2.77324097367259,1.94827082026904,37.8848761852807,624.756923976536,44
"339",2021-02-02,13571,646,425,59,53,43,4,5,32,3,5,28,23,1,712,36,2440,0.0221300005912781,107,0.0186899995803833,2.19854854329876,1.92745488796423,37.6444337772258,585.786228335773,43
"340",2021-02-03,13634,631,425,54,49.3,63,4,22,36,2,4,27,23,0,714,40,2865,0.0136099994182587,212,0,1.26722939009786,1.84441469045953,59.8509699800301,597.099051434974,63
"341",2021-02-04,13716,633,425,51,47.1,82,3,43,33,2,5,26,21,0,716,36,2816,0.0131400001049042,90,0,1.27330489660737,1.71983030963845,77.0566001531456,598.82855269281,82
"342",2021-02-05,13772,630,427,72,47,56,1,8,46,2,5,22,17,2,718,47,2433,0.0152100002765656,149,0,1.43322736920542,1.75472276923319,52.1441183557841,591.71903327966,56
"343",2021-02-06,13797,599,427,61,49.9,25,1,4,19,3,6,22,16,0,721,20,2372,0.0155999994277954,205,0.0146300005912781,1.55228361520926,1.7714732301054,22.6837804920487,559.579225736857,25
"344",2021-02-07,13822,554,429,33,51,25,1,2,19,3,4,24,20,2,724,20,1005,0.0258699989318848,75,0,2.40734712282817,1.84359741584563,19.9587510848977,497.457405051667,25
"345",2021-02-08,13870,552,431,24,50.6,48,1,7,39,2,5,22,17,2,726,40,852,0.0140799999237061,29,0,1.36165266004513,1.64194194247028,44.6908423478224,520.133624399949,48
"346",2021-02-09,13925,572,431,42,48.1,55,5,8,39,0,2,19,17,0,726,44,2242,0.0174000000953674,148,0,1.63225105497129,1.56104230128064,48.9551430868495,532.416860129043,55
"347",2021-02-10,13980,587,432,41,46.3,55,0,5,49,3,4,20,16,1,729,49,2791,0.0125399994850159,100,0,1.21062395581734,1.55295581066914,51.4850312230464,556.871700569964,55
"348",2021-02-11,14038,612,433,51,46.3,58,1,11,44,1,3,17,14,1,730,45,2565,0.0155900001525879,58,0,1.52452727378528,1.58884472169456,53.091460499471,572.443862792805,58
"349",2021-02-12,14089,615,435,52,43.4,51,0,8,42,3,2,17,15,2,733,42,2612,0.0157000005245209,173,0,1.47247401687786,1.59445138564776,47.378051333757,576.607180244299,51
"350",2021-02-13,14124,616,435,45,41.1,35,0,4,30,6,2,21,19,0,739,30,2100,0.0214299988746643,46,0.0217400002479553,2.1436643824884,1.67893435240192,31.2735012618638,560.015892576937,35
"351",2021-02-14,14164,588,437,49,43.4,40,0,4,34,4,2,21,19,2,743,34,1173,0.0170500004291534,10,0,1.69058753198622,1.57654012513879,35.5630656311222,545.855370326467,40
"352",2021-02-15,14225,609,438,34,44.9,61,2,8,50,4,2,23,21,1,747,52,866,0.0253999996185303,26,0,2.46596408852547,1.73429890063598,54.5635256216716,545.330521223039,61
"353",2021-02-16,14278,606,438,61,47.6,53,3,13,34,3,2,24,22,0,750,37,1561,0.0333100008964539,23,0,3.28263329541442,1.97006779212786,44.8506626068193,521.662203776553,53
"354",2021-02-17,14335,622,439,50,48.9,57,5,6,43,2,2,25,23,1,752,48,2063,0.0184200000762939,222,0,1.66303983183345,2.03469863155873,50.6156821636785,578.144881371001,57
"355",2021-02-18,14407,639,439,68,51.3,72,3,12,53,3,3,26,23,0,755,56,2348,0.0212899994850159,116,0,2.02877105482213,2.10673345742114,63.1833141589535,584.038174063773,72
"356",2021-02-19,14462,645,440,58,52.1,55,2,16,34,1,3,26,23,1,756,36,2577,0.0155200004577637,97,0.0103100001811981,1.53310064312764,2.11539440402825,49.6600831717485,603.076490160494,55
"357",2021-02-20,14510,624,440,66,55.1,48,0,3,44,4,3,26,23,0,760,44,2384,0.026010000705719,68,0,2.52886793158377,2.17042348247044,42.2825633161788,557.098170665808,48
"358",2021-02-21,14550,610,440,53,55.7,40,0,7,32,2,4,24,20,0,762,32,1002,0.0299399995803833,28,0,2.9126096679169,2.34499807331769,35.0485224463901,534.674959134312,40
"359",2021-02-22,14616,628,440,32,55.4,66,0,11,54,1,6,23,17,0,763,54,863,0.0150600004196167,66,0,1.39900757396439,2.19257571409467,61.7971169604767,590.751656503321,66
"360",2021-02-23,14669,632,440,47,53.4,53,0,7,45,3,6,25,19,0,766,45,2037,0.0196399998664856,84,0,1.88621780895951,1.99308778745826,48.4014162958604,581.459891088529,53
"361",2021-02-24,14719,641,441,60,54.9,50,2,10,38,1,6,24,18,1,767,40,2874,0.0184399998188019,41,0,1.81806379002527,2.01523406719995,46.9168378720423,591.592326899478,50
"362",2021-02-25,14752,636,441,44,51.4,33,1,5,25,1,6,23,17,0,768,26,2377,0.0185099995136261,127,0,1.75711936277513,1.9764266826218,29.0631237819234,588.621027896281,33
"363",2021-02-26,14817,638,441,57,51.3,65,5,12,43,1,6,21,15,0,769,48,2639,0.0181900000572205,182,0,1.7016451666432,2.00050447169545,56.5371195696426,591.972547613167,65
"364",2021-02-27,14862,641,442,71,52,45,0,5,32,3,6,23,17,1,772,32,2533,0.0205299997329712,47,0.0212800002098083,2.05436625323554,1.93271851764571,34.2128836122556,585.170574857995,45
"365",2021-02-28,14928,655,442,50,51.6,66,2,9,54,7,6,28,22,0,779,56,1553,0.0257599997520447,94,0,2.42897872586068,1.86362838306625,59.2331455246033,587.548398546699,66
"366",2021-03-01,15002,665,442,55,54.9,74,3,5,64,3,6,29,23,0,782,67,991,0.0302699995040894,45,0,2.89551829233133,2.07741562854724,63.7751427364213,583.365222682391,74
"367",2021-03-02,15067,674,443,62,57,65,1,7,56,3,4,29,25,1,785,57,1985,0.0256900000572205,41,0,2.51701135802481,2.16752899269942,57.9174276251353,602.076249462127,65
"368",2021-03-03,15129,687,443,65,57.7,62,1,5,52,6,5,32,27,0,791,53,2614,0.0195099997520447,108,0,1.87359071828967,2.17546141102291,53.7900411578834,632.429401423885,62
"369",2021-03-04,15183,679,443,61,60.1,54,2,3,49,1,5,31,26,0,792,51,2380,0.0201699995994568,223,0.00448000013828278,1.88258313782344,2.19338480745838,49.9294640496002,624.806001758403,54
"370",2021-03-05,15251,677,444,51,59.3,68,2,10,52,2,2,28,26,1,794,54,2400,0.0183299994468689,152,0,1.72382439939206,2.19655326927965,60.05348245808,627.522363409633,68
"371",2021-03-06,15305,689,445,46,55.7,54,3,3,46,0,2,26,24,1,794,49,1944,0.0210899996757507,23,0,2.08433957141126,2.20083517187618,47.6699610002933,628.114349575553,54
"372",2021-03-07,15343,678,446,55,56.4,38,0,0,36,2,5,25,20,1,796,36,1736,0.0195899999141693,15,0.0666699981689453,1.99933122921371,2.13945695806947,32.948492057937,620.529933757813,38
"373",2021-03-08,15423,717,447,39,54.1,80,1,8,63,6,4,29,25,1,802,64,1162,0.0215100002288818,140,0,1.91970969784644,2.00005573028591,66.7911387756172,658.644476595586,80
"374",2021-03-09,15477,720,447,70,55.3,54,1,9,43,1,3,27,24,0,803,44,2079,0.0298200011253357,57,0,2.90242426683394,2.05511471725865,47.5857185591339,631.402667331282,54
"375",2021-03-10,15556,742,447,77,57,79,3,7,65,0,2,24,22,0,803,68,2620,0.0183200001716614,184,0,1.71178318294411,2.03199935506642,70.0650253930567,688.150718259531,79
"376",2021-03-11,15607,730,450,73,58.7,51,1,3,44,1,2,20,18,3,804,45,2285,0.0284500002861023,85,0,2.74296416260522,2.15491093003525,42.7668895449381,645.107319284551,51
"377",2021-03-12,15675,720,450,97,65.3,68,2,6,56,2,2,17,15,0,806,58,2328,0.023199999332428,133,0,2.19462000999156,2.22216744583518,58.6034701648414,653.008595149755,68
"378",2021-03-13,15722,717,450,57,66.9,47,2,2,37,4,4,21,17,0,810,39,2323,0.0193700003623962,96,0,1.86012860032437,2.19013730710848,37.9243647373715,660.455628633215,47
"379",2021-03-14,15784,735,450,65,68.3,62,2,8,49,2,3,22,19,0,812,51,1530,0.033989999294281,36,0,3.32086200001596,2.37892741722309,51.8196062708763,631.517855080276,62
"380",2021-03-15,15863,755,451,59,71.1,79,0,3,72,4,5,24,19,1,816,72,994,0.0352099990844727,13,0,3.47554509334318,2.60118961657976,64.3907989828121,643.750739333655,79
"381",2021-03-16,15940,760,452,85,73.3,77,2,6,65,5,6,27,21,1,821,67,1557,0.0340400004386902,8,0,3.38659940466713,2.67035749341308,63.3802035075797,650.879920384486,77
"382",2021-03-17,16019,778,453,78,73.4,79,1,6,68,3,5,27,22,1,824,69,2809,0.0313299989700317,173,0,2.95123967494363,2.84742270655587,66.3666206214797,680.655519471176,78
"383",2021-03-18,16111,815,453,63,72,92,3,4,84,2,5,24,19,0,826,87,2539,0.0315100002288818,159,0,2.96530357973058,2.87918548043092,80.0625603757389,712.540077083072,86
"384",2021-03-19,16224,853,455,118,75,113,4,4,99,2,4,25,21,2,828,103,2583,0.0410400009155273,94,0,3.95989250522253,3.13136726546391,89.7078945332313,709.7945052121,106
"385",2021-03-20,16292,869,456,86,79.1,68,4,4,58,5,5,29,24,1,833,62,1988,0.0553299999237061,149,0.00671000003814697,5.19400233289712,3.60763494154573,52.3472202524374,677.640877409163,67
"386",2021-03-21,16364,886,457,88,82.4,72,7,2,62,3,5,30,25,1,836,69,1287,0.0396300005912781,85,0,3.7174789184384,3.66429450132037,60.1251103368475,746.360112441259,69
"387",2021-03-22,16513,962,458,55,81.9,149,3,6,135,5,8,33,25,1,841,138,1139,0.0649700021743774,128,0,5.84063397605493,4.00216434170776,109.828319973829,723.78872329582,129
"388",2021-03-23,16630,996,459,114,86,117,2,2,112,4,9,33,24,1,845,114,1935,0.0351399993896484,151,0,3.25963081586624,3.98402597187906,100.245648880659,858.356721799445,104
"389",2021-03-24,16736,1040,459,99,89,106,1,4,98,4,9,34,25,0,849,99,3049,0.0442799997329712,46,0,4.36218801892824,4.18559002101972,84.6909070530258,847.662053890372,98
"390",2021-03-25,16882,1111,460,131,98.7,146,2,5,137,7,10,40,30,1,856,139,2961,0.035460000038147,275,0,3.24465575132735,4.22549747410497,124.878996515363,958.169533299055,132
"391",2021-03-26,16994,1166,461,108,97.3,112,3,1,105,4,11,42,31,1,860,108,2365,0.0710400009155273,115,0,6.77458073246864,4.62759579228299,77.9805972008873,831.105336446617,108
"392",2021-03-27,17110,1227,463,139,104.9,116,2,3,111,4,12,43,31,2,864,113,2370,0.0573799991607666,115,0,5.47245867247553,4.66737526936562,89.7826864454001,942.321736889433,109
"393",2021-03-28,17217,1267,464,187,119,107,0,0,107,1,12,40,28,1,865,107,961,0.0593100023269653,73,0,5.51227391065896,4.92377455396856,81.9941384740423,970.902555575809,106
"394",2021-03-29,17294,1290,464,188,138,77,0,1,76,2,11,40,29,0,867,76,NA,NA,NA,NA,NA,NA,NA,NA,113
"395",2021-03-30,17294,1233,464,62,130.6,0,0,0,0,0,11,40,29,0,867,0,NA,NA,NA,NA,NA,NA,NA,NA,112
