"","date","observed_cumulative_cases","observed_active_cases","observed_cumulative_deaths","observed_new_cases","observed_daily_average_cases","observed_new_episodes","observed_new_cases_community_outbreak","observed_new_cases_institution_outbreak","observed_new_cases_sporadic","observed_new_ICU_p_acute_care","observed_census_ICU","observed_census_ICU_p_acute_care","observed_census_acute_care","observed_new_deaths","cumulative_hosp","observed_new_community_cases","num_non_ltch_tests","non_ltch_pct_positivity","num_ltch_tests","ltch_pct_positivity","observed_pct_positivity","pct_positivity_7_day","adjusted_new_episodes","adjusted_active_cases","adjusted_episode_cases"
"1",2020-03-01,7,7,0,0,0,2,0,0,2,0,0,1,1,0,0,2,NA,NA,NA,NA,NA,NA,NA,NA,2
"2",2020-03-02,10,10,0,0,0,3,2,0,1,0,0,1,1,0,0,3,NA,NA,NA,NA,NA,NA,NA,NA,3
"3",2020-03-03,11,11,0,0,0,1,0,0,1,0,0,1,1,0,0,1,NA,NA,NA,NA,NA,NA,NA,NA,1
"4",2020-03-04,12,12,0,0,0,1,0,0,1,0,0,1,1,0,0,1,NA,NA,NA,NA,NA,NA,NA,NA,1
"5",2020-03-05,18,17,0,0,0,6,2,0,4,0,0,1,1,0,0,6,NA,NA,NA,NA,NA,NA,NA,NA,6
"6",2020-03-06,23,22,0,0,0,5,0,1,4,0,0,1,1,0,0,4,NA,NA,NA,NA,NA,NA,NA,NA,5
"7",2020-03-07,27,26,0,0,0,4,0,0,4,0,0,1,1,0,0,4,NA,NA,NA,NA,NA,NA,NA,NA,4
"8",2020-03-08,36,35,0,0,0,9,1,0,8,0,0,1,1,0,0,9,NA,NA,NA,NA,NA,NA,NA,NA,9
"9",2020-03-09,45,44,0,1,0.1,9,0,0,9,0,0,1,1,0,0,9,NA,NA,NA,NA,NA,NA,NA,NA,9
"10",2020-03-10,52,51,0,0,0.1,7,1,0,6,0,0,1,1,0,0,7,NA,NA,NA,NA,NA,NA,NA,NA,7
"11",2020-03-11,61,60,0,0,0.1,9,0,0,9,0,0,1,1,0,0,9,NA,NA,NA,NA,NA,NA,NA,NA,9
"12",2020-03-12,75,74,0,3,0.6,14,1,0,13,0,0,1,1,0,0,14,NA,NA,NA,NA,NA,NA,NA,NA,14
"13",2020-03-13,97,96,0,1,0.7,22,2,2,18,0,0,1,1,0,0,20,NA,NA,NA,NA,NA,NA,NA,NA,22
"14",2020-03-14,115,114,0,4,1.3,18,1,1,16,1,0,2,2,0,1,17,NA,NA,NA,NA,NA,NA,NA,NA,18
"15",2020-03-15,142,140,0,4,1.9,27,1,0,26,0,0,2,2,0,1,27,NA,NA,NA,NA,NA,NA,NA,NA,27
"16",2020-03-16,157,155,0,0,1.7,15,0,0,15,0,0,2,2,0,1,15,NA,NA,NA,NA,NA,NA,NA,NA,15
"17",2020-03-17,180,177,0,5,2.4,23,1,0,22,2,0,4,4,0,3,23,127,0,4,0,0,0,23,177,23
"18",2020-03-18,196,192,0,4,3,16,0,0,16,0,0,3,3,0,3,16,210,0.0190499997138977,1,0,1.89597153550641,0.947985767753204,15.9111942681426,190.934331217711,16
"19",2020-03-19,221,217,0,1,2.7,25,0,0,25,4,0,7,7,0,7,25,110,0.0272699999809265,9,0,2.52075630075791,1.47224261208811,24.8155154198564,215.398673844353,25
"20",2020-03-20,243,239,0,2,2.9,22,1,1,20,3,1,10,9,0,10,21,137,0.00730000019073486,4,0,0.709290798674238,1.28150465873464,21.956395348202,238.503737534299,22
"21",2020-03-21,263,259,0,4,2.9,20,0,2,18,3,1,10,9,0,13,18,204,0.0147099995613098,3,0,1.44968111618705,1.31513995022512,19.9236104082625,257.900838652222,20
"22",2020-03-22,289,285,0,7,3.3,26,0,1,25,3,5,13,8,0,16,25,159,0.0314499998092651,2,0,3.10593165818208,1.61360523488462,25.7726886578674,282.408650699688,26
"23",2020-03-23,310,306,0,9,4.6,21,2,0,19,4,5,17,12,0,20,21,138,0.0362299990653992,3,0,3.54591480214545,1.88964945877902,20.7820098885506,302.823572661737,21
"24",2020-03-24,328,322,1,8,5,18,1,3,14,3,7,20,13,1,23,15,253,0.0197599995136261,4,0,1.94524508830638,2.16754161425136,17.9145809398668,320.16633750914,18
"25",2020-03-25,351,345,1,8,5.6,23,0,1,22,4,8,23,15,0,27,22,153,0.0588199996948242,2,0,5.80610319568265,2.7261318514194,22.6260645549895,339.136012339607,23
"26",2020-03-26,365,355,1,19,8.1,14,1,3,10,2,7,25,18,0,29,11,274,0.025550000667572,3,0,2.5273285858898,2.72707074929538,13.918615144478,352.373488753609,14
"27",2020-03-27,382,363,1,27,11.7,17,3,2,12,5,9,26,17,0,34,15,577,0.0294600009918213,4,0,2.92571782655437,3.04370318184968,16.8715266942651,359.890946001216,17
"28",2020-03-28,407,385,2,26,14.9,25,1,1,23,3,8,25,17,1,37,24,367,0.0817399978637695,3,0,8.10772411243336,3.99485218131344,24.4303614057341,375.862047550318,25
"29",2020-03-29,426,397,2,11,15.4,19,5,4,10,7,8,31,23,0,44,15,184,0.0434800004959106,0,0,4.34800004959107,4.1722905229433,18.8090718337099,391.946767865521,19
"30",2020-03-30,451,407,3,48,21,25,8,3,14,4,12,32,20,1,48,22,549,0.0783199977874756,0,0,7.83199977874756,4.7845883767436,24.4955889993884,397.668396488686,25
"31",2020-03-31,468,404,3,51,27.1,17,2,3,12,6,13,34,21,0,54,14,943,0.064689998626709,0,0,6.4689998626709,5.43083905879567,16.73487274235,396.349184850671,17
"32",2020-04-01,495,406,3,37,31.3,27,6,4,16,3,15,33,18,0,57,22,575,0.0573899984359741,4,0.25,5.87206374795943,5.44026199483521,25.6218164409554,399.02079431945,27
"33",2020-04-02,512,402,6,32,33.1,17,5,4,7,6,14,34,20,3,63,12,107,0.0841100025177002,9,0,7.75842264602924,6.1875611462837,15.7274514457746,392.869623433448,17
"34",2020-04-03,539,407,6,26,33,27,3,4,19,5,14,37,23,0,68,22,217,0.110600004196167,2,0,10.9589958495745,7.33517229242944,25.2941983888735,393.94267019416,27
"35",2020-04-04,556,415,7,18,31.9,17,3,7,6,7,14,43,29,1,75,9,315,0.0253999996185303,3,0,2.51603769806196,6.53635994751924,15.9337098723281,411.943288557353,17
"36",2020-04-05,583,426,8,40,36,27,4,8,13,4,13,43,30,1,79,17,422,0.0663500022888184,5,0.2,6.79149905524153,6.88543123404074,24.6620100646241,417.530369854699,27
"37",2020-04-06,602,426,9,40,34.9,19,3,7,9,4,12,44,32,1,83,12,238,0.117650003433228,4,0.25,11.9837606682265,7.47853993253773,18.579017953349,411.05513734389,19
"38",2020-04-07,625,424,9,25,31.1,23,2,11,10,4,14,45,31,0,87,12,285,0.108769998550415,6,0,10.6527318167932,8.07621592598378,22.6257761676977,410.777424591984,23
"39",2020-04-08,645,427,11,26,29.6,20,1,10,8,5,16,44,28,2,92,9,368,0.0434800004959106,6,0.333330001831055,4.81300005173301,7.92492111223715,18.8731917299332,420.983652075719,20
"40",2020-04-09,681,435,11,25,28.6,36,1,20,13,6,16,47,31,0,98,14,295,0.0949199962615967,5,0,9.33379963239034,8.14997496743159,33.6174610059478,423.11396697052,36
"41",2020-04-10,715,451,11,36,30,34,0,20,13,4,16,49,33,0,102,13,331,0.090629997253418,8,0,8.84912362562872,7.84856464972504,32.6632304498314,439.316687144151,34
"42",2020-04-11,759,481,11,31,31.9,44,0,34,8,5,19,53,34,0,107,8,225,0.102220001220703,11,0.363639984130859,11.4404830932617,9.12348542046786,41.7320686374049,464.890626823969,44
"43",2020-04-12,792,496,13,35,31.1,33,0,18,14,1,18,49,31,2,108,14,227,0.101319999694824,12,0.5,12.1337405567887,9.88666277783175,31.5027074621811,478.381635802986,33
"44",2020-04-13,816,503,16,16,27.7,24,0,19,5,3,20,51,31,3,111,5,165,0.0606099987030029,26,0.0384599995613098,5.75948155737672,8.99748004771035,23.9156970837174,494.519126621974,24
"45",2020-04-14,849,503,18,32,28.7,33,0,26,7,5,20,50,30,2,116,7,208,0.0673099994659424,18,0.166669998168945,7.52236276812258,8.55028446932883,32.8458507146314,491.923272779941,33
"46",2020-04-15,878,501,24,60,33.6,29,2,18,9,4,16,50,34,6,120,11,390,0.1,24,0.208330001831055,10.6280000106148,9.38099874916909,28.6577578989212,485.412427941776,29
"47",2020-04-16,948,550,24,21,33,70,1,55,13,7,13,52,39,0,127,14,310,0.0354800009727478,11,0,3.42641753942424,8.5370870216025,68.8595707674948,544.483137294437,70
"48",2020-04-17,980,554,26,73,38.3,32,0,26,6,0,13,49,36,2,127,6,378,0.0846599960327148,66,0.5,14.6399726352176,9.36435116582949,31.7428534408556,530.256801039002,32
"49",2020-04-18,1020,576,31,31,38.3,40,0,31,9,1,11,46,35,5,128,9,421,0.0617600011825562,8,0,6.06082995288022,8.59582928863213,39.840315114641,565.780167337025,40
"50",2020-04-19,1037,579,35,38,38.7,17,0,13,4,5,15,47,32,4,133,4,452,0.0442500019073486,47,0.127659997940063,5.21062540386865,7.60681283821498,16.9389846585564,570.168029326033,17
"51",2020-04-20,1098,615,39,16,38.7,61,1,47,13,3,13,45,32,4,136,14,325,0.0523099994659424,43,0.0232599997520447,4.89155701515467,7.48282361789754,60.7995230909572,606.193335781334,61
"52",2020-04-21,1134,628,47,51,41.4,36,0,26,10,2,11,43,32,8,138,10,543,0.069980001449585,25,0.36,8.27449661745152,7.59027131065882,35.7577684072179,612.787855973281,36
"53",2020-04-22,1175,645,54,35,37.9,41,1,31,9,4,9,45,36,7,142,10,656,0.0243899989128113,122,0.106560001373291,3.7275269221524,6.60448944087848,40.8908785844946,637.961668699899,41
"54",2020-04-23,1220,660,57,50,42,45,0,35,10,5,11,48,37,3,147,10,775,0.0361299991607666,105,0.0285700011253357,3.522795394063,6.61825770582687,44.8968719936933,653.193551583757,45
"55",2020-04-24,1261,667,65,38,37,41,0,36,5,7,10,48,38,8,154,5,517,0.0406199979782104,94,0.106379995346069,5.07369206501887,5.25164619579848,40.9257351493985,657.093068929757,41
"56",2020-04-25,1362,739,78,53,40.1,101,0,95,6,4,9,48,39,13,158,6,557,0.0502699995040894,28,0.0357100009918213,4.95731106864081,5.09400064090713,100.912926375228,728.275431882265,101
"57",2020-04-26,1416,758,87,88,47.3,54,0,41,13,5,9,50,41,9,163,13,358,0.0502799987792969,81,0.0123500001430511,4.32815252268233,4.96793308645194,53.8352842564089,748.395805104459,54
"58",2020-04-27,1477,782,95,87,57.4,61,0,54,7,8,11,56,45,8,171,7,269,0.0632000017166138,80,0.1,7.16355314090805,5.29250396155957,60.8532034905242,765.600732798561,61
"59",2020-04-28,1498,778,103,65,59.4,21,0,14,7,7,13,61,48,8,178,7,503,0.0616300010681152,11,0.272730007171631,6.61477054788909,5.05540023733637,20.8644492183818,762.934498843008,21
"60",2020-04-29,1523,767,111,29,58.6,25,0,17,8,7,13,62,49,8,185,8,668,0.0314400005340576,74,0.148649997711182,4.31294072606172,5.13903078075198,24.8989927194415,757.315926976456,25
"61",2020-04-30,1543,757,122,30,55.7,20,0,10,10,2,11,56,45,11,187,10,603,0.0414599990844727,6,0.333330001831055,4.43355656139956,5.26913951894292,19.8702099333399,747.174891953833,20
"62",2020-05-01,1566,741,135,42,56.3,23,0,16,7,6,11,57,46,13,193,7,516,0.031010000705719,55,0.0909099960327148,3.67797025323123,5.06975068868754,22.924630531175,733.021603371521,23
"63",2020-05-02,1587,742,139,22,51.9,21,0,15,6,4,12,57,45,4,197,6,508,0.0511800003051758,28,0.0357100009918213,5.03718660126871,5.08116147906296,20.9115233863779,731.058392115399,21
"64",2020-05-03,1606,723,148,23,42.6,19,0,13,6,3,12,52,40,9,200,6,826,0.0205800008773804,231,0.0043299999833107,1.70286761786764,4.70612077837514,18.970089660717,719.3958041164,19
"65",2020-05-04,1624,720,152,14,32.1,18,0,11,7,6,10,52,42,4,206,7,637,0.0109899997711182,24,0.125,1.51295459216373,3.89889241426881,17.9689963278339,716.811050862917,18
"66",2020-05-05,1649,720,156,29,27,25,0,24,1,3,9,50,41,4,209,1,923,0.0292499995231628,29,0.172409992218018,3.36109656871868,3.4340818458159,24.990160564286,712.915606285885,25
"67",2020-05-06,1665,694,161,23,26.1,16,0,11,5,4,10,52,42,5,213,5,598,0.0167200005054474,149,0.0134200000762939,1.60617674881196,3.04740127763736,15.9764900047615,690.736812660898,16
"68",2020-05-07,1688,672,167,32,26.4,23,0,16,7,6,10,54,44,6,219,7,813,0.0356699991226196,234,0.0128199994564056,3.05631224063884,2.85065208895726,22.937369632085,665.987484680157,23
"69",2020-05-08,1701,639,173,16,22.7,13,0,8,5,4,8,54,46,6,223,5,715,0.00978999972343445,127,0.0472399997711182,1.54386339349022,2.54577968042283,12.9774021003251,636.111988421546,13
"70",2020-05-09,1718,623,179,12,21.3,17,0,12,5,5,7,52,45,6,228,5,1100,0.0154499995708466,164,0.0304900002479553,1.74013920637626,2.0747729097239,16.9745291640621,619.826333842141,17
"71",2020-05-10,1730,554,185,25,21.6,12,0,8,4,3,6,53,47,6,231,4,907,0.0176400005817413,316,0.0126600003242493,1.6353262984548,2.06512414980778,11.9808506686361,551.347817606096,12
"72",2020-05-11,1750,535,188,14,21.6,20,0,14,6,1,6,52,46,3,232,6,517,0.00967000007629394,197,0.0152300000190735,1.12040616851561,2.00904580357234,19.9803204146444,533.245236972462,20
"73",2020-05-12,1773,518,193,13,19.3,23,0,17,6,4,7,52,45,5,236,6,835,0.0131700003147125,322,0.00310999989509583,1.03702422031165,1.67703546808562,22.9817849925921,516.427437693781,23
"74",2020-05-13,1794,500,195,21,19,21,0,15,6,2,8,48,40,2,238,6,1249,0.0144099998474121,224,0.0133899998664856,1.42548878340193,1.65122290159847,20.9749617335439,497.913477795324,21
"75",2020-05-14,1808,472,198,25,18,14,0,10,4,2,7,46,39,3,240,4,1046,0.0267700004577637,127,0.0236199998855591,2.6428951802461,1.59216332154237,13.9690522462615,468.348165058858,14
"76",2020-05-15,1828,458,201,17,18.1,20,0,12,8,1,6,45,39,3,241,8,1163,0.012039999961853,137,0.0146000003814697,1.23097846214588,1.54746547420746,19.9711709956652,456.349539501832,20
"77",2020-05-16,1844,438,207,19,19.1,16,0,6,10,1,5,43,38,6,242,10,967,0.0134399998188019,25,0.04,1.4109354662078,1.50043636846911,15.958695596712,436.190867135986,16
"78",2020-05-17,1856,398,212,15,17.7,12,0,9,3,1,3,43,40,5,243,3,353,0.0254999995231628,10,0.1,2.7552341134095,1.66042319917693,11.9758025855118,394.789809677899,12
"79",2020-05-18,1871,390,213,26,19.4,15,0,8,7,2,2,44,42,1,245,7,376,0.0398900008201599,17,0.0588199996948242,4.07088557333133,2.08192025700774,14.9165788567648,385.352250591184,15
"80",2020-05-19,1883,353,219,23,20.9,12,0,8,4,0,2,41,39,6,245,4,359,0.0390000009536743,31,0.225809993743896,5.38490003805894,2.70304537382879,11.9369439387798,347.435302597314,12
"81",2020-05-20,1898,339,223,17,20.3,15,0,9,6,3,2,42,40,4,248,6,675,0.0296300005912781,36,0.0555600023269653,3.0942912071566,2.94144572007945,14.9456497387846,335.929210241327,15
"82",2020-05-21,1906,325,229,11,18.3,8,0,1,7,0,2,39,37,6,248,7,478,0.0209200000762939,36,0,1.94547860631683,2.8418147809467,7.96013298665487,323.149031523262,8
"83",2020-05-22,1913,309,233,7,16.9,7,0,3,4,1,2,37,35,4,249,4,514,0.00583999991416931,14,0,0.568515143159664,2.74717716394867,6.99334280573115,308.485731742731,7
"84",2020-05-23,1922,305,236,6,15,9,1,3,5,1,1,36,35,3,250,6,582,0.00859000027179718,43,0,0.799900825309753,2.65988650096323,8.9859499911639,304.285791217498,9
"85",2020-05-24,1932,302,237,8,14,10,0,3,7,1,2,37,35,1,251,7,332,0.0150600004196167,25,0.04,1.68064989896716,2.50637447032861,9.9655598927004,300.514155370789,10
"86",2020-05-25,1947,298,240,6,11.1,15,1,7,7,0,2,36,34,3,251,8,401,0.0174600005149841,8,0,1.71184846124906,2.16936916860257,14.9599092200006,296.506618445022,15
"87",2020-05-26,1953,288,243,16,10.1,6,0,2,4,1,2,36,34,3,252,4,1123,0.00800999999046326,41,0.0731699991226196,1.03051545990701,1.54731422886658,5.98793287796077,287.131167213176,6
"88",2020-05-27,1958,260,243,8,8.9,5,0,1,4,1,2,34,32,0,253,4,1150,0.00957000017166138,13,0.0769199991226196,1.03228376491871,1.25274173711831,4.98791217147629,259.214291145959,5
"89",2020-05-28,1962,235,244,4,7.9,4,0,2,2,1,1,31,30,1,254,2,1403,0.00284999996423721,88,0,0.268179071081476,1.01312751779898,3.99842983938378,234.815506127594,4
"90",2020-05-29,1969,225,247,7,7.9,7,0,3,4,2,1,32,31,3,256,4,1380,0.0065200001001358,37,0,0.634975309681539,1.0226218273021,6.99256457098226,224.581757117752,7
"91",2020-05-30,1972,207,248,15,9.1,3,1,1,1,0,1,31,30,1,256,2,1020,0.0127499997615814,119,0,1.1417910234252,1.07146328417574,2.9933149321097,206.308095473354,3
"92",2020-05-31,1976,192,249,10,9.4,4,0,1,3,3,1,34,33,1,259,3,1309,0.00535000026226044,11,0.0909099960327148,0.606300022701422,0.917984730423489,3.99467526447858,191.659216926629,4
"93",2020-06-01,1987,182,250,5,9.3,11,0,5,6,0,1,31,30,1,259,6,763,0.00130999997258186,20,0,0.127653892602805,0.691671220616882,10.9977577991392,181.93198657389,11
"94",2020-06-02,1990,163,251,8,8.1,3,0,1,2,0,1,26,25,1,259,2,858,0.0104900002479553,9,0,1.03811075118174,0.692756262227556,2.99392196933859,162.504640501095,3
"95",2020-06-03,2000,154,251,8,8.1,10,0,7,3,0,0,22,22,0,259,3,1110,0.00449999988079071,141,0,0.399280564962245,0.602327233662347,9.99649338062401,153.819993538699,10
"96",2020-06-04,2007,144,254,8,8.7,7,0,2,5,0,0,20,20,3,259,5,1430,0.00559000015258789,21,0,0.550909732474203,0.642717328147022,6.99193620179293,143.767762611636,7
"97",2020-06-05,2011,135,256,15,9.9,4,0,1,3,1,0,21,21,2,260,3,1366,0.00952000021934509,29,0,0.932209340474939,0.685179332546079,3.99181301665385,134.631585749423,4
"98",2020-06-06,2014,126,257,2,8,3,0,0,3,0,0,21,21,1,260,3,1404,0.000710000023245811,68,0,0.0677201109128478,0.5317406307586,2.99940525867295,125.975020864264,3
"99",2020-06-07,2015,117,258,4,7.1,1,0,0,1,0,0,20,20,1,260,1,870,0.00230000004172325,22,0,0.22432735832951,0.477173107276898,0.999343293304415,116.923165316617,1
"100",2020-06-08,2018,109,258,0,6.4,3,0,0,3,0,0,19,19,0,260,3,701,0.0014300000667572,12,0,0.140593274445554,0.479021590397291,2.99876526146382,108.955137833186,3
"101",2020-06-09,2028,106,259,3,5.7,10,0,3,7,0,0,18,18,1,260,7,1338,0.00224000006914139,10,0,0.222338285794598,0.362482666770557,9.99544381347699,105.931006318366,10
"102",2020-06-10,2038,104,259,7,5.6,10,0,4,6,0,0,17,17,0,260,6,1281,0.00233999997377396,12,0,0.231828303666236,0.338560915156841,9.99592800805811,103.929418806341,10
"103",2020-06-11,2045,103,260,5,5.1,7,0,2,5,0,0,16,16,1,260,5,1529,0.00326999992132187,6,0,0.325721816267175,0.306391212841551,6.99523233146341,102.901786028146,7
"104",2020-06-12,2049,106,260,10,4.4,4,0,2,2,0,0,16,16,0,260,2,1596,0.00814999997615814,13,0,0.808415162333648,0.288706330249938,3.99526681316206,105.749141097589,4
"105",2020-06-13,2052,104,260,6,5,3,0,3,0,0,0,16,16,0,260,0,1479,0.00270000010728836,23,0.0434800004959106,0.332446083228058,0.326524326294968,3,103.898785260425,3
"106",2020-06-14,2055,101,260,1,4.6,3,0,1,2,0,0,16,16,0,260,2,768,0,13,0,0,0.294477560819324,3,101,3
"107",2020-06-15,2060,99,260,2,4.9,5,0,2,3,0,0,14,14,0,260,3,720,0.00555999994277954,17,0,0.543175028331244,0.351989239945851,4.99522964991026,98.8425784470384,5
"108",2020-06-16,2064,98,260,3,4.9,4,0,1,3,1,0,14,14,0,261,3,1250,0.000799999982118607,14,0,0.0791139222822989,0.331528616586951,3.99930519429912,97.9773030137713,4
"109",2020-06-17,2067,88,260,8,5,3,0,0,3,1,1,6,5,0,262,3,1098,0.0091100001335144,26,0,0.889927059305944,0.425542724535481,2.99218435420297,87.7707410566206,3
"110",2020-06-18,2069,74,260,2,4.6,2,0,0,2,0,1,6,5,0,262,2,1304,0.00230000004172325,122,0,0.210322584460527,0.409057119991674,1.99876858310572,73.9544375749117,2
"111",2020-06-19,2072,72,260,5,3.9,3,0,0,3,0,1,5,4,0,262,3,1875,0.0010700000077486,19,0,0.105926611115556,0.308701612674804,2.99906971603537,71.977673184849,3
"112",2020-06-20,2078,72,261,1,3.1,6,0,0,6,1,1,5,4,1,263,6,1792,0.000560000017285347,158,0,0.0514625656910432,0.268561110169516,5.99909607606367,71.989152912764,6
"113",2020-06-21,2084,76,261,1,3.1,6,0,0,6,0,1,4,3,0,263,6,1102,0.00363000005483627,86,0,0.336722227308887,0.316664285499357,5.99408557896265,75.9250840001936,6
"114",2020-06-22,2086,75,262,6,3.7,2,0,1,1,0,1,1,0,1,263,1,509,0.0039300000667572,10,0,0.385427752211834,0.294128960339441,1.99887168026483,74.9153760198622,2
"115",2020-06-23,2095,80,262,4,3.9,9,0,0,9,0,1,1,0,0,263,9,1255,0.00158999994397163,20,0,0.156505876837992,0.305184953847398,8.99587653453484,79.9633469736431,9
"116",2020-06-24,2097,74,263,3,3.1,2,0,0,2,1,1,2,1,1,264,2,1733,0.00289000004529953,24,0,0.285052366448724,0.218774283439223,1.99833104799135,73.9382487756801,2
"117",2020-06-25,2103,72,263,6,3.7,6,0,0,6,0,1,2,1,0,264,6,1796,0.00277999997138977,21,0.0476200008392334,0.32982388366758,0.235845897611659,5.99420674621995,71.9304809546394,6
"118",2020-06-26,2107,66,263,6,3.9,4,0,0,4,0,1,2,1,0,264,4,2028,0.00196999996900558,23,0,0.194790830674955,0.248540786120145,3.99771903982296,65.9623641570788,4
"119",2020-06-27,2110,68,263,3,4.1,3,0,0,3,0,1,1,0,0,264,3,1574,0.000640000030398369,80,0,0.0609044768952257,0.249889630577885,2.99946511591721,67.9878759607901,3
"120",2020-06-28,2112,67,263,2,4.3,2,0,0,2,0,1,1,0,0,264,2,880,0.00114000000059605,12,0,0.112466367771807,0.217853079215445,1.99934152109405,66.9779409566506,2
"121",2020-06-29,2116,68,263,1,3.6,4,0,0,4,2,1,3,2,0,266,4,854,0.00351000010967255,8,0,0.347742470262222,0.212469467508358,3.99592800788524,67.9307761340491,4
"122",2020-06-30,2119,67,263,10,4.4,3,0,0,3,0,1,3,2,0,266,3,1605,0.00435999989509583,11,0,0.433032167798812,0.251973223359904,2.99619696242873,66.9150654942416,3
"123",2020-07-01,2121,66,263,4,4.6,2,0,0,2,0,2,3,1,0,266,2,1601,0.00312000006437302,15,0,0.309103966773589,0.255409166263456,1.99819022836872,65.9402775361678,2
"124",2020-07-02,2127,65,263,4,4.3,6,0,1,5,0,1,3,2,0,266,5,1012,0.00197999998927116,12,0,0.195679686439689,0.236245709516614,5.99713578938316,64.9627652619811,6
"125",2020-07-03,2135,73,263,4,4,8,0,0,8,0,1,3,2,0,266,8,1334,0.00300000011920929,14,0,0.296884284794154,0.2508304886765,7.99304709335178,72.936554726835,8
"126",2020-07-04,2138,73,263,4,4.1,3,0,0,3,0,1,3,2,0,266,3,1257,0.00317999988794327,40,0,0.308192741645697,0.286157383640853,2.99729334524585,72.934138067649,3
"127",2020-07-05,2140,70,263,5,4.6,2,0,0,2,0,1,2,1,0,266,2,734,0.00272000014781952,47,0,0.255631255889824,0.306609510514855,1.99850330553889,69.9476156938611,2
"128",2020-07-06,2146,70,263,0,4.4,6,0,1,5,0,1,2,1,0,266,5,602,0,10,0,0,0.256932014763109,6,70,6
"129",2020-07-07,2153,71,263,6,3.9,7,0,1,6,0,1,1,0,0,266,6,1272,0.0039300000667572,21,0,0.386617175940848,0.250301301640543,6.99320918973167,70.9196420784914,7
"130",2020-07-08,2166,77,263,5,4,13,0,1,12,0,1,1,0,0,266,12,1684,0.00296999990940094,39,0,0.29027741424441,0.247611794136374,12.9898027352741,76.9345675513424,13
"131",2020-07-09,2174,81,263,5,4.1,8,0,0,8,1,0,2,2,0,267,8,1504,0.00266000002622604,41,0,0.258941102876632,0.256649139341652,7.99393570691377,80.9385990325019,8
"132",2020-07-10,2190,94,263,12,5.3,16,0,0,16,0,0,2,2,0,267,16,1900,0.00684000015258789,14,0.0714300012588501,0.73124453017455,0.318700602967423,15.965749113606,93.7987760424353,16
"133",2020-07-11,2197,99,263,7,5.7,7,0,0,7,1,1,2,1,0,268,7,1571,0.00381999999284744,25,0,0.376016290022765,0.328389681307004,6.99229462282255,98.8910239513475,7
"134",2020-07-12,2220,119,263,9,6.3,23,0,2,21,1,1,3,2,0,269,21,1068,0.00842999994754791,13,0,0.832862159480219,0.410851238962775,22.948798624587,118.70985887266,23
"135",2020-07-13,2243,137,263,6,7.1,23,0,2,21,0,0,3,3,0,269,21,808,0.00619000017642975,65,0,0.572911814725686,0.492695783923587,22.9647794385056,136.770227765489,23
"136",2020-07-14,2262,147,263,4,6.9,19,0,2,17,1,0,4,4,0,270,17,1406,0.00356000006198883,66,0,0.340038049399205,0.486041622989067,18.983077456478,146.853669770722,19
"137",2020-07-15,2283,167,263,15,8.3,21,0,0,21,1,0,5,5,0,271,21,1404,0.00782999992370606,46,0,0.758159992612641,0.552881991327386,20.9533910456094,166.629347838894,21
"138",2020-07-16,2305,185,263,7,8.6,22,0,1,21,0,0,5,5,0,271,21,1695,0.00708000004291534,25,0.04,0.75584884143846,0.623868811121932,21.9535331268861,184.590648974949,22
"139",2020-07-17,2335,212,263,17,9.3,30,0,0,29,0,1,5,4,0,271,29,1787,0.00726999998092651,21,0,0.718555860946664,0.622056144089377,28.9389974856035,211.554050584412,30
"140",2020-07-18,2361,231,263,16,10.6,26,0,0,24,2,1,6,5,0,273,24,1551,0.00708999991416931,81,0,0.673810653607635,0.664598196030073,23.9526589030165,230.544341941533,26
"141",2020-07-19,2379,249,263,28,13.3,18,0,0,18,0,1,6,5,0,273,18,2025,0.0212299990653992,22,0,2.10018310246377,0.845644045027723,17.8893328139687,247.469103926567,18
"142",2020-07-20,2409,274,263,47,19.1,30,0,0,27,2,3,8,5,0,275,27,1548,0.0148599994182587,35,0.0285700011253357,1.51631264301018,0.980415591925508,26.8801489833324,272.783734127151,30
"143",2020-07-21,2433,293,263,23,21.9,24,0,0,23,0,3,8,5,0,275,23,1428,0.0161099994182587,15,0,1.59425358068423,1.15958923925194,22.8926568243841,291.632541284546,24
"144",2020-07-22,2460,313,263,13,21.6,27,0,1,23,2,3,9,6,0,277,23,1771,0.00902999997138977,16,0,0.894914938406899,1.17912566007969,23.9397442084756,312.179997271864,27
"145",2020-07-23,2479,321,263,29,24.7,19,0,1,17,1,3,10,7,0,278,17,1667,0.0101999998092651,32,0,1.0007886805206,1.21411706566285,17.9501941325909,320.059548033041,19
"146",2020-07-24,2502,336,263,34,27.1,23,0,1,18,0,3,7,4,0,278,18,2036,0.0122800004482269,83,0,1.17989999587494,1.28002337065261,18.9378262722957,334.839423749519,23
"147",2020-07-25,2514,335,263,26,28.6,12,0,1,10,1,3,8,5,0,279,10,2126,0.00800000011920929,320,0,0.695339339878943,1.28309889726279,10.9796443018095,334.318084110619,12
"148",2020-07-26,2521,337,263,21,27.6,7,0,0,6,2,4,10,6,0,281,6,1816,0.0121099996566772,73,0,1.16420113163186,1.14938718714395,5.97955116975895,335.851457368128,7
"149",2020-07-27,2536,339,264,22,24,15,0,1,13,1,4,10,6,1,282,13,1601,0.00874000012874603,24,0,0.861091704992148,1.05578419599852,13.9672295835822,338.145448371875,15
"150",2020-07-28,2556,329,264,14,22.7,20,0,2,17,1,4,11,7,0,283,17,1488,0.00739000022411346,24,0,0.727269863325452,0.931929379232978,18.9638062389309,328.299544271075,20
"151",2020-07-29,2572,323,264,20,23.7,16,2,2,12,2,4,12,8,0,285,14,2254,0.00620999991893768,52,0,0.606996522865808,0.890798177012822,15.9751226886803,322.426044888839,16
"152",2020-07-30,2592,333,264,19,22.3,20,1,0,18,1,4,13,9,0,286,19,1891,0.00898999989032745,134,0,0.839510607042431,0.867758452230227,18.9533051493383,332.181611301561,20
"153",2020-07-31,2602,320,264,18,20,10,0,1,9,1,3,14,11,0,287,9,2129,0.00797999978065491,207,0,0.727286795077667,0.803099423544901,9.98083815097965,319.31868981261,10
"154",2020-08-01,2619,307,264,15,18.4,17,0,0,17,1,2,14,12,0,288,17,1629,0.00551999986171722,83,0.0120500004291534,0.583658283315251,0.787144986892945,16.9709533014943,306.475450797574,17
"155",2020-08-02,2627,292,264,2,15.7,8,0,0,8,0,2,14,12,0,288,8,1340,0.00149000003933907,11,0,0.147786828476266,0.641942943585003,7.99653889385575,291.873669625735,8
"156",2020-08-03,2636,278,264,10,14,9,0,1,7,0,1,13,12,0,288,7,1046,0.0114699995517731,47,0,1.09767790769942,0.675740972543185,7.97750623437707,277.106676165261,9
"157",2020-08-04,2648,266,264,20,14.9,12,0,1,11,1,1,12,11,0,289,11,1699,0.0058899998664856,12,0,0.584869069150148,0.655398001946712,11.9811660877981,265.544561759481,12
"158",2020-08-05,2657,246,264,12,13.7,9,1,0,8,1,1,13,12,0,290,9,1599,0.005,70,0,0.479029358897543,0.637116978522675,8.98737899778515,245.655025939461,9
"159",2020-08-06,2667,222,264,12,12.7,10,0,0,10,1,2,11,9,0,291,10,1639,0.00305000007152557,10,0,0.303150401287472,0.560494091986252,9.99112542938243,221.80298453229,10
"160",2020-08-07,2679,223,264,6,11,12,0,3,9,1,2,11,9,0,292,9,1689,0,39,0,0,0.456595978403728,12,223,12
"161",2020-08-08,2685,206,264,14,10.9,6,1,1,4,0,1,11,10,0,292,5,1518,0.00725000023841858,95,0,0.682300084433937,0.470687664277826,5.99001300962168,205.588535996413,6
"162",2020-08-09,2687,197,264,16,12.9,2,0,1,1,2,2,13,11,0,294,1,1589,0.00441000014543533,102,0,0.414399185753799,0.508775143888902,1.99878686789718,196.761012975745,2
"163",2020-08-10,2699,198,264,8,12.6,12,2,0,10,0,1,13,12,0,294,12,1384,0.00578000009059906,27,0,0.566939767922686,0.432955409635084,11.9800837591441,197.671382025878,12
"164",2020-08-11,2712,202,264,8,10.9,13,2,1,10,0,1,13,12,0,294,12,1460,0.00342000007629395,41,0,0.332658235269098,0.396925290509219,12.9883139234339,201.803284377804,13
"165",2020-08-12,2719,185,264,12,10.9,7,3,0,4,0,2,11,9,0,294,7,1486,0.00268999993801117,7,0,0.267738774808078,0.366740921353581,6.9945134604546,184.854998597729,7
"166",2020-08-13,2741,188,264,11,10.7,22,0,0,22,0,2,10,8,0,294,22,1689,0.00532999992370605,56,0,0.515895121555274,0.397133024248982,21.966774363914,187.716071837083,22
"167",2020-08-14,2752,183,264,6,10.7,11,4,1,6,1,2,11,9,0,295,10,1882,0.00477999985218048,36,0,0.469028139822923,0.464137044223685,10.986269444702,182.748730838047,11
"168",2020-08-15,2756,175,264,2,9,4,0,0,4,1,2,12,10,0,296,4,2044,0.00734000027179718,21,0,0.726535620123653,0.470456406465073,3.99149241876035,174.627793320765,4
"169",2020-08-16,2760,157,264,26,10.4,4,0,1,3,0,2,12,10,0,296,3,1196,0.00501999974250793,22,0,0.492932651234769,0.481675472962354,3.99567089576213,156.773443544885,4
"170",2020-08-17,2783,171,265,8,10.4,23,1,4,18,1,1,10,9,1,297,19,1358,0.00662999987602234,32,0,0.647736678535132,0.493217888764132,22.9639719055143,170.675747149628,23
"171",2020-08-18,2809,190,265,15,11.4,26,1,1,24,0,1,8,7,0,297,25,1888,0.00583000004291534,77,0.0519500017166138,0.76372469278389,0.554798811266246,25.9441058902635,189.575204766003,26
"172",2020-08-19,2833,199,265,23,13,24,4,3,15,2,1,8,7,0,299,19,1519,0.0118499994277954,25,0.04,1.23057960691847,0.692347501567731,21.9315532996363,198.283110875138,24
"173",2020-08-20,2850,207,266,24,14.9,17,1,0,16,3,0,7,7,1,302,17,1607,0.00995999991893768,103,0,0.936007009925898,0.752363485620677,16.953418097209,206.432796830722,17
"174",2020-08-21,2871,214,266,16,16.3,21,3,2,16,0,0,7,7,0,302,19,1804,0.00721000015735626,116,0.00861999988555908,0.729518764093518,0.789576431945048,20.9594230621287,213.542975541871,21
"175",2020-08-22,2890,224,266,16,18.3,19,1,0,18,1,0,8,8,0,303,19,1864,0.00589999973773956,73,0,0.567764559171221,0.766894851808986,18.9684200758405,223.627689315172,19
"176",2020-08-23,2907,234,266,13,16.4,17,0,1,15,0,0,8,8,0,303,15,694,0.0172899997234344,5,0,1.71663230444399,0.941709087981732,15.9246197207121,232.824067643109,17
"177",2020-08-24,2926,250,266,19,18,19,2,0,17,1,1,9,8,0,304,19,1142,0.00962999999523163,58,0,0.91645499954621,0.980097419554743,18.9490253857629,249.329281391617,19
"178",2020-08-25,2940,252,266,23,19.1,14,0,1,13,4,2,12,10,0,308,13,1647,0.0145700001716614,73,0,1.3951622257399,1.0703027814056,13.9469045551795,250.970765223479,14
"179",2020-08-26,2958,260,266,15,18,18,1,4,13,0,2,12,10,0,308,14,1832,0.0049099999666214,41,0,0.480251998870817,0.96311312311308,17.9803172208773,259.634462673436,18
"180",2020-08-27,2971,263,266,16,16.9,13,1,3,9,1,2,10,8,0,309,10,1469,0.00612999975681305,9,0,0.609267228874044,0.916436011534243,12.982164018175,262.530913678002,13
"181",2020-08-28,2999,273,266,20,17.4,28,0,3,21,1,1,10,9,0,310,21,2137,0.00607999980449677,35,0,0.598202559033591,0.897676553668539,23.9632246543447,272.521920506481,28
"182",2020-08-29,3020,287,266,12,16.9,21,0,2,18,0,1,10,9,0,310,18,1790,0.00726000010967255,11,0.0909099960327148,0.777091068999096,0.927580340786807,19.9590519122855,286.34710549033,21
"183",2020-08-30,3040,301,267,16,17.3,20,0,6,12,2,1,11,10,1,312,12,1402,0.00428000003099442,33,0,0.418157494317364,0.742083939340146,17.9853103877277,300.631535558837,20
"184",2020-08-31,3060,309,267,13,16.4,20,1,3,16,1,1,12,11,0,313,17,1353,0.00517000019550324,54,0,0.497157801315983,0.682184339592971,19.975258137891,308.550280271077,20
"185",2020-09-01,3085,313,267,18,15.7,25,1,2,22,0,1,12,11,0,313,23,1361,0.0154299998283386,22,0.0909099960327148,1.6630693911127,0.720456791789084,24.8880233659974,311.476144067704,25
"186",2020-09-02,3121,323,267,15,15.7,36,1,9,26,0,1,10,9,0,313,27,1528,0.00261999994516373,51,0,0.253537676770752,0.688069031489075,35.979960103568,322.760263461202,36
"187",2020-09-03,3143,324,267,24,16.9,22,1,4,17,1,1,9,8,0,314,18,1493,0.00938000023365021,133,0.00751999974250793,0.922785997207461,0.732857426965278,21.9513746541907,323.124743775433,22
"188",2020-09-04,3165,328,267,24,17.4,22,0,3,19,3,1,12,11,0,317,19,2705,0.00813000023365021,258,0.00774999976158142,0.809691210614641,0.763070091476856,21.9549637493028,327.222532093227,22
"189",2020-09-05,3190,335,267,17,18.1,25,1,11,13,2,1,14,13,0,319,14,2256,0.00398999989032745,164,0,0.371960320354493,0.705194270241913,24.984755476614,334.635220333265,25
"190",2020-09-06,3211,337,267,26,19.6,21,1,3,16,1,1,15,14,0,320,17,1310,0.00611000001430511,192,0.03125,0.932363516560566,0.778652273419513,19.9535994215495,336.080176768364,21
"191",2020-09-07,3252,362,267,29,21.9,41,2,6,33,0,1,13,12,0,320,35,1290,0.0147300004959106,44,0,1.4244153403092,0.91111763613283,40.8540534313851,360.490495490326,41
"192",2020-09-08,3304,399,267,24,22.7,52,0,14,36,3,1,15,14,0,323,36,1097,0.0127600002288818,4,0,1.27136423715562,0.855159756996105,49.8660132991435,397.514980732173,52
"193",2020-09-09,3349,430,267,15,22.7,45,2,10,31,0,1,14,13,0,323,33,1587,0.0144900000095367,29,0,1.42299690687715,1.02222536129702,42.8625302641837,428.208727684818,45
"194",2020-09-10,3426,492,267,33,24,77,1,21,52,2,2,15,13,0,325,53,1959,0.0127600002288818,61,0,1.23746734892968,1.06717984011448,73.8080010646848,490.217670260848,77
"195",2020-09-11,3456,506,267,60,29.1,30,0,1,25,0,1,13,12,0,325,25,2314,0.0155599999427795,93,0.0752699995040894,1.78670335776785,1.20675300399351,25.869237966915,503.353376450359,30
"196",2020-09-12,3505,531,269,47,33.4,49,0,4,42,1,0,13,13,2,326,42,1900,0.0168400001525879,26,0,1.66126688940379,1.39093965671484,45.7957425518801,528.417602263056,49
"197",2020-09-13,3540,544,270,31,34.1,35,1,5,29,1,1,12,11,1,327,30,1199,0.0166799998283386,44,0,1.6089557356539,1.48759568801389,34.8586959683778,541.437686893251,35
"198",2020-09-14,3608,594,272,59,38.4,68,0,19,49,1,1,12,11,2,328,49,2394,0.0141999995708466,218,0.0412799978256226,1.6460121936674,1.51925238135077,67.7638878530214,591.137742544791,68
"199",2020-09-15,3681,643,273,41,40.9,73,0,15,55,1,1,12,11,1,329,55,2961,0.0121599996089935,28,0,1.20460886056306,1.5097158989804,69.8060463553794,640.732505572891,73
"200",2020-09-16,3758,683,274,41,44.6,77,0,7,67,1,0,12,12,1,330,67,1887,0.0190799999237061,162,0.00616999983787537,1.80592971350752,1.56442058564189,73.6457867127264,679.389139176002,77
"201",2020-09-17,3808,708,278,57,48,50,2,4,38,2,2,12,10,4,332,40,2512,0.0191100001335144,208,0.00481000006198883,1.80164707162801,1.6450176888845,43.7890308692029,704.265846384892,50
"202",2020-09-18,3896,776,278,47,46.1,88,1,6,78,0,2,12,10,0,332,79,2409,0.0128699994087219,281,0.0213499999046326,1.37558284568078,1.58628618715778,84.6818711579649,772.875088842795,88
"203",2020-09-19,3966,826,280,47,46.1,70,2,4,60,0,2,11,9,2,332,62,2101,0.0214199995994568,161,0,1.98954107685494,1.6331824996508,65.6388947506243,821.189146193802,70
"204",2020-09-20,4009,858,280,76,52.6,43,1,4,34,2,2,12,10,0,334,35,2847,0.0186199998855591,112,0,1.79152212484578,1.6592634123925,38.816439419515,853.500143484111,43
"205",2020-09-21,4118,938,280,55,52,109,2,22,82,1,3,13,10,0,335,84,2949,0.0189900004863739,73,0,1.85312744653596,1.68885130565944,105.544305510831,932.911411537609,109
"206",2020-09-22,4227,1017,280,85,58.3,109,0,27,81,3,3,16,13,0,338,81,2507,0.0135599994659424,64,0.03125,1.4000357316654,1.71676943010263,107.668018914335,1012.83179303555,109
"207",2020-09-23,4333,1076,281,67,62,106,0,26,75,2,3,17,14,1,340,75,1896,0.0168799996376038,7,0.571430015563965,1.89198578149472,1.7290631541008,100.584598238515,1070.04036939522,106
"208",2020-09-24,4434,1130,282,38,59.3,101,2,18,75,2,3,19,16,1,342,77,2730,0.0128199994564056,55,0,1.25668217292594,1.65121102571479,94.7167268698018,1125.84287484255,101
"209",2020-09-25,4553,1193,284,57,60.7,119,5,16,86,3,3,21,18,2,345,91,3291,0.0133700001239777,59,0.0339000010490417,1.37315732745982,1.65086452311179,106.634193942214,1188.20432278089,119
"210",2020-09-26,4638,1240,286,76,64.9,85,3,14,66,3,4,22,18,2,348,69,3437,0.0299699997901916,12,0,2.98657260883992,1.79329759910965,82.3967304977243,1229.15863503157,85
"211",2020-09-27,4720,1270,287,109,69.6,82,2,12,64,2,4,23,19,1,350,66,2684,0.0331599998474121,13,0,3.30001629923819,2.00879676687999,77.3623986578561,1257.73100447693,82
"212",2020-09-28,4835,1340,288,86,74,115,3,11,97,6,4,28,24,1,356,100,3135,0.0258400011062622,192,0.0104200005531311,2.49501182970644,2.10049453590435,110.269598239674,1330.21261641163,115
"213",2020-09-29,4942,1371,291,58,70.1,107,5,18,74,4,3,28,25,3,360,79,2165,0.0263299989700317,79,0.0253200006484985,2.62944419881239,2.27612431692535,96.3918926506022,1360.44664334146,107
"214",2020-09-30,5025,1400,291,107,75.9,83,1,10,67,5,5,31,26,0,365,68,3170,0.0305999994277954,281,0.0142299997806549,2.92670611777675,2.42394150782278,77.4173909450238,1388.00510769167,83
"215",2020-10-01,5125,1435,293,105,85.4,100,2,11,78,3,5,30,25,2,368,80,3844,0.0226300001144409,120,0.00833000004291534,2.21971040476944,2.56151696951471,90.4801530420803,1425.67524519232,100
"216",2020-10-02,5221,1485,294,115,93.7,96,0,13,79,1,5,30,25,1,369,79,3362,0.021710000038147,197,0,2.05082945007727,2.65832727274577,91.5257079570212,1476.08451033135,96
"217",2020-10-03,5294,1497,295,65,92.1,73,2,6,64,5,6,32,26,1,374,66,3113,0.0301999998092651,485,0.0103100001811981,2.75188853513406,2.62480097650208,71.4683032857029,1484.94015179844,73
"218",2020-10-04,5352,1479,295,77,87.6,58,1,7,47,3,6,33,27,0,377,48,3118,0.0291899991035461,102,0,2.82653469580301,2.55716074743991,54.6028223880258,1466.76196483104,58
"219",2020-10-05,5430,1480,295,82,87,78,3,13,59,3,6,34,28,0,380,62,3821,0.0177999997138977,238,0.00839999973773956,1.72488294763206,2.447142335715,74.6869306725081,1472.52673218245,78
"220",2020-10-06,5506,1453,296,139,98.6,76,5,15,53,2,7,35,28,1,382,58,2158,0.0194599997997284,55,0,1.89763576899295,2.34259827431222,72.6777966485031,1444.92825052198,76
"221",2020-10-07,5607,1467,296,174,108.1,101,12,22,63,3,10,37,27,0,385,75,2268,0.0313100004196167,76,0,3.02948297575472,2.35728068259479,96.3348509397758,1453.98968438202,101
"222",2020-10-08,5687,1426,296,85,105.3,80,5,14,55,2,9,37,28,0,387,60,2434,0.0271199989318848,182,0,2.52332100153698,2.40065362499015,73.5567865259522,1415.46629310013,80
"223",2020-10-09,5771,1428,296,97,102.7,84,5,19,58,2,9,38,29,0,389,63,2508,0.0207299995422363,247,0.00810000002384186,1.95976547578285,2.38764448580523,81.6385619635682,1419.80740450755,84
"224",2020-10-10,5836,1413,297,67,103,65,5,7,51,6,9,44,35,1,395,56,2628,0.0300600004196167,21,0,2.98216991705371,2.42054182607947,62.5111117336593,1400.66430142251,65
"225",2020-10-11,5900,1378,297,140,112,64,6,6,48,5,10,47,37,0,400,54,2660,0.0233100008964539,238,0.0168099999427795,2.2776184393012,2.34212521800778,59.6399490741048,1368.81203377993,64
"226",2020-10-12,5962,1350,297,63,109.3,62,2,14,43,3,10,47,37,0,403,45,1994,0.0150499999523163,237,0.0126600003242493,1.47961093598233,2.30708635920068,58.8050832109421,1344.15249632826,62
"227",2020-10-13,6047,1372,298,74,100,85,4,10,68,1,7,46,39,1,404,72,2117,0.0302300000190735,18,0,2.9975133508374,2.4642117280356,81.3681953402266,1359.96061120543,85
"228",2020-10-14,6114,1377,300,84,87.1,67,1,16,49,2,7,46,39,2,406,50,3004,0.0296300005912781,110,0.0363599991798401,2.98677333609447,2.45811035094128,65.5628188058259,1364.96002991245,67
"229",2020-10-15,6200,1404,300,107,90.3,86,3,25,52,5,8,50,42,0,411,55,2119,0.021710000038147,105,0.00952000021934509,2.11344829603708,2.39955710729843,79.6597144408004,1395.31343772516,86
"230",2020-10-16,6275,1425,301,78,87.6,75,2,10,59,4,8,48,40,1,415,61,3126,0.0214299988746643,280,0.0035699999332428,1.99617664308598,2.40475870262745,70.643534087025,1416.67272252476,75
"231",2020-10-17,6322,1407,302,64,87.1,47,1,10,36,6,8,50,42,1,421,37,3037,0.0214000010490417,149,0,2.03991849296735,2.2701513563294,46.7790450470155,1398.5977400311,47
"232",2020-10-18,6379,1374,305,74,77.7,57,1,11,40,2,6,48,42,3,423,41,1144,0.0271000003814697,37,0.0540500020980835,2.79443272769098,2.34398196895651,51.6645971737536,1362.75991504238,57
"233",2020-10-19,6443,1352,307,69,78.6,64,1,6,57,3,6,47,41,2,426,58,1334,0.0374799990653992,27,0,3.67364575703472,2.65741551482114,63.3762443802601,1337.46004141572,64
"234",2020-10-20,6521,1356,309,46,74.6,78,3,14,57,4,5,46,41,2,430,60,1595,0.0250799989700317,48,0.0208299994468689,2.49558358677117,2.58571126281168,73.5616585164567,1346.09348247192,78
"235",2020-10-21,6609,1378,312,69,72.4,88,1,46,40,4,4,45,41,3,434,41,2258,0.0305599999427795,446,0.00897000014781952,2.69989274913919,2.54472832181807,86.6759443698,1367.10856930694,88
"236",2020-10-22,6675,1365,312,88,69.7,66,2,24,36,2,3,45,42,0,436,38,2238,0.0268099999427795,87,0.0114900004863739,2.62367354469915,2.61761764305551,61.7081346124109,1354.51588805108,66
"237",2020-10-23,6754,1367,313,92,71.7,79,1,13,64,2,3,38,35,1,438,65,2768,0.0245700001716614,65,0.0153799998760223,2.4359145946735,2.68043735042515,77.5364841214776,1357.251904524,79
"238",2020-10-24,6819,1360,317,63,71.6,65,2,17,41,2,3,38,35,4,440,43,2358,0.0211999988555908,191,0,1.96114544140773,2.6691840573452,59.7531304869138,1352.19203400472,65
"239",2020-10-25,6889,1341,319,69,70.9,70,1,24,42,3,3,40,37,2,443,43,1751,0.0308400011062622,77,0,2.95409419787008,2.69199283879936,66.6281378316769,1329.40308912276,70
"240",2020-10-26,6962,1300,320,77,72,73,1,16,51,4,3,41,38,1,447,52,995,0.0392000007629395,121,0.0165299999713898,3.67420526484435,2.69207276848645,67.440685651318,1286.01714128295,73
"241",2020-10-27,7040,1270,322,61,74.1,78,0,15,60,1,3,33,30,2,448,60,1354,0.0288000011444092,116,0,2.65273479928776,2.71452294170311,74.5340553954873,1260.13750587115,78
"242",2020-10-28,7152,1276,325,94,77.7,112,2,69,38,2,2,31,29,3,450,40,1900,0.0405299997329712,166,0.01807000041008,3.87253724882471,2.88204358451532,108.546533929853,1261.5344323623,112
"243",2020-10-29,7216,1261,326,65,74.4,64,0,18,42,9,2,39,37,1,459,42,2190,0.0292199993133545,96,0,2.79929127280168,2.90713183138712,59.6558192451955,1250.66638257599,64
"244",2020-10-30,7266,1230,328,122,78.7,50,1,9,36,4,2,42,40,2,463,37,2789,0.0358599996566772,105,0.0571400022506714,3.66320799166528,3.0824594595288,45.6032175048359,1216.8096629986,50
"245",2020-10-31,7305,1160,329,83,81.6,39,0,5,32,2,2,41,39,1,465,32,2352,0.0276399993896484,322,0,2.43116224997955,3.1496047178962,36.7722527592526,1151.74416252291,39
"246",2020-11-01,7355,1120,332,50,78.9,50,1,6,40,1,2,39,37,3,466,41,1714,0.0256699991226196,104,0,2.42015283257261,3.07332737999656,46.7095202572066,1112.0649436115,50
"247",2020-11-02,7419,1072,332,56,75.9,64,3,8,47,6,2,44,42,0,472,50,1030,0.0174800002574921,14,0.0714300012588501,1.82034677038704,2.80849045221695,57.7335514666374,1066.28734344471,64
"248",2020-11-03,7490,1000,333,36,72.3,71,1,36,33,1,2,45,43,1,473,34,1456,0.0219799995422363,13,0,2.17854862719511,2.74074957048943,69.7831620077601,993.622411992944,71
"249",2020-11-04,7555,924,337,53,66.4,65,5,1,51,1,1,42,41,4,474,56,1466,0.0272900009155273,295,0.0033899998664856,2.32863096551825,2.52019153001707,56.6182510093844,917.701141654843,65
"250",2020-11-05,7602,881,337,45,63.6,47,0,6,34,5,2,45,43,0,479,34,2536,0.0240499997138977,41,0,2.36673648717286,2.45839798921296,39.7644310612886,874.895993088096,47
"251",2020-11-06,7676,875,341,79,57.4,74,1,12,58,4,3,47,44,4,483,59,2342,0.0234800004959106,116,0.0258599996566772,2.35923194148077,2.27211569632945,70.5925147872609,868.956787099207,74
"252",2020-11-07,7711,841,346,75,56.3,35,3,4,25,3,4,47,43,5,486,28,2499,0.0276099991798401,142,0,2.61254782091709,2.2980279207491,31.7858532527613,834.567949484724,35
"253",2020-11-08,7748,779,346,47,55.9,37,1,5,29,1,4,48,44,0,487,30,1176,0.0204099988937378,92,0.0108700001239777,1.97178223268467,2.23397497790797,34.8268312963587,774.503385995448,37
"254",2020-11-09,7818,747,350,31,52.3,70,3,24,41,7,4,47,43,4,494,44,711,0.0210999989509583,20,0.1,2.3258685710166,2.30619237799791,67.7004101822421,741.91378195761,70
"255",2020-11-10,7885,756,350,51,54.4,67,0,11,54,3,5,48,43,0,497,54,1374,0.0334800004959106,17,0,3.30708272332,2.46741153458718,64.4772090987686,748.680927382761,67
"256",2020-11-11,7941,755,353,78,58,56,0,6,48,2,5,47,42,3,499,48,2375,0.0261100006103516,241,0.0290499997138977,2.63808491516186,2.51161924167912,53.6293028816009,749.169243241848,56
"257",2020-11-12,7983,745,355,58,59.9,42,1,8,31,3,3,44,41,2,502,32,2318,0.0215700006484985,214,0.00467000007629395,2.01416435701211,2.4612517945133,39.8113164291174,740.607210615389,42
"258",2020-11-13,8021,721,357,81,60.1,38,1,7,26,0,3,37,34,2,502,27,2719,0.0217000007629395,200,0,2.02131901591067,2.41297851943186,33.8402327249705,716.733622026064,38
"259",2020-11-14,8042,698,357,51,56.7,21,3,2,14,3,3,38,35,0,505,17,1710,0.015789999961853,245,0.0163300001621246,1.58576726212221,2.26629558246116,18.9210817273055,694.759708568191,21
"260",2020-11-15,8072,654,360,29,54.1,30,1,1,25,0,2,36,34,3,505,26,984,0.0152400004863739,306,0.00653999984264374,1.31762794034426,2.17284496926967,26.8997105278371,651.477334046364,30
"261",2020-11-16,8116,615,363,11,51.3,44,0,3,39,3,2,34,32,3,508,39,735,0.0122399997711182,53,0,1.1416751055548,2.0036744742037,41.8696544105375,612.944550320014,44
"262",2020-11-17,8157,593,363,39,49.6,41,1,10,29,1,2,33,31,0,509,30,1828,0.020789999961853,38,0,2.03666237568421,1.82218585311287,39.8211332988471,589.464401540544,41
"263",2020-11-18,8198,585,363,66,47.9,41,3,6,30,1,2,33,31,0,510,33,2684,0.0204900002479553,20,0.05,2.07082694768906,1.74114900061676,38.7999461333723,581.453590546145,41
"264",2020-11-19,8218,569,364,53,47.1,20,2,1,17,0,2,31,29,1,510,19,2476,0.0121200001239777,187,0.0160399997234344,1.23952685900304,1.63048650090118,19.9310556399326,566.935297848509,20
"265",2020-11-20,8243,526,364,28,39.6,25,1,2,20,1,2,31,29,0,511,21,2643,0.00757000029087067,222,0.0225200009346008,0.872842966012306,1.46641849377284,22.946340748141,524.655963501055,25
"266",2020-11-21,8272,496,365,27,36.1,29,4,4,19,2,2,32,30,1,513,23,1495,0.0187300002574921,71,0,1.7880811229215,1.49532047388702,26.8796061628347,493.403680728956,29
"267",2020-11-22,8299,482,368,26,35.7,27,3,4,19,3,4,32,28,3,516,22,1220,0.0147500002384186,36,0,1.4327229530948,1.51176261856567,25.9077271145575,479.978384964397,27
"268",2020-11-23,8339,464,370,20,37,40,2,10,25,1,3,27,24,2,517,27,922,0.0173500001430511,13,0,1.71087701945381,1.5930771776941,36.8647704013285,461.676054304311,40
"269",2020-11-24,8383,474,370,21,34.4,44,2,7,34,1,3,23,20,0,518,36,1403,0.00855000019073486,41,0.0975599956512451,1.10772923056108,1.46037244267651,42.8832584866653,472.462903407759,44
"270",2020-11-25,8438,482,371,38,30.4,55,4,10,39,2,2,23,21,1,520,43,2618,0.0122200000286102,72,0.0138900005817413,1.22646989281736,1.33975000626627,52.8456116416142,480.269414215304,55
"271",2020-11-26,8483,497,372,60,31.4,45,3,4,37,3,2,23,21,1,523,40,3059,0.0143799996376038,224,0.00446000009775162,1.37031553193196,1.35843410239897,43.8395388968006,495.006270792748,45
"272",2020-11-27,8529,508,374,56,35.4,46,2,3,40,3,1,24,23,2,526,42,3154,0.0177600002288818,336,0.00298000007867813,1.63370546556817,1.46712874519267,44.7991313066522,505.570445328079,46
"273",2020-11-28,8574,511,375,60,40.1,45,2,3,40,2,1,25,24,1,528,42,2597,0.0119400000572205,191,0,1.11220158352229,1.3705745252785,44.8632516793694,509.336228765661,45
"274",2020-11-29,8619,525,377,23,39.7,45,0,4,38,5,1,28,27,2,533,38,898,0.0245000004768372,12,0,2.41769235474723,1.51128443980027,41.7310485835347,521.284223851466,45
"275",2020-11-30,8663,532,378,45,43.3,44,1,7,35,1,1,25,24,1,534,36,1135,0.0229099988937378,61,0,2.17415123280873,1.57746647027955,42.7708702649219,528.613971692735,44
"276",2020-12-01,8716,552,378,34,45.1,53,2,11,39,3,1,27,26,0,537,41,1906,0.0141700005531311,113,0.0176999998092651,1.43675686145195,1.62447041754967,51.8275527239627,549.67827082018,53
"277",2020-12-02,8758,566,379,50,46.9,42,1,5,34,6,1,31,30,1,543,35,2859,0.0101400005817413,81,0.0123500001430511,1.0200888324757,1.59498740892943,39.8954810015246,564.309778481797,42
"278",2020-12-03,8796,565,380,40,44,38,0,6,31,3,1,33,32,1,546,31,3327,0.0102199995517731,202,0,0.963500666158941,1.53687099953329,36.9125614564146,563.406362028202,38
"279",2020-12-04,8838,568,382,54,43.7,42,1,5,32,2,1,31,30,2,548,33,2994,0.0110199999809265,165,0.0121200001239777,1.10774548791865,1.46173385986907,37.892985375555,566.158051312583,42
"280",2020-12-05,8873,557,382,45,41.6,35,3,2,29,1,1,31,30,0,549,32,2277,0.0184500002861023,209,0,1.68988940673592,1.54426069175673,33.8416939677492,554.244485626134,35
"281",2020-12-06,8912,550,383,33,43,39,0,7,30,1,2,31,29,1,550,30,1397,0.0157500004768372,20,0,1.55276998349623,1.42070035300659,36.8636303945548,547.499890566837,39
"282",2020-12-07,8965,552,384,24,40,53,0,4,44,2,1,31,30,1,552,44,1068,0.0168499994277954,25,0.04,1.73795053878184,1.3583859681456,47.7761385610201,549.191556492797,53
"283",2020-12-08,9012,557,384,58,43.4,47,1,1,44,0,1,28,27,0,552,45,2367,0.01942999958992,69,0,1.88796424586785,1.4228441659193,45.7512887207634,553.921507054782,47
"284",2020-12-09,9067,568,386,39,41.9,55,2,3,48,1,3,25,22,2,553,50,2911,0.00962000012397766,167,0.00598999977111816,0.942305078709412,1.41173220109555,52.862072540086,566.433144055376,55
"285",2020-12-10,9111,566,386,57,44.3,44,2,0,42,1,3,24,21,0,554,44,3091,0.0139100003242493,252,0.00397000014781952,1.3160709255012,1.46209938100158,43.8304799103265,563.81935521011,44
"286",2020-12-11,9150,550,386,49,43.6,39,6,2,30,1,2,24,22,0,555,36,3047,0.0118099999427795,32,0,1.16872587936503,1.47081086549392,37.8768301638466,548.118238614323,39
"287",2020-12-12,9179,535,387,56,45.1,29,2,5,22,0,2,21,19,1,555,24,2616,0.0156700003147125,24,0,1.5527545766397,1.45122017548018,28.8909053981104,532.568099499543,29
"288",2020-12-13,9219,533,388,28,44.4,40,5,2,33,0,2,20,18,1,555,38,1502,0.0119799995422363,47,0,1.16165005244926,1.39534589961632,39.8707745315777,531.187442771866,40
"289",2020-12-14,9261,530,388,19,43.7,42,3,4,35,2,2,21,19,0,557,38,917,0.0174500000476837,20,0,1.70775347318313,1.39103203310222,41.8100243338718,527.350339393475,42
"290",2020-12-15,9309,540,389,51,42.7,48,2,7,38,1,1,21,20,1,558,40,2079,0.0134700000286102,49,0,1.31598355542672,1.30932050589635,46.8459010584239,537.919664288722,48
"291",2020-12-16,9363,556,389,54,44.9,54,3,4,46,0,1,19,18,0,558,49,2312,0.0168700003623962,94,0,1.62109064164007,1.4062898720293,52.7674627239597,553.361413765747,54
"292",2020-12-17,9400,551,390,60,45.3,37,1,5,29,2,0,19,19,1,560,30,3207,0.0134099996089935,83,0.0241000008583069,1.36796865706023,1.41370383368059,34.8798602832309,548.793433868675,37
"293",2020-12-18,9441,540,390,23,41.6,41,3,4,34,0,0,18,18,0,560,37,3298,0.00727999985218048,170,0.00587999999523163,0.72113724082124,1.34976259960291,40.9218896021138,538.860010409229,41
"294",2020-12-19,9480,537,390,46,40.1,39,1,7,28,3,0,21,21,0,563,29,2799,0.0117900002002716,140,0,1.12283805922287,1.28834595425765,35.9046755463347,535.234854082129,39
"295",2020-12-20,9524,532,390,24,39.6,44,5,2,34,0,0,18,18,0,563,39,1360,0.0161800003051758,51,0,1.55951810170369,1.34518424700828,40.8219490770579,529.571202794739,44
"296",2020-12-21,9598,552,390,28,40.9,74,7,8,59,1,0,17,17,0,564,66,1365,0.00658999979496002,32,0.03125,0.715486737302823,1.20343185616824,73.8617596815823,550.843808245961,74
"297",2020-12-22,9681,595,390,66,43,83,5,7,69,2,0,17,17,0,566,74,3021,0.0225099992752075,48,0,2.21579367254487,1.33197615861369,80.5199900501628,591.140460538471,83
"298",2020-12-23,9781,662,390,53,42.9,100,5,6,88,1,1,15,14,0,567,93,2652,0.0199800002574921,199,0.0150800001621246,1.96379799070964,1.38093435133791,98.465350749923,658.194217166118,100
"299",2020-12-24,9855,691,390,56,42.3,74,11,5,56,2,1,15,14,0,569,67,3469,0.01557000041008,144,0,1.49494413015686,1.39907370463743,71.7067831208088,687.975927410133,74
"300",2020-12-25,9918,720,390,52,46.4,63,6,2,54,0,1,12,11,0,569,60,2537,0.0295600008964539,161,0,2.77960423551903,1.69314041816568,61.5117711741978,714.141254090374,63
"301",2020-12-26,10011,762,390,86,52.1,93,5,4,83,2,2,14,12,0,571,88,951,0.0199800002574921,50,0,1.89819982466283,1.80390638465711,91.5109944331117,757.765656341262,93
"302",2020-12-27,10122,827,391,35,53.7,111,8,6,95,2,4,14,10,1,573,103,1480,0.0270300006866455,32,0.0625,2.77806885028012,1.97798506302517,108.162336809379,820.274296518024,111
"303",2020-12-28,10256,923,391,65,59,134,15,7,110,1,2,14,12,0,574,125,1188,0.04125,39,0.0256399989128113,4.07538385962507,2.45797036621406,130.508690665494,911.988171874006,134
"304",2020-12-29,10376,999,391,112,65.6,120,5,15,100,3,4,13,9,0,577,105,1880,0.0505299997329712,25,0.04,5.03918107600976,2.8613114238519,118.451046195881,984.262810949378,120
"305",2020-12-30,10513,1090,391,88,70.6,137,12,10,115,3,5,14,9,0,580,127,2458,0.0573600006103516,62,0,5.59487625000969,3.38003688946619,134.919903859888,1072.14720635652,137
"306",2020-12-31,10639,1178,391,147,83.6,126,0,9,117,2,5,14,9,0,582,117,2652,0.0331800007820129,144,0,3.14711595400209,3.6160614357298,124.922076826931,1167.14706412072,126
"307",2021-01-01,10756,1234,392,88,88.7,117,0,5,111,2,6,14,8,1,584,111,2759,0.0391400003433228,134,0.0149300003051758,3.80186246070242,3.76209832504171,114.764597197161,1220.26588235403,117
"308",2021-01-02,10868,1292,392,133,95.4,112,4,8,100,2,6,16,10,0,586,104,2369,0.0295499992370605,431,0,2.50014100687844,3.84808992250108,111.238820567672,1282.54380935993,112
"309",2021-01-03,10991,1319,393,107,105.7,123,0,5,118,3,5,19,14,1,589,118,1516,0.0600299978256226,126,0.0238100004196167,5.72506313986087,4.26908910672691,121.022340635125,1296.89379065872,123
"310",2021-01-04,11167,1431,393,115,112.9,176,5,30,141,5,8,22,14,0,594,146,1386,0.0533900022506714,155,0.00644999980926514,4.86685873393035,4.38215694591337,173.919868462935,1410.61186144151,176
"311",2021-01-05,11310,1507,395,105,111.9,143,2,19,122,6,8,24,16,2,600,124,2417,0.0575099992752075,97,0.0103100001811981,5.56888378145397,4.45782876097683,140.978475347868,1482.43195442933,143
"312",2021-01-06,11494,1603,395,132,118.1,184,11,42,130,7,7,29,22,0,607,141,2627,0.0513899993896484,211,0.0142200005054474,4.86264793880394,4.35322471651887,180.992843935004,1580.18105551639,184
"313",2021-01-07,11610,1637,395,188,124,116,2,7,106,6,9,33,24,0,613,108,2311,0.048899998664856,91,0.0109899997711182,4.74637747267502,4.58169064775786,113.499364446479,1614.25425554525,116
"314",2021-01-08,11743,1669,395,186,138,133,6,13,113,0,11,31,20,0,613,119,2661,0.0368300008773804,249,0,3.36785678126148,4.51968983640915,130.826752119648,1652.54495199741,133
"315",2021-01-09,11843,1680,397,153,140.9,100,6,2,92,4,11,31,20,2,617,98,3020,0.0324499988555908,375,0.00266999989748001,2.91606027998348,4.57910687542416,99.163411721888,1665.65848666094,100
"316",2021-01-10,11936,1665,397,120,142.7,93,5,3,83,5,11,35,24,0,622,88,1824,0.0509899997711182,78,0,4.88989272252994,4.45979681580545,89.7402881763365,1641.1656797,93
"317",2021-01-11,12100,1716,397,66,135.7,164,2,25,135,3,13,35,22,0,625,137,1608,0.0342000007629395,115,0,3.1917354165297,4.22049348474822,160.719921356527,1699.96631421752,164
"318",2021-01-12,12240,1743,398,160,143.6,140,1,22,115,4,13,36,23,1,629,116,2211,0.0705600023269653,74,0.0135099995136261,6.87124311198813,4.40654481768167,135.66663593108,1707.93919334373,140
"319",2021-01-13,12329,1731,402,172,149.3,89,1,9,76,2,11,35,24,4,631,77,2532,0.0375200009346008,173,0.0115600001811981,3.58597125315181,4.22416243401708,85.1916736597641,1712.82840396171,89
"320",2021-01-14,12421,1718,402,130,141,92,2,14,75,9,10,42,32,0,640,77,2581,0.0337100005149841,146,0,3.19052113418313,4.00189724280395,90.2808134561668,1701.95373399603,92
"321",2021-01-15,12517,1687,404,144,135,96,6,7,81,5,11,42,31,2,645,87,2923,0.0372900009155273,206,0.00485000014305115,3.51542897748658,4.02297898512182,93.1046624829143,1669.6386851572,96
"322",2021-01-16,12578,1638,405,119,130.1,61,0,1,58,2,9,40,31,1,647,58,2470,0.0323900008201599,289,0,2.89972098679938,4.02064480038124,58.5076506062866,1624.09537401892,61
"323",2021-01-17,12658,1578,407,74,123.6,80,2,3,72,2,9,40,31,2,649,74,2036,0.026029999256134,32,0,2.5627213967838,3.68819175384607,76.4448346954146,1566.16147499141,80
"324",2021-01-18,12779,1599,408,64,123.3,121,2,45,72,7,10,44,34,1,656,74,1021,0.0391799998283386,48,0,3.74207481990026,3.7668116686133,118.18934999732,1581.48338710425,121
"325",2021-01-19,12853,1540,415,81,112,74,3,24,47,8,9,46,37,7,664,50,2337,0.0410799980163574,89,0,3.95729412053699,3.35053324126313,73.4207613452259,1522.15944943296,74
"326",2021-01-20,12914,1498,415,166,111.1,61,1,8,50,2,7,38,31,0,666,51,3065,0.0225099992752075,163,0.00612999975681305,2.16828803404187,3.14800706710457,58.6762749166829,1488.49136912139,61
"327",2021-01-21,12985,1467,417,81,104.1,71,1,9,60,3,7,38,31,2,669,61,2636,0.0242799997329712,117,0,2.32481217929938,3.02433435926404,69.5848482152821,1457.01593986588,71
"328",2021-01-22,13064,1435,418,95,97.1,79,1,3,74,5,6,38,32,1,674,75,2311,0.0307200002670288,111,0.00901000022888184,2.97250332958338,2.94677355242072,77.3473613114815,1422.51284642635,79
"329",2021-01-23,13112,1369,418,84,92.1,48,1,4,40,4,9,40,31,0,678,41,2122,0.0329900002479553,276,0,2.91929860409346,2.9495703548913,44.6496101005519,1357.30039579648,48
"330",2021-01-24,13158,1285,419,44,87.9,46,2,9,35,2,8,38,30,1,680,37,1247,0.0224499988555908,36,0,2.18200690357925,2.8951825701478,45.7636546585295,1276.79179016785,46
"331",2021-01-25,13221,1226,419,29,82.9,63,1,18,43,4,7,39,32,0,684,44,825,0.0206100010871887,48,0,1.94768051511234,2.63884052660667,61.7491237218455,1219.00967461324,63
"332",2021-01-26,13283,1163,420,74,81.9,62,1,19,40,8,5,41,36,1,692,41,2354,0.024210000038147,79,0,2.3423896461076,2.40813988740247,59.7188538125504,1155.02504839015,62
"333",2021-01-27,13361,1122,422,80,69.6,78,0,27,50,1,4,31,27,2,693,50,2800,0.0196399998664856,175,0.00570999979972839,1.88205880978528,2.36724999822296,76.7245185270591,1115.81819574721,78
"334",2021-01-28,13399,1061,422,66,67.4,38,1,3,33,3,5,31,26,0,696,34,2355,0.0212299990653992,209,0.0287100005149841,2.18397183723271,2.34712994935629,36.7826222181215,1054.21653451256,38
"335",2021-01-29,13428,958,422,73,64.3,29,1,2,26,3,4,32,28,0,699,27,2847,0.0122899997234344,180,0.00555999994277954,1.18898015204223,2.09234092399327,28.9060217029273,954.665510792754,29
"336",2021-01-30,13447,861,423,42,58.3,19,1,6,12,2,5,34,29,1,701,13,2155,0.0157799994945526,216,0,1.43424288953019,1.88019010762709,18.9454172691925,857.384943751906,19
"337",2021-01-31,13490,803,424,25,55.6,43,3,5,35,4,6,33,27,1,705,38,922,0.0195200002193451,24,0,1.90247782264653,1.84025738177955,42.7883626077611,798.527767737689,43
"338",2021-02-01,13530,712,424,27,55.3,40,6,7,25,4,5,30,25,0,709,31,548,0.0292000007629395,29,0,2.77324097367259,1.9581945901453,37.7483259116821,706.219614487667,40
"339",2021-02-02,13572,649,425,59,53.1,42,4,5,31,3,5,28,23,1,712,35,2439,0.0221399998664856,107,0.0280399990081787,2.23879574109322,1.94339546085754,39.7706114593155,644.746481059879,42
"340",2021-02-03,13635,634,425,54,49.4,63,4,22,36,2,4,27,23,0,714,40,2865,0.0129100000858307,212,0,1.20205233168362,1.84625167827158,61.8592421681352,631.768988364943,63
"341",2021-02-04,13717,636,425,51,47.3,82,3,43,33,2,5,26,21,0,716,36,2814,0.0127900004386902,90,0,1.23936161275738,1.71130736048939,78.869385995918,633.692485927884,82
"342",2021-02-05,13774,634,427,72,47.1,57,1,8,47,2,5,22,17,2,718,48,2435,0.0160199999809265,149,0,1.50962461120573,1.75711371179847,55.7878713114874,631.198133572562,57
"343",2021-02-06,13799,603,427,61,49.9,25,1,4,19,3,6,22,16,0,721,20,2369,0.0143499994277954,205,0.0146300005912781,1.43722994427581,1.75754043390498,23.9158516790346,600.462928122894,25
"344",2021-02-07,13824,558,429,33,51,25,1,2,19,3,4,24,20,2,724,20,1004,0.0249000000953674,75,0,2.31692308579693,1.81674690006933,21.8643465589816,554.215268995586,25
"345",2021-02-08,13871,555,431,23,50.4,47,1,7,38,2,5,22,17,2,726,39,852,0.0140799999237061,29,0,1.36165266004513,1.61509142669397,45.8445394685815,552.787677052891,47
"346",2021-02-09,13926,574,431,43,48.1,55,5,8,39,0,2,19,17,0,726,44,2244,0.0178299999237061,149,0,1.67198160588368,1.5341179788069,51.7846358685769,571.190477012799,55
"347",2021-02-10,13983,591,432,41,46.3,57,0,6,50,3,4,20,16,1,729,50,2791,0.0125399994850159,100,0,1.21062395581734,1.53534249654028,55.8227980609362,588.905473080266,57
"348",2021-02-11,14043,617,433,51,46.3,60,1,11,46,1,3,17,14,1,730,47,2563,0.0152199995517731,58,0,1.48831968146488,1.57090793492707,57.7952220057261,614.311744202829,60
"349",2021-02-12,14094,620,435,52,43.4,51,0,8,41,3,2,17,15,2,733,41,2612,0.0157000005245209,173,0,1.47247401687786,1.56560070716595,48.8232657591141,617.327433430505,51
"350",2021-02-13,14127,619,435,46,41.3,33,0,3,29,6,2,21,19,0,739,29,2099,0.0219199991226196,46,0.0217400002479553,2.19161390068926,1.67336984379644,31.8139407584091,615.028597567422,33
"351",2021-02-14,14168,593,437,48,43.4,41,0,4,35,4,2,21,19,2,743,35,1175,0.0170200002193451,10,0,1.6876371525511,1.58347185333275,38.8270835447277,590.070301200671,41
"352",2021-02-15,14230,615,438,34,45,62,2,8,51,4,2,23,21,1,747,53,867,0.0265300011634827,26,0,2.57575711184093,1.75691534644643,60.6003590530839,610.362656936729,62
"353",2021-02-16,14281,610,438,61,47.6,51,3,13,32,3,2,24,22,0,750,35,1561,0.0333100008964539,23,0,3.28263329541442,1.98700844495083,47.6636591505799,604.138059481535,51
"354",2021-02-17,14338,626,439,50,48.9,57,5,6,44,2,2,25,23,1,752,49,2063,0.0184200000762939,222,0,1.66303983183345,2.0516392843817,54.761445324211,622.952342305226,57
"355",2021-02-18,14410,642,439,68,51.3,72,3,12,53,3,3,26,23,0,755,56,2348,0.0212899994850159,116,0,2.02877105482213,2.12884662343274,67.6674091713815,638.187083714766,72
"356",2021-02-19,14464,647,440,58,52.1,54,2,16,33,1,3,26,23,1,756,35,2576,0.0151400005817413,96,0,1.45960484650321,2.12700817052207,50.8504478905468,644.235422433822,54
"357",2021-02-20,14512,625,440,66,55,48,0,3,44,4,3,26,23,0,760,44,2384,0.0255900001525879,68,0,2.48803264126303,2.16935370488975,46.6795221987776,620.447758505363,48
"358",2021-02-21,14552,611,440,53,55.7,40,0,7,31,2,4,24,20,0,762,31,1000,0.03,28,0,2.91828793774319,2.34516095991719,37.7351627705082,605.780143638081,40
"359",2021-02-22,14617,626,440,32,55.4,65,0,11,54,1,6,23,17,0,763,54,863,0.0150600004196167,66,0,1.39900757396439,2.17705388307769,64.7788418096515,623.436203200774,65
"360",2021-02-23,14672,632,440,47,53.4,55,0,7,47,3,6,25,19,0,766,47,2036,0.019650000333786,84,0,1.88714154149001,1.97769791823135,53.7403480820754,628.508510380247,55
"361",2021-02-24,14720,639,441,60,54.9,48,2,10,36,1,6,24,18,1,767,38,2874,0.0187899994850159,41,0,1.85257147581254,2.00477386737122,47.7939143408612,635.534506942376,48
"362",2021-02-25,14753,635,441,44,51.4,33,1,5,25,1,6,23,17,0,768,26,2376,0.0185199999809265,128,0.00781000018119812,1.79725239528254,1.97169977315127,30.8632045598401,631.659034442248,33
"363",2021-02-26,14818,638,441,56,51.1,65,5,12,43,1,6,21,15,0,769,48,2639,0.0181900000572205,181,0,1.70224858691506,2.00636316463868,59.760804270423,634.820690094372,65
"364",2021-02-27,14865,644,442,71,51.9,47,0,5,34,3,6,23,17,1,772,34,2535,0.0209100008010864,47,0.0212800002098083,2.09167358794017,1.94974044273542,38.7918089614487,640.056616799206,47
"365",2021-02-28,14931,656,442,50,51.4,66,2,9,54,7,6,28,22,0,779,56,1552,0.0257699990272522,94,0,2.42983222905804,1.87996105578039,64.6016603684553,651.333735744762,66
"366",2021-03-01,15009,672,442,55,54.7,78,4,7,65,3,6,29,23,0,782,69,996,0.0291199994087219,45,0,2.78612098089213,2.07812011391293,75.4372205073978,666.519017115526,78
"367",2021-03-02,15074,682,443,62,56.9,65,1,6,57,3,4,29,25,1,785,58,2006,0.0259200000762939,41,0,2.54008403287961,2.17139761268287,63.5687140799882,676.928672457792,65
"368",2021-03-03,15134,693,443,65,57.6,60,0,5,51,6,5,32,27,0,791,51,2676,0.0209299993515015,109,0,2.01108360016581,2.19404220187619,55.6997455154481,688.920071415794,60
"369",2021-03-04,15190,688,443,61,60,56,2,3,50,1,5,31,26,0,792,52,2414,0.0202999997138977,225,0.00444000005722046,1.89477829944008,2.2079744738987,54.7115630145685,684.183756808138,56
"370",2021-03-05,15262,691,444,52,59.4,72,2,9,57,1,2,28,26,1,793,59,2440,0.0188499999046326,154,0,1.77309174122218,2.218094924514,67.693752592666,687.413271890377,72
"371",2021-03-06,15320,707,445,46,55.9,58,3,3,49,0,2,26,24,1,793,52,1957,0.0209500002861023,25,0,2.06857470029779,2.21479508342224,54.685106457642,702.718658952941,58
"372",2021-03-07,15358,696,446,55,56.6,38,1,0,36,2,5,25,20,1,795,37,1752,0.0194099998474121,16,0.0625,1.97999545999242,2.15053268784143,36.7855356450366,691.96575159312,38
"373",2021-03-08,15444,741,447,39,54.3,86,1,10,66,6,4,29,25,1,801,67,1170,0.0205100011825562,142,0,1.82901687374929,2.01380352967817,76.6412584197026,737.03242520895,86
"374",2021-03-09,15500,746,447,70,55.4,56,0,8,46,1,3,27,24,0,802,46,2105,0.0318300008773804,57,0,3.09908195406502,2.0936603755618,53.5826695295232,739.23198845705,56
"375",2021-03-10,15581,770,447,76,57,81,4,8,66,0,2,24,22,0,802,70,2655,0.0180799996852875,173,0,1.69739742448509,2.04884806475027,77.6521670011985,766.173837013183,81
"376",2021-03-11,15642,767,450,73,58.7,61,1,6,52,1,2,20,18,3,803,53,2321,0.0280100011825562,86,0,2.70092283941474,2.16401157046093,58.5809389960999,760.93547566054,61
"377",2021-03-12,15723,771,450,96,65,81,3,4,69,2,2,17,15,0,805,72,2361,0.0228699994087219,133,0,2.16503883736938,2.22000401276768,75.5436612064936,766.113372086202,81
"378",2021-03-13,15788,786,450,56,66.4,65,4,4,52,5,4,22,18,0,810,56,2353,0.0187000000476837,99,0,1.79449837325448,2.18085025176149,59.7058151537125,781.870905550323,65
"379",2021-03-14,15852,806,450,65,67.9,64,1,7,51,2,3,23,20,0,812,52,1535,0.0299699997901916,36,0,2.92832270387932,2.31632557231676,58.5542293400093,799.090554770144,64
"380",2021-03-15,15955,848,451,59,70.7,103,2,4,93,4,5,25,20,1,816,95,1000,0.0320000004768372,13,0,3.15893390689409,2.50631371990887,98.1214765734035,840.158022465749,103
"381",2021-03-16,16040,862,452,85,72.9,85,4,5,73,5,6,27,21,1,821,77,1583,0.0341100001335144,9,0,3.39171672181867,2.54811868673083,81.2354612540592,853.441137675312,85
"382",2021-03-17,16125,886,453,78,73.1,85,3,5,74,3,5,27,22,1,824,77,2842,0.0267400002479553,175,0,2.51889561500461,2.66547557109076,81.4322069168504,879.466692575707,85
"383",2021-03-18,16227,931,454,62,71.6,102,2,3,93,2,5,24,19,1,826,95,2566,0.0284500002861023,161,0,2.67703339692477,2.66206279359219,97.2554967522914,923.703868172455,102
"384",2021-03-19,16353,982,456,118,74.7,126,6,6,106,2,4,24,20,2,828,112,2615,0.0382399988174438,97,0,3.6872270246171,2.87951824891329,116.791053442421,971.400129289795,126
"385",2021-03-20,16448,1027,457,84,78.7,95,4,3,83,4,4,27,23,1,832,87,1997,0.0435699987411499,151,0.00662000000476837,4.09724895189927,3.20848261729112,88.9564799269254,1014.68166534428,95
"386",2021-03-21,16527,1051,458,88,82,79,5,2,72,3,4,28,24,1,835,77,1306,0.0421099996566772,87,0,3.94800140356213,3.35415100296009,78.1100671755295,1038.85299482443,79
"387",2021-03-22,16677,1127,459,55,81.4,150,4,5,137,4,7,29,22,1,839,141,1150,0.0547800016403198,131,0,4.91779874210521,3.60541740799025,143.970079327998,1110.77503122449,150
"388",2021-03-23,16792,1154,460,109,84.9,115,2,0,111,5,9,30,21,1,844,113,1966,0.0350999999046326,153,0,3.25656440832976,3.58610993463469,111.922723173735,1142.99842957956,115
"389",2021-03-24,16923,1221,460,90,86.6,131,4,3,119,4,9,32,23,0,848,123,3100,0.044520001411438,47,0,4.38551014856872,3.85276915371528,124.420882545728,1205.32437063686,131
"390",2021-03-25,17064,1294,461,126,95.7,141,6,5,125,8,10,39,29,1,856,131,2987,0.0328099989891052,281,0,2.9988820985452,3.89874753966106,134.849941612942,1282.63988127593,141
"391",2021-03-26,17201,1368,462,108,94.3,137,7,2,121,4,11,41,30,1,860,128,2386,0.0657999992370605,117,0,6.27242501716446,4.2680615385964,127.649638578477,1342.88051230747,137
"392",2021-03-27,17372,1477,464,141,102.4,171,7,4,154,5,13,43,30,2,865,161,2467,0.0591800022125244,117,0,5.65004123290626,4.48988900731168,162.337027415499,1452.57012107262,171
"393",2021-03-28,17505,1532,465,143,110.3,133,4,4,120,5,13,44,31,1,870,124,2465,0.0770800018310547,157,0,7.2464608891514,4.961097505253,125.36950888131,1499.50070650135,133
"394",2021-03-29,17710,1678,465,118,119.3,205,5,1,187,4,12,46,34,0,874,192,1630,0.0766900014877319,40,0,7.48531152245527,5.32788504530301,188.792730710454,1641.23021943824,205
"395",2021-03-30,17906,1795,466,167,127.6,196,8,5,177,6,12,47,35,1,880,185,1967,0.0421999979019165,64,0,4.08702096863957,5.44652169677584,187.786559783918,1773.52364763315,196
"396",2021-03-31,18089,1873,467,168,138.7,183,4,6,168,8,14,53,39,1,888,172,2998,0.0720499992370605,224,0,6.70409365961228,5.77774791263921,174.62434758282,1836.2407152478,183
"397",2021-04-01,18289,1966,468,146,141.6,200,8,5,174,4,14,51,37,1,892,182,2622,0.0675099992752075,100,0.01,6.5397214584715,6.28358210691439,183.515665498913,1928.36152951023,200
"398",2021-04-02,18427,1999,469,254,162.4,138,9,6,112,5,14,54,40,1,897,121,3114,0.0918400001525879,99,0,8.90101962263177,6.65909562198115,123.847069985147,1946.91151157281,138
"399",2021-04-03,18589,2092,469,222,174,162,6,2,149,12,13,59,46,0,909,155,2870,0.0975599956512451,36,0,9.63514065791719,7.22839553983985,152.628012019301,2032.9922654476,162
"400",2021-04-04,18708,2143,470,160,176.4,119,6,3,107,12,15,62,47,1,921,113,1810,0.0884000015258789,139,0,8.20954349727249,7.36597876957144,113.284269599826,2091.49725444625,119
"401",2021-04-05,18903,2200,471,195,187.4,195,6,4,182,5,17,65,48,1,926,188,2028,0.100100002288818,162,0,9.26953445852619,7.62086776043871,186.898416790667,2140.30062201845,195
"402",2021-04-06,19183,2342,472,167,187.4,280,9,5,255,8,19,67,48,1,934,264,1713,0.109750003814697,83,0,10.4678038159564,8.53240816719826,260.90999660954,2270.23186386191,280
"403",2021-04-07,19495,2504,473,252,199.4,312,6,5,288,12,23,73,50,1,946,294,3327,0.0880700016021728,44,0,8.69204673184305,8.81640146323122,291.519018425055,2440.28442903516,261
"404",2021-04-08,19821,2708,474,256,215.1,326,9,4,294,10,29,80,51,1,956,303,3342,0.0789900016784668,195,0.0102600002288818,7.52008158479129,8.95645290984834,300.329561524057,2648.38433203679,274
"405",2021-04-09,20130,2885,476,289,220.1,309,5,1,298,13,30,84,54,2,969,303,3385,0.103400001525879,158,0,9.87888809384985,9.09614840573663,295.237260593818,2801.56599608305,264
"406",2021-04-10,20398,3005,479,379,242.6,268,8,3,250,14,26,88,62,3,983,258,3159,0.0813500022888184,97,0,7.89264917783714,8.84722105143948,255.038827253646,2935.56851122948,235
"407",2021-04-11,20645,3125,479,251,255.6,247,6,2,233,12,29,96,67,0,995,239,2676,0.135649995803833,30,0.0333299994468689,13.4515627773268,9.5960809485901,231.588478345001,3001.94140095451,224
"408",2021-04-12,20940,3215,480,316,272.9,295,4,5,283,15,27,97,70,1,1010,287,2103,0.0736999988555908,107,0,7.01317183680125,9.27374343120082,286.107690114727,3148.99381086706,266
"409",2021-04-13,21193,3271,481,341,297.7,253,7,2,238,11,28,100,72,1,1021,245,2662,0.0755100011825562,178,0,7.07773320943537,8.78944763026925,241.923674349891,3203.22587264691,237
"410",2021-04-14,21451,3353,483,309,305.9,258,5,9,242,13,28,100,72,2,1034,247,3872,0.151859998703003,95,0,14.8223321143944,9.66520268491945,245.282272881917,3207.50793916222,239
"411",2021-04-15,21718,3424,483,233,302.6,267,6,1,259,18,30,110,80,0,1052,265,3831,0.115900001525879,97,0,11.3037908820174,10.2057325845232,257.230815842333,3310.69552243075,239
"412",2021-04-16,21946,3513,483,336,309.3,228,3,9,214,16,26,116,90,0,1068,217,2946,0.113369998931885,244,0.00409999996423721,10.5012042897996,10.2946348982303,219.329044505417,3405.00430114069,228
"413",2021-04-17,22115,3526,483,406,313.1,169,2,7,160,14,27,124,97,0,1082,162,2956,0.109270000457764,121,0.00825999975204468,10.5297881482986,10.6713690368676,164.006283879439,3417.30961085741,209
"414",2021-04-18,22278,3574,483,194,305,163,2,7,154,6,27,121,94,0,1088,156,1976,0.078439998626709,187,0.0107000005245209,7.25836048934176,9.78662585286976,159.685238131544,3498.05795565473,208
"415",2021-04-19,22404,3511,483,189,286.9,126,0,2,124,6,27,119,92,0,1094,124,2102,0.125120000839233,88,0.0568200016021728,12.2375525984046,10.5329659616702,121.557724809804,3385.21912747759,209
"416",2021-04-20,22405,3239,484,80,249.6,1,1,0,0,0,27,118,91,1,1094,1,2554,0.0982800006866455,219,0,9.05182552303255,10.814979149327,0.973501250705622,3153.17055103551,222
