"","date","observed_cumulative_cases","observed_active_cases","observed_cumulative_deaths","observed_new_cases","observed_daily_average_cases","observed_new_episodes","observed_new_cases_community_outbreak","observed_new_cases_institution_outbreak","observed_new_cases_sporadic","observed_new_ICU_p_acute_care","observed_census_ICU","observed_census_ICU_p_acute_care","observed_census_acute_care","observed_new_deaths","cumulative_hosp","observed_new_community_cases","num_non_ltch_tests","non_ltch_pct_positivity","num_ltch_tests","ltch_pct_positivity","observed_pct_positivity","pct_positivity_7_day","adjusted_new_episodes","adjusted_active_cases","adjusted_episode_cases"
"1",2020-03-01,7,7,0,0,0,2,0,0,2,0,0,1,1,0,0,2,NA,NA,NA,NA,NA,NA,NA,NA,2
"2",2020-03-02,10,10,0,0,0,3,2,0,1,0,0,1,1,0,0,3,NA,NA,NA,NA,NA,NA,NA,NA,3
"3",2020-03-03,11,11,0,0,0,1,0,0,1,0,0,1,1,0,0,1,NA,NA,NA,NA,NA,NA,NA,NA,1
"4",2020-03-04,12,12,0,0,0,1,0,0,1,0,0,1,1,0,0,1,NA,NA,NA,NA,NA,NA,NA,NA,1
"5",2020-03-05,18,17,0,0,0,6,2,0,4,0,0,1,1,0,0,6,NA,NA,NA,NA,NA,NA,NA,NA,6
"6",2020-03-06,23,22,0,0,0,5,0,1,4,0,0,1,1,0,0,4,NA,NA,NA,NA,NA,NA,NA,NA,5
"7",2020-03-07,27,26,0,0,0,4,0,0,4,0,0,1,1,0,0,4,NA,NA,NA,NA,NA,NA,NA,NA,4
"8",2020-03-08,36,35,0,0,0,9,1,0,8,0,0,1,1,0,0,9,NA,NA,NA,NA,NA,NA,NA,NA,9
"9",2020-03-09,45,44,0,1,0.1,9,0,0,9,0,0,1,1,0,0,9,NA,NA,NA,NA,NA,NA,NA,NA,9
"10",2020-03-10,52,51,0,0,0.1,7,1,0,6,0,0,1,1,0,0,7,NA,NA,NA,NA,NA,NA,NA,NA,7
"11",2020-03-11,61,60,0,0,0.1,9,0,0,9,0,0,1,1,0,0,9,NA,NA,NA,NA,NA,NA,NA,NA,9
"12",2020-03-12,75,74,0,3,0.6,14,1,0,13,0,0,1,1,0,0,14,NA,NA,NA,NA,NA,NA,NA,NA,14
"13",2020-03-13,97,96,0,1,0.7,22,2,2,18,0,0,1,1,0,0,20,NA,NA,NA,NA,NA,NA,NA,NA,22
"14",2020-03-14,115,114,0,4,1.3,18,1,1,16,1,0,2,2,0,1,17,NA,NA,NA,NA,NA,NA,NA,NA,18
"15",2020-03-15,142,140,0,4,1.9,27,1,0,26,0,0,2,2,0,1,27,NA,NA,NA,NA,NA,NA,NA,NA,27
"16",2020-03-16,157,155,0,0,1.7,15,0,0,15,0,0,2,2,0,1,15,NA,NA,NA,NA,NA,NA,NA,NA,15
"17",2020-03-17,180,177,0,5,2.4,23,1,0,22,2,0,4,4,0,3,23,127,0,4,0,0,0,23,177,23
"18",2020-03-18,196,192,0,4,3,16,0,0,16,0,0,3,3,0,3,16,210,0.0190499997138977,1,0,1.89597153550641,0.947985767753204,16.0178002761028,192.213603313234,16
"19",2020-03-19,221,217,0,1,2.7,25,0,0,25,4,0,7,7,0,7,25,110,0.0272699999809265,9,0,2.52075630075791,1.47224261208811,25.0369782039355,217.32097081016,25
"20",2020-03-20,243,239,0,2,2.9,22,1,1,20,3,1,10,9,0,10,21,137,0.00730000019073486,4,0,0.709290798674238,1.28150465873464,22.0087401435148,239.099471157145,22
"21",2020-03-21,263,259,0,4,2.9,20,0,2,18,3,1,10,9,0,13,18,204,0.0147099995613098,3,0,1.44968111618705,1.31513995022512,20.0153115772582,259.220316583882,20
"22",2020-03-22,289,285,0,7,3.3,26,0,1,25,3,5,13,8,0,16,25,159,0.0314499998092651,2,0,3.10593165818208,1.61360523488462,26.0455624267334,285.51941166476,26
"23",2020-03-23,310,306,0,9,4.6,21,2,0,19,4,5,17,12,0,20,21,138,0.0362299990653992,3,0,3.54591480214545,1.88964945877902,21.0436940734604,306.636685070422,21
"24",2020-03-24,328,322,1,8,5,18,1,3,14,3,7,20,13,1,23,15,253,0.0197599995136261,4,0,1.94524508830638,2.16754161425136,18.0171214495169,322.36754044963,18
"25",2020-03-25,351,345,1,8,5.6,23,0,1,22,4,8,23,15,0,27,22,153,0.0588199996948242,2,0,5.80610319568265,2.7261318514194,23.0749518530684,346.175381332209,23
"26",2020-03-26,365,355,1,19,8.1,14,1,3,10,2,7,25,18,0,29,11,274,0.025550000667572,3,0,2.5273285858898,2.72707074929538,14.0163128310367,355.526459547092,14
"27",2020-03-27,382,363,1,27,11.7,17,3,2,12,5,9,26,17,0,34,15,577,0.0294600009918213,4,0,2.92571782655437,3.04370318184968,17.0257512692716,363.623180716372,17
"28",2020-03-28,407,385,2,26,14.9,25,1,1,23,3,8,25,17,1,37,24,367,0.0817399978637695,3,0,8.10772411243336,3.99485218131344,25.1141787139711,386.831616869953,25
"29",2020-03-29,426,397,2,11,15.4,19,5,4,10,7,8,31,23,0,44,15,184,0.0434800004959106,0,0,4.34800004959107,4.1722905229433,19.0382697603486,398.012872990559,19
"30",2020-03-30,451,407,3,48,21,25,8,3,14,4,12,32,20,1,48,22,549,0.0783199977874756,0,0,7.83199977874756,4.7845883767436,25.1011044545479,408.870432409136,25
"31",2020-03-31,468,404,3,51,27.1,17,2,3,12,6,13,34,21,0,54,14,943,0.064689998626709,0,0,6.4689998626709,5.43083905879567,17.0531422723493,405.533534144937,17
"32",2020-04-01,495,406,3,37,31.3,27,6,4,16,3,15,33,18,0,57,22,575,0.0573899984359741,4,0.25,5.87206374795943,5.44026199483521,26.0758033476864,407.398916325485,27
"33",2020-04-02,512,402,6,32,33.1,17,5,4,7,6,14,34,20,3,63,12,107,0.0841100025177002,9,0,7.75842264602924,6.1875611462837,16.0546298016486,403.830098355228,17
"34",2020-04-03,539,407,6,26,33,27,3,4,19,5,14,37,23,0,68,22,217,0.110600004196167,2,0,10.9589958495745,7.33517229242944,26.1414713137213,409.617219303843,27
"35",2020-04-04,556,415,7,18,31.9,17,3,7,6,7,14,43,29,1,75,9,315,0.0253999996185303,3,0,2.51603769806196,6.53635994751924,16.0132872344022,415.612689141879,17
"36",2020-04-05,583,426,8,40,36,27,4,8,13,4,13,43,30,1,79,17,422,0.0663500022888184,5,0.2,6.79149905524153,6.88543123404074,25.0677469127704,427.697657931776,27
"37",2020-04-06,602,426,9,40,34.9,19,3,7,9,4,12,44,32,1,83,12,238,0.117650003433228,4,0.25,11.9837606682265,7.47853993253773,19.0843819031494,428.995557561805,19
"38",2020-04-07,625,424,9,25,31.1,23,2,11,10,4,14,45,31,0,87,12,285,0.108769998550415,6,0,10.6527318167932,8.07621592598378,23.0750096575964,426.650341235074,23
"39",2020-04-08,645,427,11,26,29.6,20,1,10,8,5,16,44,28,2,92,9,368,0.0434800004959106,6,0.333330001831055,4.81300005173301,7.92492111223715,19.0254175284871,428.205920518223,20
"40",2020-04-09,681,435,11,25,28.6,36,1,20,13,6,16,47,31,0,98,14,295,0.0949199962615967,5,0,9.33379963239034,8.14997496743159,34.076676353787,437.382443849811,36
"41",2020-04-10,715,451,11,36,30,34,0,20,13,4,16,49,33,0,102,13,331,0.090629997253418,8,0,8.84912362562872,7.84856464972504,33.0675022980008,453.34181049218,34
"42",2020-04-11,759,481,11,31,31.9,44,0,34,8,5,19,53,34,0,107,8,225,0.102220001220703,11,0.363639984130859,11.4404830932617,9.12348542046786,42.0537043288878,484.228972774377,44
"43",2020-04-12,792,496,13,35,31.1,33,0,18,14,1,18,49,31,2,108,14,227,0.101319999694824,12,0.5,12.1337405567887,9.88666277783175,32.0996776254403,499.531435872742,33
"44",2020-04-13,816,503,16,16,27.7,24,0,19,5,3,20,51,31,3,111,5,165,0.0606099987030029,26,0.0384599995613098,5.75948155737672,8.99748004771035,24.0168977289496,504.699911532333,24
"45",2020-04-14,849,503,18,32,28.7,33,0,26,7,5,20,50,30,2,116,7,208,0.0673099994659424,18,0.166669998168945,7.52236276812258,8.55028446932883,33.0308977785918,505.220226090236,33
"46",2020-04-15,878,501,24,60,33.6,29,2,18,9,4,16,50,34,6,120,11,390,0.1,24,0.208330001831055,10.6280000106148,9.38099874916909,29.0685992195074,504.124382633928,29
"47",2020-04-16,948,550,24,21,33,70,1,55,13,7,13,52,39,0,127,14,310,0.0354800009727478,11,0,3.42641753942424,8.5370870216025,69.0281477226663,551.10580339046,70
"48",2020-04-17,980,554,26,73,38.3,32,0,26,6,0,13,49,36,2,127,6,378,0.0846599960327148,66,0.5,14.6399726352176,9.36435116582949,32.0515426161793,558.75910156056,32
"49",2020-04-18,1020,576,31,31,38.3,40,0,31,9,1,11,46,35,5,128,9,421,0.0617600011825562,8,0,6.06082995288022,8.59582928863213,40.0320073376952,578.048469612495,40
"50",2020-04-19,1037,579,35,38,38.7,17,0,13,4,5,15,47,32,4,133,4,452,0.0442500019073486,47,0.127659997940063,5.21062540386865,7.60681283821498,17.0122299529714,580.770285692604,17
"51",2020-04-20,1098,615,39,16,38.7,61,1,47,13,3,13,45,32,4,136,14,325,0.0523099994659424,43,0.0232599997520447,4.89155701515467,7.48282361789754,61.0401837162823,616.76521325097,61
"52",2020-04-21,1134,628,47,51,41.4,36,0,26,10,2,11,43,32,8,138,10,543,0.069980001449585,25,0.36,8.27449661745152,7.59027131065882,36.0485530510493,631.049131605894,36
"53",2020-04-22,1175,645,54,35,37.9,41,1,31,9,4,9,45,36,7,142,10,656,0.0243899989128113,122,0.106560001373291,3.7275269221524,6.60448944087848,41.0218723643632,646.410767501425,41
"54",2020-04-23,1220,660,57,50,42,45,0,35,10,5,11,48,37,3,147,10,775,0.0361299991607666,105,0.0285700011253357,3.522795394063,6.61825770582687,45.0206710416974,661.364288752026,45
"55",2020-04-24,1261,667,65,38,37,41,0,36,5,7,10,48,38,8,154,5,517,0.0406199979782104,94,0.106379995346069,5.07369206501887,5.25164619579848,41.014885692824,668.985751422721,41
"56",2020-04-25,1362,739,78,53,40.1,101,0,95,6,4,9,48,39,13,158,6,557,0.0502699995040894,28,0.0357100009918213,4.95731106864081,5.09400064090713,101.017453091482,741.149639100834,101
"57",2020-04-26,1416,758,87,88,47.3,54,0,41,13,5,9,50,41,9,163,13,358,0.0502799987792969,81,0.0123500001430511,4.32815252268233,4.96793308645194,54.0330157260469,759.925070795657,54
"58",2020-04-27,1477,782,95,87,57.4,61,0,54,7,8,11,56,45,8,171,7,269,0.0632000017166138,80,0.1,7.16355314090805,5.29250396155957,61.0294239836207,785.287079313053,61
"59",2020-04-28,1498,778,103,65,59.4,21,0,14,7,7,13,61,48,8,178,7,503,0.0616300010681152,11,0.272730007171631,6.61477054788909,5.05540023733637,21.0271698829376,781.019738417921,21
"60",2020-04-29,1523,767,111,29,58.6,25,0,17,8,7,13,62,49,8,185,8,668,0.0314400005340576,74,0.148649997711182,4.31294072606172,5.13903078075198,25.02024596211,768.941081617293,25
"61",2020-04-30,1543,757,122,30,55.7,20,0,10,10,2,11,56,45,11,187,10,603,0.0414599990844727,6,0.333330001831055,4.43355656139956,5.26913951894292,20.02601520165,758.969350764907,20
"62",2020-05-01,1566,741,135,42,56.3,23,0,16,7,6,11,57,46,13,193,7,516,0.031010000705719,55,0.0909099960327148,3.67797025323123,5.06975068868754,23.0151071031874,742.599194780271,23
"63",2020-05-02,1587,742,139,22,51.9,21,0,15,6,4,12,57,45,4,197,6,508,0.0511800003051758,28,0.0357100009918213,5.03718660126871,5.08116147906296,21.0177343074391,744.193142686635,21
"64",2020-05-03,1606,723,148,23,42.6,19,0,13,6,3,12,52,40,9,200,6,826,0.0205800008773804,231,0.0043299999833107,1.70286761786764,4.70612077837514,19.0059952470007,723.722427263587,19
"65",2020-05-04,1624,720,152,14,32.1,18,0,11,7,6,10,52,42,4,206,7,637,0.0109899997711182,24,0.125,1.51295459216373,3.89889241426881,18.0062143953235,720.639194947562,18
"66",2020-05-05,1649,720,156,29,27,25,0,24,1,3,9,50,41,4,209,1,923,0.0292499995231628,29,0.172409992218018,3.36109656871868,3.4340818458159,25.0019722226116,721.420000280327,25
"67",2020-05-06,1665,694,161,23,26.1,16,0,11,5,4,10,52,42,5,213,5,598,0.0167200005054474,149,0.0134200000762939,1.60617674881196,3.04740127763736,16.0047123580614,694.654075298928,16
"68",2020-05-07,1688,672,167,32,26.4,23,0,16,7,6,10,54,44,6,219,7,813,0.0356699991226196,234,0.0128199994564056,3.05631224063884,2.85065208895726,23.0125536698813,673.205152308607,23
"69",2020-05-08,1701,639,173,16,22.7,13,0,8,5,4,8,54,46,6,223,5,715,0.00978999972343445,127,0.0472399997711182,1.54386339349022,2.54577968042283,13.0045295370596,639.578874836222,13
"70",2020-05-09,1718,623,179,12,21.3,17,0,12,5,5,7,52,45,6,228,5,1100,0.0154499995708466,164,0.0304900002479553,1.74013920637626,2.0747729097239,17.0051053901903,623.636131617706,17
"71",2020-05-10,1730,554,185,25,21.6,12,0,8,4,3,6,53,47,6,231,4,907,0.0176400005817413,316,0.0126600003242493,1.6353262984548,2.06512414980778,12.0038383038835,554.531605087859,12
"72",2020-05-11,1750,535,188,14,21.6,20,0,14,6,1,6,52,46,3,232,6,517,0.00967000007629394,197,0.0152300000190735,1.12040616851561,2.00904580357234,20.0039445883232,535.351725792152,20
"73",2020-05-12,1773,518,193,13,19.3,23,0,17,6,4,7,52,45,5,236,6,835,0.0131700003147125,322,0.00310999989509583,1.03702422031165,1.67703546808562,23.0036510274089,518.315205366299,23
"74",2020-05-13,1794,500,195,21,19,21,0,15,6,2,8,48,40,2,238,6,1249,0.0144099998474121,224,0.0133899998664856,1.42548878340193,1.65122290159847,21.0050186856944,500.418223807867,21
"75",2020-05-14,1808,472,198,25,18,14,0,10,4,2,7,46,39,3,240,4,1046,0.0267700004577637,127,0.0236199998855591,2.6428951802461,1.59216332154237,14.0062031869991,472.731976065898,14
"76",2020-05-15,1828,458,201,17,18.1,20,0,12,8,1,6,45,39,3,241,8,1163,0.012039999961853,137,0.0146000003814697,1.23097846214588,1.54746547420746,20.0057785035515,458.330819328321,20
"77",2020-05-16,1844,438,207,19,19.1,16,0,6,10,1,5,43,38,6,242,10,967,0.0134399998188019,25,0.04,1.4109354662078,1.50043636846911,16.0082790802734,438.362623715976,16
"78",2020-05-17,1856,398,212,15,17.7,12,0,9,3,1,3,43,40,5,243,3,353,0.0254999995231628,10,0.1,2.7552341134095,1.66042319917693,12.0048501448032,398.643452543893,12
"79",2020-05-18,1871,390,213,26,19.4,15,0,8,7,2,2,44,42,1,245,7,376,0.0398900008201599,17,0.0588199996948242,4.07088557333133,2.08192025700774,15.0167209858118,390.931597780945,15
"80",2020-05-19,1883,353,219,23,20.9,12,0,8,4,0,2,41,39,6,245,4,359,0.0390000009536743,31,0.225809993743896,5.38490003805894,2.70304537382879,12.0126389961121,354.11539140689,12
"81",2020-05-20,1898,339,223,17,20.3,15,0,9,6,3,2,42,40,4,248,6,675,0.0296300005912781,36,0.0555600023269653,3.0942912071566,2.94144572007945,15.0108940001468,339.615511008296,15
"82",2020-05-21,1906,325,229,11,18.3,8,0,1,7,0,2,39,37,6,248,7,478,0.0209200000762939,36,0,1.94547860631683,2.8418147809467,8.00799096893967,325.371009272199,8
"83",2020-05-22,1913,309,233,7,16.9,7,0,3,4,1,2,37,35,4,249,4,514,0.00583999991416931,14,0,0.568515143159664,2.74717716394867,7.00133437215793,309.1030802492,7
"84",2020-05-23,1922,305,236,6,15,9,1,3,5,1,1,36,35,3,250,6,582,0.00859000027179718,43,0,0.799900825309753,2.65988650096323,9.0028161925058,305.143156452378,9
"85",2020-05-24,1932,302,237,8,14,10,0,3,7,1,2,37,35,1,251,7,332,0.0150600004196167,25,0.04,1.68064989896716,2.50637447032861,10.0069031965181,302.297823621208,10
"86",2020-05-25,1947,298,240,6,11.1,15,1,7,7,0,2,36,34,3,251,8,401,0.0174600005149841,8,0,1.71184846124906,2.16936916860257,15.008035820867,298.299334327294,15
"87",2020-05-26,1953,288,243,16,10.1,6,0,2,4,1,2,36,34,3,252,4,1123,0.00800999999046326,41,0.0731699991226196,1.03051545990701,1.54731422886658,6.00241874144351,288.174149383932,6
"88",2020-05-27,1958,260,243,8,8.9,5,0,1,4,1,2,34,32,0,253,4,1150,0.00957000017166138,13,0.0769199991226196,1.03228376491871,1.25274173711831,5.00242289186413,260.157487971168,5
"89",2020-05-28,1962,235,244,4,7.9,4,0,2,2,1,1,31,30,1,254,2,1403,0.00284999996423721,88,0,0.268179071081476,1.01312751779898,4.00031472397006,235.036980066482,4
"90",2020-05-29,1969,225,247,7,7.9,7,0,3,4,2,1,32,31,3,256,4,1380,0.0065200001001358,37,0,0.634975309681539,1.0226218273021,7.00149036201482,225.083832863334,7
"91",2020-05-30,1972,207,248,15,9.1,3,1,1,1,0,1,31,30,1,256,2,1020,0.0127499997615814,119,0,1.1417910234252,1.07146328417574,3.00133995916395,207.138685773468,3
"92",2020-05-31,1976,192,249,10,9.4,4,0,1,3,3,1,34,33,1,259,3,1309,0.00535000026226044,11,0.0909099960327148,0.606300022701422,0.917984730423489,4.00106729329823,192.068306771087,4
"93",2020-06-01,1987,182,250,5,9.3,11,0,5,6,0,1,31,30,1,259,6,763,0.00130999997258186,20,0,0.127653892602805,0.691671220616882,11.0004494281345,182.013632653412,11
"94",2020-06-02,1990,163,251,8,8.1,3,0,1,2,0,1,26,25,1,259,2,858,0.0104900002479553,9,0,1.03811075118174,0.692756262227556,3.0012182842444,163.099290165919,3
"95",2020-06-03,2000,154,251,8,8.1,10,0,7,3,0,0,22,22,0,259,3,1110,0.00449999988079071,141,0,0.399280564962245,0.602327233662347,10.0007028689677,154.036080607011,10
"96",2020-06-04,2007,144,254,8,8.7,7,0,2,5,0,0,20,20,3,259,5,1430,0.00559000015258789,21,0,0.550909732474203,0.642717328147022,7.00161631272578,144.046549806502,7
"97",2020-06-05,2011,135,256,15,9.9,4,0,1,3,1,0,21,21,2,260,3,1366,0.00952000021934509,29,0,0.932209340474939,0.685179332546079,4.00164100403164,135.073845181424,4
"98",2020-06-06,2014,126,257,2,8,3,0,0,3,0,0,21,21,1,260,3,1404,0.000710000023245811,68,0,0.0677201109128478,0.5317406307586,3.00011921032134,126.005006833496,3
"99",2020-06-07,2015,117,258,4,7.1,1,0,0,1,0,0,20,20,1,260,1,870,0.00230000004172325,22,0,0.22432735832951,0.477173107276898,1.00013163069833,117.015400791704,1
"100",2020-06-08,2018,109,258,0,6.4,3,0,0,3,0,0,19,19,0,260,3,701,0.0014300000667572,12,0,0.140593274445554,0.479021590397291,3.00024749175981,109.008992200606,3
"101",2020-06-09,2028,106,259,3,5.7,10,0,3,7,0,0,18,18,1,260,7,1338,0.00224000006914139,10,0,0.222338285794598,0.362482666770557,10.0009132448592,106.013829136439,10
"102",2020-06-10,2038,104,259,7,5.6,10,0,4,6,0,0,17,17,0,260,6,1281,0.00233999997377396,12,0,0.231828303666236,0.338560915156841,10.0008161925963,104.014147338336,10
"103",2020-06-11,2045,103,260,5,5.1,7,0,2,5,0,0,16,16,1,260,5,1529,0.00326999992132187,6,0,0.325721816267175,0.306391212841551,7.00095563444547,103.019686069577,7
"104",2020-06-12,2049,106,260,10,4.4,4,0,2,2,0,0,16,16,0,260,2,1596,0.00814999997615814,13,0,0.808415162333648,0.288706330249938,4.00094872291235,106.050282314355,4
"105",2020-06-13,2052,104,260,6,5,3,0,3,0,0,0,16,16,0,260,0,1479,0.00270000010728836,23,0.0434800004959106,0.332446083228058,0.326524326294968,3,104.020287545324,3
"106",2020-06-14,2055,101,260,1,4.6,3,0,1,2,0,0,16,16,0,260,2,768,0,13,0,0,0.294477560819324,3,101,3
"107",2020-06-15,2060,99,260,2,4.9,5,0,2,3,0,0,14,14,0,260,3,720,0.00555999994277954,17,0,0.543175028331244,0.351989239945851,5.00095617193765,99.0315536739424,5
"108",2020-06-16,2064,98,260,3,4.9,4,0,1,3,1,0,14,14,0,261,3,1250,0.000799999982118607,14,0,0.0791139222822989,0.331528616586951,4.00013926728663,98.0045493980301,4
"109",2020-06-17,2067,88,260,8,5,3,0,0,3,1,1,6,5,0,262,3,1098,0.0091100001335144,26,0,0.889927059305944,0.425542724535481,3.00156657290243,88.0459528051381,3
"110",2020-06-18,2069,74,260,2,4.6,2,0,0,2,0,1,6,5,0,262,2,1304,0.00230000004172325,122,0,0.210322584460527,0.409057119991674,2.00024682596784,74.0091325608102,2
"111",2020-06-19,2072,72,260,5,3.9,3,0,0,3,0,1,5,4,0,262,3,1875,0.0010700000077486,19,0,0.105926611115556,0.308701612674804,3.00018646669621,72.0044752007092,3
"112",2020-06-20,2078,72,261,1,3.1,6,0,0,6,1,1,5,4,1,263,6,1792,0.000560000017285347,158,0,0.0514625656910432,0.268561110169516,6.00018118307575,72.0021741969091,6
"113",2020-06-21,2084,76,261,1,3.1,6,0,0,6,0,1,4,3,0,263,6,1102,0.00363000005483627,86,0,0.336722227308887,0.316664285499357,6.00118549022964,76.0150162095754,6
"114",2020-06-22,2086,75,262,6,3.7,2,0,1,1,0,1,1,0,1,263,1,509,0.0039300000667572,10,0,0.385427752211834,0.294128960339441,2.00022616110918,75.0169620831884,2
"115",2020-06-23,2095,80,262,4,3.9,9,0,0,9,0,1,1,0,0,263,9,1255,0.00158999994397163,20,0,0.156505876837992,0.305184953847398,9.00082650998134,80.0073467553897,9
"116",2020-06-24,2097,74,263,3,3.1,2,0,0,2,1,1,2,1,1,264,2,1733,0.00289000004529953,24,0,0.285052366448724,0.218774283439223,2.00033452577818,74.0123774537926,2
"117",2020-06-25,2103,72,263,6,3.7,6,0,0,6,0,1,2,1,0,264,6,1796,0.00277999997138977,21,0.0476200008392334,0.32982388366758,0.235845897611659,6.00116120338926,72.0139344406711,6
"118",2020-06-26,2107,66,263,6,3.9,4,0,0,4,0,1,2,1,0,264,4,2028,0.00196999996900558,23,0,0.194790830674955,0.248540786120145,4.00045719707593,66.0075437517528,4
"119",2020-06-27,2110,68,263,3,4.1,3,0,0,3,0,1,1,0,0,264,3,1574,0.000640000030398369,80,0,0.0609044768952257,0.249889630577885,3.00010721249808,68.0024301499566,3
"120",2020-06-28,2112,67,263,2,4.3,2,0,0,2,0,1,1,0,0,264,2,880,0.00114000000059605,12,0,0.112466367771807,0.217853079215445,2.00013198592128,67.0044215283628,2
"121",2020-06-29,2116,68,263,1,3.6,4,0,0,4,2,1,3,2,0,266,4,854,0.00351000010967255,8,0,0.347742470262222,0.212469467508358,4.00081619263098,68.0138752747267,4
"122",2020-06-30,2119,67,263,10,4.4,3,0,0,3,0,1,3,2,0,266,3,1605,0.00435999989509583,11,0,0.433032167798812,0.251973223359904,3.00076228321508,67.0170243251368,3
"123",2020-07-01,2121,66,263,4,4.6,2,0,0,2,0,2,3,1,0,266,2,1601,0.00312000006437302,15,0,0.309103966773589,0.255409166263456,2.00036275175088,66.0119708077792,2
"124",2020-07-02,2127,65,263,4,4.3,6,0,1,5,0,1,3,2,0,266,5,1012,0.00197999998927116,12,0,0.195679686439689,0.236245709516614,6.00057410415668,65.0074633540368,6
"125",2020-07-03,2135,73,263,4,4,8,0,0,8,0,1,3,2,0,266,8,1334,0.00300000011920929,14,0,0.296884284794154,0.2508304886765,8.0013936449311,73.0127170099963,8
"126",2020-07-04,2138,73,263,4,4.1,3,0,0,3,0,1,3,2,0,266,3,1257,0.00317999988794327,40,0,0.308192741645697,0.286157383640853,3.00054252356161,73.0132014066659,3
"127",2020-07-05,2140,70,263,5,4.6,2,0,0,2,0,1,2,1,0,266,2,734,0.00272000014781952,47,0,0.255631255889824,0.306609510514855,2.00029999836826,70.0104999428891,2
"128",2020-07-06,2146,70,263,0,4.4,6,0,1,5,0,1,2,1,0,266,5,602,0,10,0,0,0.256932014763109,6,70,6
"129",2020-07-07,2153,71,263,6,3.9,7,0,1,6,0,1,1,0,0,266,6,1272,0.0039300000667572,21,0,0.386617175940848,0.250301301640543,7.00136115423194,71.0161069917446,7
"130",2020-07-08,2166,77,263,5,4,13,0,1,12,0,1,1,0,0,266,12,1684,0.00296999990940094,39,0,0.29027741424441,0.247611794136374,13.0020439460811,77.0131153206874,13
"131",2020-07-09,2174,81,263,5,4.1,8,0,0,8,1,0,2,2,0,267,8,1504,0.00266000002622604,41,0,0.258941102876632,0.256649139341652,8.00121553067629,81.0123072480974,8
"132",2020-07-10,2190,94,263,12,5.3,16,0,0,16,0,0,2,2,0,267,16,1900,0.00684000015258789,14,0.0714300012588501,0.73124453017455,0.318700602967423,16.0068652689621,94.0403334551524,16
"133",2020-07-11,2197,99,263,7,5.7,7,0,0,7,1,1,2,1,0,268,7,1571,0.00381999999284744,25,0,0.376016290022765,0.328389681307004,7.00154447059177,99.0218432269408,7
"134",2020-07-12,2220,119,263,9,6.3,23,0,2,21,1,1,3,2,0,269,21,1068,0.00842999994754791,13,0,0.832862159480219,0.410851238962775,23.010262835519,119.058156067941,23
"135",2020-07-13,2243,137,263,6,7.1,23,0,2,21,0,0,3,3,0,269,21,808,0.00619000017642975,65,0,0.572911814725686,0.492695783923587,23.0070596312421,137.046055689532,23
"136",2020-07-14,2262,147,263,4,6.9,19,0,2,17,1,0,4,4,0,270,17,1406,0.00356000006198883,66,0,0.340038049399205,0.486041622989067,19.0033919651441,147.029330522128,19
"137",2020-07-15,2283,167,263,15,8.3,21,0,0,21,1,0,5,5,0,271,21,1404,0.00782999992370606,46,0,0.758159992612641,0.552881991327386,21.0093423277942,167.074293749601,21
"138",2020-07-16,2305,185,263,7,8.6,22,0,1,21,0,0,5,5,0,271,21,1695,0.00708000004291534,25,0.04,0.75584884143846,0.623868811121932,22.0093138489348,185.082050573949,22
"139",2020-07-17,2335,212,263,17,9.3,30,0,0,29,0,1,5,4,0,271,29,1787,0.00726999998092651,21,0,0.718555860946664,0.622056144089377,29.0122273819101,212.089386378101,30
"140",2020-07-18,2361,231,263,16,10.6,26,0,0,24,2,1,6,5,0,273,24,1551,0.00708999991416931,81,0,0.673810653607635,0.664598196030073,24.0094890789107,231.091332384515,26
"141",2020-07-19,2379,249,263,28,13.3,18,0,0,18,0,1,6,5,0,273,18,2025,0.0212299990653992,22,0,2.10018310246377,0.845644045027723,18.0221821995684,249.306853760696,18
"142",2020-07-20,2409,274,263,47,19.1,30,0,0,27,2,3,8,5,0,275,27,1548,0.0148599994182587,35,0.0285700011253357,1.51631264301018,0.980415591925508,27.0240230122906,274.24378908769,30
"143",2020-07-21,2433,293,263,23,21.9,24,0,0,23,0,3,8,5,0,275,23,1428,0.0161099994182587,15,0,1.59425358068423,1.15958923925194,23.0215159328542,293.274094275056,24
"144",2020-07-22,2460,313,263,13,21.6,27,0,1,23,2,3,9,6,0,277,23,1771,0.00902999997138977,16,0,0.894914938406899,1.17912566007969,24.0120777083133,313.164361856612,27
"145",2020-07-23,2479,321,263,29,24.7,19,0,1,17,1,3,10,7,0,278,17,1667,0.0101999998092651,32,0,1.0007886805206,1.21411706566285,18.0099831190271,321.188504776923,19
"146",2020-07-24,2502,336,263,34,27.1,23,0,1,18,0,3,7,4,0,278,18,2036,0.0122800004482269,83,0,1.17989999587494,1.28002337065261,19.0124621406336,336.232626625161,23
"147",2020-07-25,2514,335,263,26,28.6,12,0,1,10,1,3,8,5,0,279,10,2126,0.00800000011920929,320,0,0.695339339878943,1.28309889726279,11.0040801088002,335.136683644805,12
"148",2020-07-26,2521,337,263,21,27.6,7,0,0,6,2,4,10,6,0,281,6,1816,0.0121099996566772,73,0,1.16420113163186,1.14938718714395,6.00409877624627,337.230214599165,7
"149",2020-07-27,2536,339,264,22,24,15,0,1,13,1,4,10,6,1,282,13,1601,0.00874000012874603,24,0,0.861091704992148,1.05578419599852,14.0065685226397,339.171286859604,15
"150",2020-07-28,2556,329,264,14,22.7,20,0,2,17,1,4,11,7,0,283,17,1488,0.00739000022411346,24,0,0.727269863325452,0.931929379232978,19.0072546999698,329.140399781769,20
"151",2020-07-29,2572,323,264,20,23.7,16,2,2,12,2,4,12,8,0,285,14,2254,0.00620999991893768,52,0,0.606996522865808,0.890798177012822,16.0049864237468,323.115043919301,16
"152",2020-07-30,2592,333,264,19,22.3,20,1,0,18,1,4,13,9,0,286,19,1891,0.00898999989032745,134,0,0.839510607042431,0.867758452230227,19.0093595448962,333.164038339496,20
"153",2020-07-31,2602,320,264,18,20,10,0,1,9,1,3,14,11,0,287,9,2129,0.00797999978065491,207,0,0.727286795077667,0.803099423544901,10.0038408129303,320.136562237522,10
"154",2020-08-01,2619,307,264,15,18.4,17,0,0,17,1,2,14,12,0,288,17,1629,0.00551999986171722,83,0.0120500004291534,0.583658283315251,0.787144986892945,17.0058221383064,307.105140968239,17
"155",2020-08-02,2627,292,264,2,15.7,8,0,0,8,0,2,14,12,0,288,8,1340,0.00149000003933907,11,0,0.147786828476266,0.641942943585003,8.00069374626728,292.025321738756,8
"156",2020-08-03,2636,278,264,10,14,9,0,1,7,0,1,13,12,0,288,7,1046,0.0114699995517731,47,0,1.09767790769942,0.675740972543185,8.00450866436552,278.179058384802,9
"157",2020-08-04,2648,266,264,20,14.9,12,0,1,11,1,1,12,11,0,289,11,1699,0.0058899998664856,12,0,0.584869069150148,0.655398001946712,12.0037750810705,266.091288324069,12
"158",2020-08-05,2657,246,264,12,13.7,9,1,0,8,1,1,13,12,0,290,9,1599,0.005,70,0,0.479029358897543,0.637116978522675,9.00252976153025,246.06914681516,9
"159",2020-08-06,2667,222,264,12,12.7,10,0,0,10,1,2,11,9,0,291,10,1639,0.00305000007152557,10,0,0.303150401287472,0.560494091986252,10.0017788244518,222.03948990283,10
"160",2020-08-07,2679,223,264,6,11,12,0,3,9,1,2,11,9,0,292,9,1689,0,39,0,0,0.456595978403728,12,223,12
"161",2020-08-08,2685,206,264,14,10.9,6,1,1,4,0,1,11,10,0,292,5,1518,0.00725000023841858,95,0,0.682300084433937,0.470687664277826,6.0020017985602,206.08247410068,6
"162",2020-08-09,2687,197,264,16,12.9,2,0,1,1,2,2,13,11,0,294,1,1589,0.00441000014543533,102,0,0.414399185753799,0.508775143888902,2.00024316095288,197.047902707717,2
"163",2020-08-10,2699,198,264,8,12.6,12,2,0,10,0,1,13,12,0,294,12,1384,0.00578000009059906,27,0,0.566939767922686,0.432955409635084,12.0039920236988,198.06586839103,12
"164",2020-08-11,2712,202,264,8,10.9,13,2,1,10,0,1,13,12,0,294,12,1460,0.00342000007629395,41,0,0.332658235269098,0.396925290509219,13.002342364452,202.039429801608,13
"165",2020-08-12,2719,185,264,12,10.9,7,3,0,4,0,2,11,9,0,294,7,1486,0.00268999993801117,7,0,0.267738774808078,0.366740921353581,7.00109972539739,185.029064171217,7
"166",2020-08-13,2741,188,264,11,10.7,22,0,0,22,0,2,10,8,0,294,22,1689,0.00532999992370605,56,0,0.515895121555274,0.397133024248982,22.006659767153,188.056910737489,22
"167",2020-08-14,2752,183,264,6,10.7,11,4,1,6,1,2,11,9,0,295,10,1882,0.00477999985218048,36,0,0.469028139822923,0.464137044223685,11.00275216104,183.050364547032,11
"168",2020-08-15,2756,175,264,2,9,4,0,0,4,1,2,12,10,0,296,4,2044,0.00734000027179718,21,0,0.726535620123653,0.470456406465073,4.00170526487272,175.074605338182,4
"169",2020-08-16,2760,157,264,26,10.4,4,0,1,3,0,2,12,10,0,296,3,1196,0.00501999974250793,22,0,0.492932651234769,0.481675472962354,4.00086772834478,157.04541111671,4
"170",2020-08-17,2783,171,265,8,10.4,23,1,4,18,1,1,10,9,1,297,19,1358,0.00662999987602234,32,0,0.647736678535132,0.493217888764132,23.0072214936569,171.064993442912,23
"171",2020-08-18,2809,190,265,15,11.4,26,1,1,24,0,1,8,7,0,297,25,1888,0.00583000004291534,77,0.0519500017166138,0.76372469278389,0.554798811266246,26.0112034501042,190.085146220792,26
"172",2020-08-19,2833,199,265,23,13,24,4,3,15,2,1,8,7,0,299,19,1519,0.0118499994277954,25,0.04,1.23057960691847,0.692347501567731,22.0137194991733,199.143693701867,24
"173",2020-08-20,2850,207,266,24,14.9,17,1,0,16,3,0,7,7,1,302,17,1607,0.00995999991893768,103,0,0.936007009925898,0.752363485620677,17.0093369055547,207.113690555872,17
"174",2020-08-21,2871,214,266,16,16.3,21,3,2,16,0,0,7,7,0,302,19,1804,0.00721000015735626,116,0.00861999988555908,0.729518764093518,0.789576431945048,21.008133266653,214.091606266513,21
"175",2020-08-22,2890,224,266,16,18.3,19,1,0,18,1,0,8,8,0,303,19,1864,0.00589999973773956,73,0,0.567764559171221,0.766894851808986,19.0063298996313,224.074626185127,19
"176",2020-08-23,2907,234,266,13,16.4,17,0,1,15,0,0,8,8,0,303,15,694,0.0172899997234344,5,0,1.71663230444399,0.941709087981732,16.0151092700433,234.235704612676,17
"177",2020-08-24,2926,250,266,19,18,19,2,0,17,1,1,9,8,0,304,19,1142,0.00962999999523163,58,0,0.91645499954621,0.980097419554743,19.0102173833679,250.134439254841,19
"178",2020-08-25,2940,252,266,23,19.1,14,0,1,13,4,2,12,10,0,308,13,1647,0.0145700001716614,73,0,1.3951622257399,1.0703027814056,14.0106424839685,252.206300458467,14
"179",2020-08-26,2958,260,266,15,18,18,1,4,13,0,2,12,10,0,308,14,1832,0.0049099999666214,41,0,0.480251998870817,0.96311312311308,18.0039452284839,260.073268528986,18
"180",2020-08-27,2971,263,266,16,16.9,13,1,3,9,1,2,10,8,0,309,10,1469,0.00612999975681305,9,0,0.609267228874044,0.916436011534243,13.0035750552854,263.094023954006,13
"181",2020-08-28,2999,273,266,20,17.4,28,0,3,21,1,1,10,9,0,310,21,2137,0.00607999980449677,35,0,0.598202559033591,0.897676553668539,24.0073712731459,273.095826550896,28
"182",2020-08-29,3020,287,266,12,16.9,21,0,2,18,0,1,10,9,0,310,18,1790,0.00726000010967255,11,0.0909099960327148,0.777091068999096,0.927580340786807,20.0082076601584,287.130866581414,21
"183",2020-08-30,3040,301,267,16,17.3,20,0,6,12,2,1,11,10,1,312,12,1402,0.00428000003099442,33,0,0.418157494317364,0.742083939340146,18.0029443950162,301.073855241656,20
"184",2020-08-31,3060,309,267,13,16.4,20,1,3,16,1,1,12,11,0,313,17,1353,0.00517000019550324,54,0,0.497157801315983,0.682184339592971,20.0049592742228,309.09014210205,20
"185",2020-09-01,3085,313,267,18,15.7,25,1,2,22,0,1,12,11,0,313,23,1361,0.0154299998283386,22,0.0909099960327148,1.6630693911127,0.720456791789084,25.0224446661338,313.30544263043,25
"186",2020-09-02,3121,323,267,15,15.7,36,1,9,26,0,1,10,9,0,313,27,1528,0.00261999994516373,51,0,0.253537676770752,0.688069031489075,36.0040168092994,323.048052940878,36
"187",2020-09-03,3143,324,267,24,16.9,22,1,4,17,1,1,9,8,0,314,18,1493,0.00938000023365021,133,0.00751999974250793,0.922785997207461,0.732857426965278,22.0097464945437,324.175436901787,22
"188",2020-09-04,3165,328,267,24,17.4,22,0,3,19,3,1,12,11,0,317,19,2705,0.00813000023365021,258,0.00774999976158142,0.809691210614641,0.763070091476856,22.0090270940882,328.155836150575,22
"189",2020-09-05,3190,335,267,17,18.1,25,1,11,13,2,1,14,13,0,319,14,2256,0.00398999989032745,164,0,0.371960320354493,0.705194270241913,25.0030556217448,335.073116663179,25
"190",2020-09-06,3211,337,267,26,19.6,21,1,3,16,1,1,15,14,0,320,17,1310,0.00611000001430511,192,0.03125,0.932363516560566,0.778652273419513,20.0093005607912,337.184369940391,21
"191",2020-09-07,3252,362,267,29,21.9,41,2,6,33,0,1,13,12,0,320,35,1290,0.0147300004959106,44,0,1.4244153403092,0.91111763613283,41.0292536209461,362.302566022357,41
"192",2020-09-08,3304,399,267,24,22.7,52,0,14,36,3,1,15,14,0,323,36,1097,0.0127600002288818,4,0,1.27136423715562,0.855159756996105,50.0268563776174,399.297658185259,52
"193",2020-09-09,3349,430,267,15,22.7,45,2,10,31,0,1,14,13,0,323,33,1587,0.0144900000095367,29,0,1.42299690687715,1.02222536129702,43.02755451931,430.359043736464,45
"194",2020-09-10,3426,492,267,33,24,77,1,21,52,2,2,15,13,0,325,53,1959,0.0127600002288818,61,0,1.23746734892968,1.06717984011448,74.0384843859576,492.357251280965,77
"195",2020-09-11,3456,506,267,60,29.1,30,0,1,25,0,1,13,12,0,325,25,2314,0.0155599999427795,93,0.0752699995040894,1.78670335776785,1.20675300399351,26.0262100232045,506.530490869659,30
"196",2020-09-12,3505,531,269,47,33.4,49,0,4,42,1,0,13,13,2,326,42,1900,0.0168400001525879,26,0,1.66126688940379,1.39093965671484,46.0409414898852,531.517617407834,49
"197",2020-09-13,3540,544,270,31,34.1,35,1,5,29,1,1,12,11,1,327,30,1199,0.0166799998283386,44,0,1.6089557356539,1.48759568801389,35.0283230679451,544.513591632071,35
"198",2020-09-14,3608,594,272,59,38.4,68,0,19,49,1,1,12,11,2,328,49,2394,0.0141999995708466,218,0.0412799978256226,1.6460121936674,1.51925238135077,68.047326465528,594.573712663748,68
"199",2020-09-15,3681,643,273,41,40.9,73,0,15,55,1,1,12,11,1,329,55,2961,0.0121599996089935,28,0,1.20460886056306,1.5097158989804,70.038876189106,643.45449799264,73
"200",2020-09-16,3758,683,274,41,44.6,77,0,7,67,1,0,12,12,1,330,67,1887,0.0190799999237061,162,0.00616999983787537,1.80592971350752,1.56442058564189,74.0709987315106,683.723763188384,77
"201",2020-09-17,3808,708,278,57,48,50,2,4,38,2,2,12,10,4,332,40,2512,0.0191100001335144,208,0.00481000006198883,1.80164707162801,1.6450176888845,44.0422867837335,708.748476072084,50
"202",2020-09-18,3896,776,278,47,46.1,88,1,6,78,0,2,12,10,0,332,79,2409,0.0128699994087219,281,0.0213499999046326,1.37558284568078,1.58628618715778,85.0637659428738,776.626359135064,88
"203",2020-09-19,3966,826,280,47,46.1,70,2,4,60,0,2,11,9,2,332,62,2101,0.0214199995994568,161,0,1.98954107685494,1.6331824996508,66.072380160679,826.964290527756,70
"204",2020-09-20,4009,858,280,76,52.6,43,1,4,34,2,2,12,10,0,334,35,2847,0.0186199998855591,112,0,1.79152212484578,1.6592634123925,39.0367929968695,858.901954037543,43
"205",2020-09-21,4118,938,280,55,52,109,2,22,82,1,3,13,10,0,335,84,2949,0.0189900004863739,73,0,1.85312744653596,1.68885130565944,106.091339686708,939.019959834906,109
"206",2020-09-22,4227,1017,280,85,58.3,109,0,27,81,3,3,16,13,0,338,81,2507,0.0135599994659424,64,0.03125,1.4000357316654,1.71676943010263,108.066542495199,1017.83547799527,109
"207",2020-09-23,4333,1076,281,67,62,106,0,26,75,2,3,17,14,1,340,75,1896,0.0168799996376038,7,0.571430015563965,1.89198578149472,1.7290631541008,101.083263387322,1077.19455206344,106
"208",2020-09-24,4434,1130,282,38,59.3,101,2,18,75,2,3,19,16,1,342,77,2730,0.0128199994564056,55,0,1.25668217292594,1.65121102571479,95.0567794423239,1130.83325675099,101
"209",2020-09-25,4553,1193,284,57,60.7,119,5,16,86,3,3,21,18,2,345,91,3291,0.0133700001239777,59,0.0339000010490417,1.37315732745982,1.65086452311179,107.073322393639,1193.9612485232,119
"210",2020-09-26,4638,1240,286,76,64.9,85,3,14,66,3,4,22,18,2,348,69,3437,0.0299699997901916,12,0,2.98657260883992,1.79329759910965,83.1209197140804,1242.1730499342,85
"211",2020-09-27,4720,1270,287,109,69.6,82,2,12,64,2,4,23,19,1,350,66,2684,0.0331599998474121,13,0,3.30001629923819,2.00879676687999,78.1278012094072,1272.45920509011,82
"212",2020-09-28,4835,1340,288,86,74,115,3,11,97,6,4,28,24,1,356,100,3135,0.0258400011062622,192,0.0104200005531311,2.49501182970644,2.10049453590435,111.14640218292,1341.96178925113,115
"213",2020-09-29,4942,1371,291,58,70.1,107,5,18,74,4,3,28,25,3,360,79,2165,0.0263299989700317,79,0.0253200006484985,2.62944419881239,2.27612431692535,97.1218894151652,1373.11532136951,107
"214",2020-09-30,5025,1400,291,107,75.9,83,1,10,67,5,5,31,26,0,365,68,3170,0.0305999994277954,281,0.0142299997806549,2.92670611777675,2.42394150782278,78.1167785211794,1402.40426367134,83
"215",2020-10-01,5126,1436,293,105,85.4,101,2,11,78,3,5,30,25,2,368,80,3844,0.0226300001144409,120,0.00833000004291534,2.21971040476944,2.56151696951471,91.1041984474271,1437.87036213132,101
"216",2020-10-02,5222,1486,294,115,93.7,96,0,13,79,1,5,30,25,1,369,79,3362,0.021710000038147,197,0,2.05082945007727,2.65832727274577,92.0950673919555,1487.78822967653,96
"217",2020-10-03,5295,1498,295,65,92.1,73,2,6,64,5,6,32,26,1,374,66,3113,0.0301999998092651,485,0.0103100001811981,2.75188853513406,2.62480097650208,72.1065736199622,1500.41889822278,73
"218",2020-10-04,5352,1479,295,77,87.6,57,1,7,47,3,6,33,27,0,377,48,3118,0.0291899991035461,102,0,2.82653469580301,2.55716074743991,55.0796105274639,1481.45299937748,57
"219",2020-10-05,5430,1480,295,82,87,78,3,13,59,3,6,34,28,0,380,62,3821,0.0177999997138977,238,0.00839999973773956,1.72488294763206,2.447142335715,75.0627518106333,1481.49794644738,78
"220",2020-10-06,5506,1453,296,139,98.6,76,5,15,53,2,7,35,28,1,382,58,2158,0.0194599997997284,55,0,1.89763576899295,2.34259827431222,73.0645826400834,1454.61790648347,76
"221",2020-10-07,5607,1467,296,174,108.1,101,12,22,63,3,10,37,27,0,385,75,2268,0.0313100004196167,76,0,3.02948297575472,2.35728068259479,97.1333228911453,1469.6077957508,101
"222",2020-10-08,5687,1426,296,85,105.3,80,5,14,55,2,9,37,28,0,387,60,2434,0.0271199989318848,182,0,2.52332100153698,2.40065362499015,74.0888379842778,1428.11138275967,80
"223",2020-10-09,5771,1428,296,97,102.7,84,5,19,58,2,9,38,29,0,389,63,2508,0.0207299995422363,247,0.00810000002384186,1.95976547578285,2.38764448580523,82.0724468647234,1429.64212893373,84
"224",2020-10-10,5836,1413,297,67,103,65,5,7,51,6,9,44,35,1,395,56,2628,0.0300600004196167,21,0,2.98216991705371,2.42054182607947,63.0979930680404,1415.4725750918,65
"225",2020-10-11,5900,1378,297,140,112,64,6,6,48,5,10,47,37,0,400,54,2660,0.0233100008964539,238,0.0168099999427795,2.2776184393012,2.34212521800778,60.0721688314251,1379.84164166118,64
"226",2020-10-12,5962,1350,297,63,109.3,62,2,14,43,3,10,47,37,0,403,45,1994,0.0150499999523163,237,0.0126600003242493,1.47961093598233,2.30708635920068,59.0390692423758,1351.17207727127,62
"227",2020-10-13,6047,1372,298,74,100,85,4,10,68,1,7,46,39,1,404,72,2117,0.0302300000190735,18,0,2.9975133508374,2.4642117280356,82.1266393187892,1374.4131825747,85
"228",2020-10-14,6114,1377,300,84,87.1,67,1,16,49,2,7,46,39,2,406,50,3004,0.0296300005912781,110,0.0363599991798401,2.98677333609447,2.45811035094128,66.0876288703497,1379.41329908943,67
"229",2020-10-15,6200,1404,300,107,90.3,86,3,25,52,5,8,50,42,0,411,55,2119,0.021710000038147,105,0.00952000021934509,2.11344829603708,2.39955710729843,80.0682070490368,1405.74113994268,86
"230",2020-10-16,6275,1425,301,78,87.6,75,2,10,59,4,8,48,40,1,415,61,3126,0.0214299988746643,280,0.0035699999332428,1.99617664308598,2.40475870262745,71.0714502492066,1426.66912467409,75
"231",2020-10-17,6322,1407,302,64,87.1,47,1,10,36,6,8,50,42,1,421,37,3037,0.0214000010490417,149,0,2.03991849296735,2.2701513563294,47.0442883481409,1408.68415421173,47
"232",2020-10-18,6379,1374,305,74,77.7,57,1,11,40,2,6,48,42,3,423,41,1144,0.0271000003814697,37,0.0540500020980835,2.79443272769098,2.34398196895651,52.0672283510081,1376.25296961671,57
"233",2020-10-19,6443,1352,307,69,78.6,64,1,6,57,3,6,47,41,2,426,58,1334,0.0374799990653992,27,0,3.67364575703472,2.65741551482114,64.1250259642009,1354.91439833792,64
"234",2020-10-20,6521,1356,309,46,74.6,78,3,14,57,4,5,46,41,2,430,60,1595,0.0250799989700317,48,0.0208299994468689,2.49558358677117,2.58571126281168,74.0878614394722,1357.98566853207,78
"235",2020-10-21,6609,1378,312,69,72.4,88,1,46,40,4,4,45,41,3,434,41,2258,0.0305599999427795,446,0.00897000014781952,2.69989274913919,2.54472832181807,87.0649539119782,1380.18308513917,88
"236",2020-10-22,6675,1365,312,88,69.7,66,2,24,36,2,3,45,42,0,436,38,2238,0.0268099999427795,87,0.0114900004863739,2.62367354469915,2.61761764305551,62.058501679737,1367.10144191687,66
"237",2020-10-23,6754,1367,313,92,71.7,79,1,13,64,2,3,38,35,1,438,65,2768,0.0245700001716614,65,0.0153799998760223,2.4359145946735,2.68043735042515,78.0929074108524,1368.95391431747,79
"238",2020-10-24,6819,1360,317,63,71.6,65,2,17,41,2,3,38,35,4,440,43,2358,0.0211999988555908,191,0,1.96114544140773,2.6691840573452,60.0494826786784,1361.5650335582,65
"239",2020-10-25,6889,1341,319,69,70.9,70,1,24,42,3,3,40,37,2,443,43,1751,0.0308400011062622,77,0,2.95409419787008,2.69199283879936,67.0745362842002,1343.32449202587,70
"240",2020-10-26,6962,1300,320,77,72,73,1,16,51,4,3,41,38,1,447,52,995,0.0392000007629395,121,0.0165299999713898,3.67420526484435,2.69207276848645,68.1121093157678,1302.80273289419,73
"241",2020-10-27,7040,1270,322,61,74.1,78,0,15,60,1,3,33,30,2,448,60,1354,0.0288000011444092,116,0,2.65273479928776,2.71452294170311,75.0933942261998,1271.97684445456,78
"242",2020-10-28,7152,1276,325,94,77.7,112,2,69,38,2,2,31,29,3,450,40,1900,0.0405299997329712,166,0.01807000041008,3.87253724882471,2.88204358451532,109.090893021014,1278.89948737034,112
"243",2020-10-29,7216,1261,326,65,74.4,64,0,18,42,9,2,39,37,1,459,42,2190,0.0292199993133545,96,0,2.79929127280168,2.90713183138712,60.0689878044654,1263.07127670074,64
"244",2020-10-30,7266,1230,328,122,78.7,50,1,9,36,4,2,42,40,2,463,37,2789,0.0358599996566772,105,0.0571400022506714,3.66320799166528,3.0824594595288,46.0795313300049,1232.64387934881,50
"245",2020-10-31,7305,1160,329,83,81.6,39,0,5,32,2,2,41,39,1,465,32,2352,0.0276399993896484,322,0,2.43116224997955,3.1496047178962,37.0456497985227,1161.65480519645,39
"246",2020-11-01,7355,1120,332,50,78.9,50,1,6,40,1,2,39,37,3,466,41,1714,0.0256699991226196,104,0,2.42015283257261,3.07332737999656,47.0582239402327,1121.59050763563,50
"247",2020-11-02,7419,1072,332,56,75.9,64,3,8,47,6,2,44,42,0,472,50,1030,0.0174800002574921,14,0.0714300012588501,1.82034677038704,2.80849045221695,58.0534071096746,1073.14504843142,64
"248",2020-11-03,7490,1000,333,36,72.3,71,1,36,33,1,2,45,43,1,473,34,1456,0.0219799995422363,13,0,2.17854862719511,2.74074957048943,70.0434631419697,1001.27832770499,71
"249",2020-11-04,7555,924,337,53,66.4,65,5,1,51,1,1,42,41,4,474,56,1466,0.0272900009155273,295,0.0033899998664856,2.32863096551825,2.52019153001707,57.076518005007,925.262547082616,65
"250",2020-11-05,7602,881,337,45,63.6,47,0,6,34,5,2,45,43,0,479,34,2536,0.0240499997138977,41,0,2.36673648717286,2.45839798921296,40.0472175845252,882.223490940198,47
"251",2020-11-06,7676,875,341,79,57.4,74,1,12,58,4,3,47,44,4,483,59,2342,0.0234800004959106,116,0.0258599996566772,2.35923194148077,2.27211569632945,71.0816765893694,876.211305350816,74
"252",2020-11-07,7711,841,346,75,56.3,35,3,4,25,3,4,47,43,5,486,28,2499,0.0276099991798401,142,0,2.61254782091709,2.2980279207491,32.0429237071486,842.289244203999,35
"253",2020-11-08,7748,779,346,47,55.9,37,1,5,29,1,4,48,44,0,487,30,1176,0.0204099988937378,92,0.0108700001239777,1.97178223268467,2.23397497790797,35.0347100426144,779.901304106555,37
"254",2020-11-09,7818,747,350,31,52.3,70,3,24,41,7,4,47,43,4,494,44,711,0.0210999989509583,20,0.1,2.3258685710166,2.30619237799791,68.0600499693222,748.019484706448,70
"255",2020-11-10,7885,756,350,51,54.4,67,0,11,54,3,5,48,43,0,497,54,1374,0.0334800004959106,17,0,3.30708272332,2.46741153458718,65.1047885332547,757.467039465565,67
"256",2020-11-11,7941,755,353,78,58,56,0,6,48,2,5,47,42,3,499,48,2375,0.0261100006103516,241,0.0290499997138977,2.63808491516186,2.51161924167912,54.0743027608692,756.168720509505,56
"257",2020-11-12,7983,745,355,58,59.9,42,1,8,31,3,3,44,41,2,502,32,2318,0.0215700006484985,214,0.00467000007629395,2.01416435701211,2.4612517945133,40.0378198522497,745.880493435188,42
"258",2020-11-13,8021,721,357,81,60.1,38,1,7,26,0,3,37,34,2,502,27,2719,0.0217000007629395,200,0,2.02131901591067,2.41297851943186,34.032023851932,721.855155453444,38
"259",2020-11-14,8042,698,357,51,56.7,21,3,2,14,3,3,38,35,0,505,17,1710,0.015789999961853,245,0.0163300001621246,1.58576726212221,2.26629558246116,19.0158184276413,698.649486029036,21
"260",2020-11-15,8072,654,360,29,54.1,30,1,1,25,0,2,36,34,3,505,26,984,0.0152400004863739,306,0.00653999984264374,1.31762794034426,2.17284496926967,27.0201020841489,654.505644732053,30
"261",2020-11-16,8116,615,363,11,51.3,44,0,3,39,3,2,34,32,3,508,39,735,0.0122399997711182,53,0,1.1416751055548,2.0036744742037,42.0261265509859,615.411995611701,44
"262",2020-11-17,8157,593,363,39,49.6,41,1,10,29,1,2,33,31,0,509,30,1828,0.020789999961853,38,0,2.03666237568421,1.82218585311287,40.035852152778,593.708677553246,41
"263",2020-11-18,8198,585,363,66,47.9,41,3,6,30,1,2,33,31,0,510,33,2684,0.0204900002479553,20,0.05,2.07082694768906,1.74114900061676,39.0400989213976,585.710844515684,41
"264",2020-11-19,8218,569,364,53,47.1,20,2,1,17,0,2,31,29,1,510,19,2476,0.0121200001239777,187,0.0160399997234344,1.23952685900304,1.63048650090118,20.0138192503937,569.413850182842,20
"265",2020-11-20,8243,526,364,28,39.6,25,1,2,20,1,2,31,29,0,511,21,2643,0.00757000029087067,222,0.0225200009346008,0.872842966012306,1.46641849377284,23.0107554938018,526.269399511417,25
"266",2020-11-21,8272,496,365,27,36.1,29,4,4,19,2,2,32,30,1,513,23,1495,0.0187300002574921,71,0,1.7880811229215,1.49532047388702,27.0241318155686,496.520407848784,29
"267",2020-11-22,8299,482,368,26,35.7,27,3,4,19,3,4,32,28,3,516,22,1220,0.0147500002384186,36,0,1.4327229530948,1.51176261856567,26.0184952345229,482.405213774546,27
"268",2020-11-23,8339,464,370,20,37,40,2,10,25,1,3,27,24,2,517,27,922,0.0173500001430511,13,0,1.71087701945381,1.5930771776941,37.0271055048281,464.465813120009,40
"269",2020-11-24,8383,474,370,21,34.4,44,2,7,34,1,3,23,20,0,518,36,1403,0.00855000019073486,41,0.0975599956512451,1.10772923056108,1.46037244267651,43.0233997415094,474.30809659654,44
"270",2020-11-25,8438,482,371,38,30.4,55,4,10,39,2,2,23,21,1,520,43,2618,0.0122200000286102,72,0.0138900005817413,1.22646989281736,1.33975000626627,53.0309456985359,482.346879690566,55
"271",2020-11-26,8483,497,372,60,31.4,45,3,4,37,3,2,23,21,1,523,40,3059,0.0143799996376038,224,0.00446000009775162,1.37031553193196,1.35843410239897,44.0321629232817,497.399624321776,45
"272",2020-11-27,8529,508,374,56,35.4,46,2,3,40,3,1,24,23,2,526,42,3154,0.0177600002288818,336,0.00298000007867813,1.63370546556817,1.46712874519267,45.0402622457719,508.48698144886,46
"273",2020-11-28,8574,511,375,60,40.1,45,2,3,40,2,1,25,24,1,528,42,2597,0.0119400000572205,191,0,1.11220158352229,1.3705745252785,45.0274099184017,511.333487340554,45
"274",2020-11-29,8619,525,377,23,39.7,45,0,4,38,5,1,28,27,2,533,38,898,0.0245000004768372,12,0,2.41769235474723,1.51128443980027,42.0539087891197,525.744792481259,45
"275",2020-11-30,8663,532,378,45,43.3,44,1,7,35,1,1,25,24,1,534,36,1135,0.0229099988937378,61,0,2.17415123280873,1.57746647027955,43.0459269065458,532.678697618955,44
"276",2020-12-01,8716,552,378,34,45.1,53,2,11,39,3,1,27,26,0,537,41,1906,0.0141700005531311,113,0.0176999998092651,1.43675686145195,1.62447041754967,52.034565439217,552.46536884019,53
"277",2020-12-02,8758,566,379,50,46.9,42,1,5,34,6,1,31,30,1,543,35,2859,0.0101400005817413,81,0.0123500001430511,1.0200888324757,1.59498740892943,40.0209498530324,566.338789051896,42
"278",2020-12-03,8796,565,380,40,44,38,0,6,31,3,1,33,32,1,546,31,3327,0.0102199995517731,202,0,0.963500666158941,1.53687099953329,37.0175262360356,565.31942978581,38
"279",2020-12-04,8838,568,382,54,43.7,42,1,5,32,2,1,31,30,2,548,33,2994,0.0110199999809265,165,0.0121200001239777,1.10774548791865,1.46173385986907,38.0214500778533,568.36920134002,42
"280",2020-12-05,8873,557,382,45,41.6,35,3,2,29,1,1,31,30,0,549,32,2277,0.0184500002861023,209,0,1.68988940673592,1.54426069175673,34.031730959521,557.552317014163,35
"281",2020-12-06,8912,550,383,33,43,39,0,7,30,1,2,31,29,1,550,30,1397,0.0157500004768372,20,0,1.55276998349623,1.42070035300659,37.0273340084945,550.501123489066,39
"282",2020-12-07,8965,552,384,24,40,53,0,4,44,2,1,31,30,1,552,44,1068,0.0168499994277954,25,0.04,1.73795053878184,1.3583859681456,48.0448709260007,552.562926162554,53
"283",2020-12-08,9012,557,384,58,43.4,47,1,1,44,0,1,28,27,0,552,45,2367,0.01942999958992,69,0,1.88796424586785,1.4228441659193,46.0498518434305,557.617055039796,47
"284",2020-12-09,9067,568,386,39,41.9,55,2,3,48,1,3,25,22,2,553,50,2911,0.00962000012397766,167,0.00598999977111816,0.942305078709412,1.41173220109555,53.0276462658128,568.314061579633,55
"285",2020-12-10,9111,566,386,57,44.3,44,2,0,42,1,3,24,21,0,554,44,3091,0.0139100003242493,252,0.00397000014781952,1.3160709255012,1.46209938100158,44.0339787121624,566.437089797362,44
"286",2020-12-11,9150,550,386,49,43.6,39,6,2,30,1,2,24,22,0,555,36,3047,0.0118099999427795,32,0,1.16872587936503,1.47081086549392,38.0246882385316,550.37718142201,39
"287",2020-12-12,9179,535,387,56,45.1,29,2,5,22,0,2,21,19,1,555,24,2616,0.0156700003147125,24,0,1.5527545766397,1.45122017548018,29.0218669898254,535.48745164819,29
"288",2020-12-13,9219,533,388,28,44.4,40,5,2,33,0,2,20,18,1,555,38,1502,0.0119799995422363,47,0,1.16165005244926,1.39534589961632,40.0259020332282,533.363310097649,40
"289",2020-12-14,9261,530,388,19,43.7,42,3,4,35,2,2,21,19,0,557,38,917,0.0174500000476837,20,0,1.70775347318313,1.39103203310222,42.038078840624,530.531099619229,42
"290",2020-12-15,9309,540,389,51,42.7,48,2,7,38,1,1,21,20,1,558,40,2079,0.0134700000286102,49,0,1.31598355542672,1.30932050589635,47.0308876876507,540.416983783284,48
"291",2020-12-16,9363,556,389,54,44.9,54,3,4,46,0,1,19,18,0,558,49,2312,0.0168700003623962,94,0,1.62109064164007,1.4062898720293,53.0466099161747,556.528879865166,54
"292",2020-12-17,9400,551,390,60,45.3,37,1,5,29,2,0,19,19,1,560,30,3207,0.0134099996089935,83,0.0241000008583069,1.36796865706023,1.41370383368059,35.0240808795184,551.442285487154,37
"293",2020-12-18,9441,540,390,23,41.6,41,3,4,34,0,0,18,18,0,560,37,3298,0.00727999985218048,170,0.00587999999523163,0.72113724082124,1.34976259960291,41.0156564967125,540.22850022229,41
"294",2020-12-19,9480,537,390,46,40.1,39,1,7,28,3,0,21,21,0,563,29,2799,0.0117900002002716,140,0,1.12283805922287,1.28834595425765,36.0191068927546,537.353806945145,39
"295",2020-12-20,9524,532,390,24,39.6,44,5,2,34,0,0,18,18,0,563,39,1360,0.0161800003051758,51,0,1.55951810170369,1.34518424700828,41.0356886376863,532.486829621772,44
"296",2020-12-21,9598,552,390,28,40.9,74,7,8,59,1,0,17,17,0,564,66,1365,0.00658999979496002,32,0.03125,0.715486737302823,1.20343185616824,74.0277089753657,552.231747793968,74
"297",2020-12-22,9681,595,390,66,43,83,5,7,69,2,0,17,17,0,566,74,3021,0.0225099992752075,48,0,2.21579367254487,1.33197615861369,81.0962134927609,595.773608489091,83
"298",2020-12-23,9781,662,390,53,42.9,100,5,6,88,1,1,15,14,0,567,93,2652,0.0199800002574921,199,0.0150800001621246,1.96379799070964,1.38093435133791,99.1071654280695,662.762833477226,100
"299",2020-12-24,9855,691,390,56,42.3,74,11,5,56,2,1,15,14,0,569,67,3469,0.01557000041008,144,0,1.49494413015686,1.39907370463743,72.058772573554,691.606146989937,74
"300",2020-12-25,9918,720,390,52,46.4,63,6,2,54,0,1,12,11,0,569,60,2537,0.0295600008964539,161,0,2.77960423551903,1.69314041816568,62.0978608893689,721.174330672427,63
"301",2020-12-26,10011,762,390,86,52.1,93,5,4,83,2,2,14,12,0,571,88,951,0.0199800002574921,50,0,1.89819982466283,1.80390638465711,92.0980165798351,762.84873447539,93
"302",2020-12-27,10122,827,391,35,53.7,111,8,6,95,2,4,14,10,1,573,103,1480,0.0270300006866455,32,0.0625,2.77806885028012,1.97798506302517,109.167901730692,828.348104187204,111
"303",2020-12-28,10256,923,391,65,59,134,15,7,110,1,2,14,12,0,574,125,1188,0.04125,39,0.0256399989128113,4.07538385962507,2.45797036621406,132.298918970135,925.207217675475,134
"304",2020-12-29,10376,999,391,112,65.6,120,5,15,100,3,4,13,9,0,577,105,1880,0.0505299997329712,25,0.04,5.03918107600976,2.8613114238519,120.310473263461,1001.95393133521,120
"305",2020-12-30,10513,1090,391,88,70.6,137,12,10,115,3,5,14,9,0,580,127,2458,0.0573600006103516,62,0,5.59487625000969,3.38003688946619,137.416935763491,1093.57842505673,137
"306",2020-12-31,10639,1178,391,147,83.6,126,0,9,117,2,5,14,9,0,582,117,2652,0.0331800007820129,144,0,3.14711595400209,3.6160614357298,126.21605959094,1180.17536921476,126
"307",2021-01-01,10756,1234,392,88,88.7,117,0,5,111,2,6,14,8,1,584,111,2759,0.0391400003433228,134,0.0149300003051758,3.80186246070242,3.76209832504171,116.247624905834,1236.75287507927,117
"308",2021-01-02,10868,1292,392,133,95.4,112,4,8,100,2,6,16,10,0,586,104,2369,0.0295499992370605,431,0,2.50014100687844,3.84808992250108,112.152571278631,1293.89540473068,112
"309",2021-01-03,10991,1319,393,107,105.7,123,0,5,118,3,5,19,14,1,589,118,1516,0.0600299978256226,126,0.0238100004196167,5.72506313986087,4.26908910672691,123.396403272579,1323.43098234349,123
"310",2021-01-04,11167,1431,393,115,112.9,176,5,30,141,5,8,22,14,0,594,146,1386,0.0533900022506714,155,0.00644999980926514,4.86685873393035,4.38215694591337,176.416942858478,1435.08661116769,176
"311",2021-01-05,11310,1507,395,105,111.9,143,2,19,122,6,8,24,16,2,600,124,2417,0.0575099992752075,97,0.0103100001811981,5.56888378145397,4.45782876097683,143.405195658027,1511.9244343278,143
"312",2021-01-06,11494,1603,395,132,118.1,184,11,42,130,7,7,29,22,0,607,141,2627,0.0513899993896484,211,0.0142200005054474,4.86264793880394,4.35322471651887,183.402315609489,1607.57384341852,184
"313",2021-01-07,11610,1637,395,188,124,116,2,7,106,6,9,33,24,0,613,108,2311,0.048899998664856,91,0.0109899997711182,4.74637747267502,4.58169064775786,115.300788323272,1641.55917115922,116
"314",2021-01-08,11743,1669,395,186,138,133,6,13,113,0,11,31,20,0,613,119,2661,0.0368300008773804,249,0,3.36785678126148,4.51968983640915,132.23516653453,1672.29826005151,133
"315",2021-01-09,11843,1680,397,153,140.9,100,6,2,92,4,11,31,20,2,617,98,3020,0.0324499988555908,375,0.00266999989748001,2.91606027998348,4.57910687542416,100.16768627456,1682.8746218496,100
"316",2021-01-10,11936,1665,397,120,142.7,93,5,3,83,5,11,35,24,0,622,88,1824,0.0509899997711182,78,0,4.88989272252994,4.45979681580545,91.2524974210805,1669.7773659784,93
"317",2021-01-11,12100,1716,397,66,135.7,164,2,25,135,3,13,35,22,0,625,137,1608,0.0342000007629395,115,0,3.1917354165297,4.22049348474822,162.256579759105,1719.21380194616,164
"318",2021-01-12,12240,1743,398,160,143.6,140,1,22,115,4,13,36,23,1,629,116,2211,0.0705600023269653,74,0.0135099995136261,6.87124311198813,4.40654481768167,138.467700944594,1750.027609883,140
"319",2021-01-13,12329,1731,402,172,149.3,89,1,9,76,2,11,35,24,4,631,77,2532,0.0375200009346008,173,0.0115600001811981,3.58597125315181,4.22416243401708,86.1620214341622,1734.64232600694,89
"320",2021-01-14,12421,1718,402,130,141,92,2,14,75,9,10,42,32,0,640,77,2581,0.0337100005149841,146,0,3.19052113418313,4.00189724280395,91.1441541979542,1721.21632353358,92
"321",2021-01-15,12517,1687,404,144,135,96,6,7,81,5,11,42,31,2,645,87,2923,0.0372900009155273,206,0.00485000014305115,3.51542897748658,4.02297898512182,94.1794620085436,1690.47991274038,96
"322",2021-01-16,12578,1638,405,119,130.1,61,0,1,58,2,9,40,31,1,647,58,2470,0.0323900008201599,289,0,2.89972098679938,4.02064480038124,59.0986868185627,1640.78705187596,61
"323",2021-01-17,12658,1578,407,74,123.6,80,2,3,72,2,9,40,31,2,649,74,2036,0.026029999256134,32,0,2.5627213967838,3.68819175384607,77.1112776787897,1580.37292131257,80
"324",2021-01-18,12779,1599,408,64,123.3,121,2,45,72,7,10,44,34,1,656,74,1021,0.0391799998283386,48,0,3.74207481990026,3.7668116686133,119.162487190507,1602.51104077866,121
"325",2021-01-19,12853,1540,415,81,112,74,3,24,47,8,9,46,37,7,664,50,2337,0.0410799980163574,89,0,3.95729412053699,3.35053324126313,74.1161029560676,1543.57597104688,74
"326",2021-01-20,12914,1498,415,166,111.1,61,1,8,50,2,7,38,31,0,666,51,3065,0.0225099992752075,163,0.00612999975681305,2.16828803404187,3.14800706710457,59.0648876569555,1499.90591588469,61
"327",2021-01-21,12985,1467,417,81,104.1,71,1,9,60,3,7,38,31,2,669,61,2636,0.0242799997329712,117,0,2.32481217929938,3.02433435926404,70.083213281823,1469.00121122023,71
"328",2021-01-22,13064,1435,418,95,97.1,79,1,3,74,5,6,38,32,1,674,75,2311,0.0307200002670288,111,0.00901000022888184,2.97250332958338,2.94677355242072,78.1308153044631,1437.50293282539,79
"329",2021-01-23,13112,1369,418,84,92.1,48,1,4,40,4,9,40,31,0,678,41,2122,0.0329900002479553,276,0,2.91929860409346,2.9495703548913,45.0702323692779,1371.34507594004,48
"330",2021-01-24,13158,1285,419,44,87.9,46,2,9,35,2,8,38,30,1,680,37,1247,0.0224499988555908,36,0,2.18200690357925,2.8951825701478,46.047373207177,1286.64525868169,46
"331",2021-01-25,13221,1226,419,29,82.9,63,1,18,43,4,7,39,32,0,684,44,825,0.0206100010871887,48,0,1.94768051511234,2.63884052660667,62.0502857971596,1227.40114516631,63
"332",2021-01-26,13283,1163,420,74,81.9,62,1,19,40,8,5,41,36,1,692,41,2354,0.024210000038147,79,0,2.3423896461076,2.40813988740247,60.0563531165971,1164.5985042586,62
"333",2021-01-27,13361,1122,422,80,69.6,78,0,27,50,1,4,31,27,2,693,50,2800,0.0196399998664856,175,0.00570999979972839,1.88205880978528,2.36724999822296,77.0552176776993,1123.23908468757,78
"334",2021-01-28,13399,1061,422,66,67.4,38,1,3,33,3,5,31,26,0,696,34,2355,0.0212299990653992,209,0.0287100005149841,2.18397183723271,2.34712994935629,37.0435713377405,1062.35968203949,38
"335",2021-01-29,13428,958,422,73,64.3,29,1,2,26,3,4,32,28,0,699,27,2847,0.0122899997234344,180,0.00555999994277954,1.18898015204223,2.09234092399327,29.0188370682903,958.668367089706,29
"336",2021-01-30,13447,861,423,42,58.3,19,1,6,12,2,5,34,29,1,701,13,2155,0.0157799994945526,216,0,1.43424288953019,1.88019010762709,19.0109405964964,861.724604121798,19
"337",2021-01-31,13490,803,424,25,55.6,43,3,5,35,4,6,33,27,1,705,38,922,0.0195200002193451,24,0,1.90247782264653,1.84025738177955,43.0424207304724,803.896417014982,43
"338",2021-02-01,13530,712,424,27,55.3,40,6,7,25,4,5,30,25,0,709,31,548,0.0292000007629395,29,0,2.77324097367259,1.9581945901453,38.0504457107247,713.158624065678,40
"339",2021-02-02,13572,649,425,59,53.1,42,4,5,31,3,5,28,23,1,712,35,2439,0.0221399998664856,107,0.0280399990081787,2.23879574109322,1.94339546085754,40.0459787817025,649.852577980712,42
"340",2021-02-03,13635,634,425,54,49.4,63,4,22,36,2,4,27,23,0,714,40,2865,0.0129100000858307,212,0,1.20205233168362,1.84625167827158,62.0282135873262,634.44718535912,63
"341",2021-02-04,13717,636,425,51,47.3,82,3,43,33,2,5,26,21,0,716,36,2814,0.0127900004386902,90,0,1.23936161275738,1.71130736048939,79.0261803521791,636.462519555164,82
"342",2021-02-05,13774,634,427,72,47.1,57,1,8,47,2,5,22,17,2,718,48,2435,0.0160199999809265,149,0,1.50962461120573,1.75711371179847,56.0425192062029,634.561607848597,57
"343",2021-02-06,13799,603,427,61,49.9,25,1,4,19,3,6,22,16,0,721,20,2369,0.0143499994277954,205,0.0146300005912781,1.43722994427581,1.75754043390498,24.0168667417681,603.508532264309,25
"344",2021-02-07,13824,558,429,33,51,25,1,2,19,3,4,24,20,2,724,20,1004,0.0249000000953674,75,0,2.31692308579693,1.81674690006933,22.0271904600516,558.75861383544,25
"345",2021-02-08,13871,555,431,23,50.4,47,1,7,38,2,5,22,17,2,726,39,852,0.0140799999237061,29,0,1.36165266004513,1.61509142669397,46.0311606055652,555.443439386889,47
"346",2021-02-09,13926,574,431,43,48.1,55,5,8,39,0,2,19,17,0,726,44,2244,0.0178299999237061,149,0,1.67198160588368,1.5341179788069,52.0431677203913,574.563142534196,55
"347",2021-02-10,13983,591,432,41,46.3,57,0,6,50,3,4,20,16,1,729,50,2791,0.0125399994850159,100,0,1.21062395581734,1.53534249654028,56.0355184668299,591.41982827793,57
"348",2021-02-11,14043,617,433,51,46.3,60,1,11,46,1,3,17,14,1,730,47,2563,0.0152199995517731,58,0,1.48831968146488,1.57090793492707,58.0410458284799,617.538835663236,60
"349",2021-02-12,14094,620,435,52,43.4,51,0,8,41,3,2,17,15,2,733,41,2612,0.0157000005245209,173,0,1.47247401687786,1.56560070716595,49.0354247211164,620.535690904687,51
"350",2021-02-13,14127,619,435,46,41.3,33,0,3,29,6,2,21,19,0,739,29,2099,0.0219199991226196,46,0.0217400002479553,2.19161390068926,1.67336984379644,32.0372938300549,619.796030372552,33
"351",2021-02-14,14168,593,437,48,43.4,41,0,4,35,4,2,21,19,2,743,35,1175,0.0170200002193451,10,0,1.6876371525511,1.58347185333275,39.0346594817945,593.587230648691,41
"352",2021-02-15,14230,615,438,34,45,62,2,8,51,4,2,23,21,1,747,53,867,0.0265300011634827,26,0,2.57575711184093,1.75691534644643,61.0801042798511,615.929511926574,62
"353",2021-02-16,14281,610,438,61,47.6,51,3,13,32,3,2,24,22,0,750,35,1561,0.0333100008964539,23,0,3.28263329541442,1.98700844495083,48.0674163689562,611.174971001808,51
"354",2021-02-17,14338,626,439,50,48.9,57,5,6,44,2,2,25,23,1,752,49,2063,0.0184200000762939,222,0,1.66303983183345,2.0516392843817,55.0478160475213,626.610874403027,57
"355",2021-02-18,14410,642,439,68,51.3,72,3,12,53,3,3,26,23,0,755,56,2348,0.0212899994850159,116,0,2.02877105482213,2.12884662343274,68.0666647124554,642.764263310649,72
"356",2021-02-19,14464,647,440,58,52.1,54,2,16,33,1,3,26,23,1,756,35,2576,0.0151400005817413,96,0,1.45960484650321,2.12700817052207,51.0299763177933,647.554133646064,54
"357",2021-02-20,14512,625,440,66,55,48,0,3,44,4,3,26,23,0,760,44,2384,0.0255900001525879,68,0,2.48803264126303,2.16935370488975,47.0642367697136,625.91245411525,48
"358",2021-02-21,14552,611,440,53,55.7,40,0,7,31,2,4,24,20,0,762,31,1000,0.03,28,0,2.91828793774319,2.34516095991719,38.053084138925,612.046271254295,40
"359",2021-02-22,14617,626,440,32,55.4,65,0,11,54,1,6,23,17,0,763,54,863,0.0150600004196167,66,0,1.39900757396439,2.17705388307769,65.0443290851644,626.513889024314,65
"360",2021-02-23,14672,632,440,47,53.4,55,0,7,47,3,6,25,19,0,766,47,2036,0.019650000333786,84,0,1.88714154149001,1.97769791823135,54.0520447918508,632.699836349994,55
"361",2021-02-24,14720,639,441,60,54.9,48,2,10,36,1,6,24,18,1,767,38,2874,0.0187899994850159,41,0,1.85257147581254,2.00477386737122,48.0413079376384,639.694625582919,48
"362",2021-02-25,14753,635,441,44,51.4,33,1,5,25,1,6,23,17,0,768,26,2376,0.0185199999809265,128,0.00781000018119812,1.79725239528254,1.97169977315127,31.0274193630695,635.669665213428,33
"363",2021-02-26,14818,638,441,56,51.1,65,5,12,43,1,6,21,15,0,769,48,2639,0.0181900000572205,181,0,1.70224858691506,2.00636316463868,60.0479445407411,638.637262854017,65
"364",2021-02-27,14865,644,442,71,51.9,47,0,5,34,3,6,23,17,1,772,34,2535,0.0209100008010864,47,0.0212800002098083,2.09167358794017,1.94974044273542,39.0417299411967,644.790414180314,47
"365",2021-02-28,14931,656,442,50,51.4,66,2,9,54,7,6,28,22,0,779,56,1552,0.0257699990272522,94,0,2.42983222905804,1.87996105578039,65.0798434433891,656.935308908272,66
"366",2021-03-01,15009,672,442,55,54.7,78,4,7,65,3,6,29,23,0,782,69,996,0.0291199994087219,45,0,2.78612098089213,2.07812011391293,76.1128038713694,673.098611616815,78
"367",2021-03-02,15074,682,443,62,56.9,65,1,6,57,3,4,29,25,1,785,58,2006,0.0259200000762939,41,0,2.54008403287961,2.17139761268287,64.0864472179316,683.016500045334,65
"368",2021-03-03,15134,693,443,65,57.6,60,0,5,51,6,5,32,27,0,791,51,2676,0.0209299993515015,109,0,2.01108360016581,2.19404220187619,56.0601831955476,693.817783421853,60
"369",2021-03-04,15190,688,443,61,60,56,2,3,50,1,5,31,26,0,792,52,2414,0.0202999997138977,225,0.00444000005722046,1.89477829944008,2.2079744738987,55.0578144886772,688.764930157882,56
"370",2021-03-05,15262,691,444,52,59.4,72,2,9,57,1,2,28,26,1,793,59,2440,0.0188499999046326,154,0,1.77309174122218,2.218094924514,68.0613844207158,691.718926012112,72
"371",2021-03-06,15320,707,445,46,55.9,58,3,3,49,0,2,26,24,1,793,52,1957,0.0209500002861023,25,0,2.06857470029779,2.21479508342224,55.0631174573952,707.858154661123,58
"372",2021-03-07,15358,696,446,55,56.6,38,1,0,36,2,5,25,20,1,795,37,1752,0.0194099998474121,16,0.0625,1.97999545999242,2.15053268784143,37.0429873686384,696.808627258711,38
"373",2021-03-08,15444,741,447,39,54.3,86,1,10,66,6,4,29,25,1,801,67,1170,0.0205100011825562,142,0,1.82901687374929,2.01380352967817,77.0719063853795,741.795263157704,86
"374",2021-03-09,15500,746,447,70,55.4,56,0,8,46,1,3,27,24,0,802,46,2105,0.0318300008773804,57,0,3.09908195406502,2.0936603755618,54.0836499789509,747.356584441248,56
"375",2021-03-10,15582,771,447,76,57,82,4,8,67,0,2,24,22,0,802,71,2655,0.0180799996852875,173,0,1.69739742448509,2.04884806475027,79.0707158605588,771.767914485786,82
"376",2021-03-11,15643,768,450,73,58.7,61,1,6,52,1,2,20,18,3,803,53,2321,0.0280100011825562,86,0,2.70092283941474,2.16401157046093,59.0839968481462,769.217161875024,61
"377",2021-03-12,15725,773,450,96,65,82,3,4,70,2,2,17,15,0,805,73,2361,0.0228699994087219,133,0,2.16503883736938,2.22000401276768,77.092739231907,773.982019537865,82
"378",2021-03-13,15792,790,450,56,66.4,67,4,4,54,5,4,22,18,0,810,58,2353,0.0187000000476837,99,0,1.79449837325448,2.18085025176149,62.0610725432477,790.831850158028,67
"379",2021-03-14,15856,810,450,65,67.9,64,1,7,51,2,3,23,20,0,812,52,1535,0.0299699997901916,36,0,2.92832270387932,2.31632557231676,59.089350548218,811.391806616472,64
"380",2021-03-15,15957,850,451,59,70.7,101,2,4,91,4,5,25,20,1,816,93,1000,0.0320000004768372,13,0,3.15893390689409,2.50631371990887,97.1723845863867,851.57555804762,101
"381",2021-03-16,16043,865,452,85,72.9,86,4,5,74,5,6,27,21,1,821,78,1583,0.0341100001335144,9,0,3.39171672181867,2.54811868673083,83.1552348114296,866.721514254957,86
"382",2021-03-17,16128,889,453,78,73.1,85,3,5,74,3,5,27,22,1,824,77,2842,0.0267400002479553,175,0,2.51889561500461,2.66547557109076,82.1138087985756,890.313974310827,85
"383",2021-03-18,16229,933,454,62,71.6,101,2,3,92,2,5,24,19,1,826,94,2566,0.0284500002861023,161,0,2.67703339692477,2.66206279359219,97.1476578654621,934.465582856129,101
"384",2021-03-19,16357,986,456,118,74.7,128,6,6,108,2,4,24,20,2,828,114,2615,0.0382399988174438,97,0,3.6872270246171,2.87951824891329,120.246649178151,988.133299032074,128
"385",2021-03-20,16455,1034,457,84,78.7,98,4,3,86,4,4,27,23,1,832,90,1997,0.0435699987411499,151,0.00662000000476837,4.09724895189927,3.20848261729112,93.2163763574369,1036.48592392878,98
"386",2021-03-21,16537,1061,458,88,82,82,5,2,75,3,4,28,24,1,835,80,1306,0.0421099996566772,87,0,3.94800140356213,3.35415100296009,82.185328507632,1063.45791933247,82
"387",2021-03-22,16688,1138,459,55,81.4,151,4,5,138,4,7,29,22,1,839,142,1150,0.0547800016403198,131,0,4.91779874210521,3.60541740799025,147.409764225026,1141.28388512732,151
"388",2021-03-23,16809,1171,460,109,84.9,121,2,0,117,5,9,30,21,1,844,119,1966,0.0350999999046326,153,0,3.25656440832976,3.58610993463469,119.227395348472,1173.23764666438,121
"389",2021-03-24,16946,1244,460,90,86.6,137,6,3,123,4,9,32,23,0,848,129,3100,0.044520001411438,47,0,4.38551014856872,3.85276915371528,132.331959249335,1247.2012194277,137
"390",2021-03-25,17093,1323,461,126,95.7,147,6,5,130,8,10,39,29,1,856,136,2987,0.0328099989891052,281,0,2.9988820985452,3.89874753966106,141.239316830981,1325.32806005432,147
"391",2021-03-26,17237,1404,462,108,94.3,144,7,2,128,4,11,41,30,1,860,135,2386,0.0657999992370605,117,0,6.27242501716446,4.2680615385964,137.496871618046,1409.16746482767,144
"392",2021-03-27,17389,1493,464,141,102.4,152,8,4,133,5,13,43,30,2,865,141,2467,0.0591800022125244,117,0,5.65004123290626,4.48988900731168,145.46746131138,1497.94978537511,152
"393",2021-03-28,17515,1541,465,143,110.3,126,4,5,113,5,13,44,31,1,870,117,2465,0.0770800018310547,157,0,7.2464608891514,4.961097505253,122.497492751572,1547.55244726643,126
"394",2021-03-29,17722,1689,465,118,119.3,207,5,1,189,4,12,46,34,0,874,194,1630,0.0766900014877319,40,0,7.48531152245527,5.32788504530301,195.852092126914,1696.4184721771,207
"395",2021-03-30,17921,1809,466,166,127.4,199,8,5,180,6,12,47,35,1,880,188,1967,0.0421999979019165,64,0,4.08702096863957,5.44652169677584,193.450857873511,1813.33830794246,199
"396",2021-03-31,18114,1898,467,168,138.6,193,4,6,178,8,14,53,39,1,888,182,2998,0.0720499992370605,224,0,6.70409365961228,5.77774791263921,188.715956117299,1905.46639950898,193
"397",2021-04-01,18328,2005,468,147,141.6,214,9,5,186,4,14,51,37,1,892,195,2622,0.0675099992752075,100,0.01,6.5397214584715,6.28358210691439,200.7482880431,2012.6939360329,214
"398",2021-04-02,18494,2066,469,251,162,166,12,6,134,5,14,54,40,1,897,146,3114,0.0918400001525879,99,0,8.90101962263177,6.65909562198115,152.762548651548,2076.79058571299,166
"399",2021-04-03,18681,2184,469,226,174.1,187,10,3,168,12,13,59,46,0,909,178,2870,0.0975599956512451,36,0,9.63514065791719,7.22839553983985,182.006359161395,2196.34768768813,187
"400",2021-04-04,18847,2280,470,159,176.4,166,5,4,154,12,15,62,47,1,921,159,1810,0.0884000015258789,139,0,8.20954349727249,7.36597876957144,163.765933519196,2290.98319763375,166
"401",2021-04-05,19008,2303,471,194,187.3,161,3,4,153,5,17,65,48,1,926,156,2028,0.100100002288818,162,0,9.26953445852619,7.62086776043871,160.848510976435,2315.52641524826,161
"402",2021-04-06,19211,2368,472,166,187.3,203,5,4,185,8,19,67,48,1,934,190,1713,0.109750003814697,83,0,10.4678038159564,8.53240816719826,195.167035639072,2382.54494943854,203
"403",2021-04-07,19527,2529,473,248,198.7,316,7,5,291,12,23,73,50,1,946,298,3327,0.0880700016021728,44,0,8.69204673184305,8.81640146323122,304.519893857537,2541.89869652923,316
"404",2021-04-08,19857,2737,474,256,214.3,330,9,4,298,10,29,80,51,1,956,307,3342,0.0789900016784668,195,0.0102600002288818,7.52008158479129,8.95645290984834,312.354677354312,2749.07736781352,240
"405",2021-04-09,20178,2919,476,295,220.6,321,5,2,309,13,30,84,54,2,969,314,3385,0.103400001525879,158,0,9.87888809384985,9.09614840573663,317.820172954964,2935.92065240618,238
"406",2021-04-10,20459,3055,479,379,242.4,281,8,4,262,14,26,88,62,3,983,270,3159,0.0813500022888184,97,0,7.89264917783714,8.84722105143948,275.250436109456,3069.14845301625,215
"407",2021-04-11,20717,3188,479,251,255.6,258,6,2,242,12,29,96,67,0,995,248,2676,0.135649995803833,30,0.0333299994468689,13.4515627773268,9.5960809485901,251.957489164779,3213.16320748917,207
"408",2021-04-12,21035,3301,480,316,273,318,6,5,303,16,27,97,70,1,1011,309,2103,0.0736999988555908,107,0,7.01317183680125,9.27374343120082,315.271592338957,3314.58422754335,243
"409",2021-04-13,21301,3367,481,341,298,266,7,2,250,11,28,100,72,1,1022,257,2662,0.0755100011825562,178,0,7.07773320943537,8.78944763026925,260.067338695435,3380.98338283086,220
"410",2021-04-14,21540,3419,483,310,306.9,239,6,9,222,13,28,100,72,2,1035,228,3872,0.151859998703003,95,0,14.8223321143944,9.66520268491945,238.983016510718,3448.73655021993,210
"411",2021-04-15,21756,3426,483,230,303.1,216,7,1,207,20,30,110,80,0,1055,214,3831,0.115900001525879,97,0,11.3037908820174,10.2057325845232,216.419426245238,3448.72408558965,200
"412",2021-04-16,21978,3481,484,332,308.4,222,4,9,206,16,26,115,89,1,1071,210,2946,0.113369998931885,244,0.00409999996423721,10.5012042897996,10.2946348982303,220.293997225718,3502.44954448916,201
"413",2021-04-17,22147,3469,484,369,307,169,2,8,158,14,27,123,96,0,1085,160,2956,0.109270000457764,121,0.00825999975204468,10.5297881482986,10.6713690368676,168.988586235782,3490.43378532455,190
"414",2021-04-18,22323,3482,484,252,307.1,176,3,7,166,6,27,120,93,0,1091,169,1976,0.078439998626709,187,0.0107000005245209,7.25836048934176,9.78662585286976,176.719780673793,3496.83003731447,193
"415",2021-04-19,22526,3523,484,197,290.1,203,0,3,200,14,27,117,90,0,1105,200,2102,0.125120000839233,88,0.0568200016021728,12.2375525984046,10.5329659616702,204.436149033587,3548.29776522663,200
"416",2021-04-20,22683,3476,485,190,268.6,157,2,1,154,9,29,120,91,1,1114,156,2554,0.0982800006866455,219,0,9.05182552303255,10.814979149327,157.828582422065,3494.46251601987,201
"417",2021-04-21,22686,3179,486,148,245.4,3,2,0,1,0,29,120,91,1,1114,3,NA,NA,NA,NA,NA,NA,NA,NA,206
