"","date","observed_cumulative_cases","observed_active_cases","observed_cumulative_deaths","observed_new_cases","observed_daily_average_cases","observed_new_episodes","observed_new_cases_community_outbreak","observed_new_cases_institution_outbreak","observed_new_cases_sporadic","observed_new_ICU_p_acute_care","observed_census_ICU","observed_census_ICU_p_acute_care","observed_census_acute_care","observed_new_deaths","cumulative_hosp","observed_new_community_cases","num_non_ltch_tests","non_ltch_pct_positivity","num_ltch_tests","ltch_pct_positivity","observed_pct_positivity","pct_positivity_7_day","adjusted_new_episodes","adjusted_active_cases","adjusted_episode_cases"
"1",2020-03-01,7,7,0,0,0,2,0,0,2,0,0,1,1,0,0,2,NA,NA,NA,NA,NA,NA,NA,NA,2
"2",2020-03-02,10,10,0,0,0,3,2,0,1,0,0,1,1,0,0,3,NA,NA,NA,NA,NA,NA,NA,NA,3
"3",2020-03-03,11,11,0,0,0,1,0,0,1,0,0,1,1,0,0,1,NA,NA,NA,NA,NA,NA,NA,NA,1
"4",2020-03-04,12,12,0,0,0,1,0,0,1,0,0,1,1,0,0,1,NA,NA,NA,NA,NA,NA,NA,NA,1
"5",2020-03-05,18,18,0,0,0,6,2,0,4,0,0,1,1,0,0,6,NA,NA,NA,NA,NA,NA,NA,NA,6
"6",2020-03-06,23,23,0,0,0,5,0,1,4,0,0,1,1,0,0,4,NA,NA,NA,NA,NA,NA,NA,NA,5
"7",2020-03-07,27,27,0,0,0,4,0,0,4,0,0,1,1,0,0,4,NA,NA,NA,NA,NA,NA,NA,NA,4
"8",2020-03-08,36,36,0,0,0,9,1,0,8,0,0,1,1,0,0,9,NA,NA,NA,NA,NA,NA,NA,NA,9
"9",2020-03-09,45,45,0,1,0.1,9,0,0,9,0,0,1,1,0,0,9,NA,NA,NA,NA,NA,NA,NA,NA,9
"10",2020-03-10,52,52,0,0,0.1,7,1,0,6,0,0,1,1,0,0,7,NA,NA,NA,NA,NA,NA,NA,NA,7
"11",2020-03-11,61,61,0,0,0.1,9,0,0,9,0,0,1,1,0,0,9,NA,NA,NA,NA,NA,NA,NA,NA,9
"12",2020-03-12,75,75,0,3,0.6,14,1,0,13,0,0,1,1,0,0,14,NA,NA,NA,NA,NA,NA,NA,NA,14
"13",2020-03-13,97,97,0,1,0.7,22,2,2,18,0,0,1,1,0,0,20,NA,NA,NA,NA,NA,NA,NA,NA,22
"14",2020-03-14,115,115,0,4,1.3,18,1,1,16,1,0,2,2,0,1,17,NA,NA,NA,NA,NA,NA,NA,NA,18
"15",2020-03-15,142,142,0,4,1.9,27,1,0,26,0,0,2,2,0,1,27,NA,NA,NA,NA,NA,NA,NA,NA,27
"16",2020-03-16,157,157,0,0,1.7,15,0,0,15,0,0,2,2,0,1,15,NA,NA,NA,NA,NA,NA,NA,NA,15
"17",2020-03-17,180,179,0,5,2.4,23,1,0,22,2,0,4,4,0,3,23,127,0,4,0,0,0,23,179,23
"18",2020-03-18,196,194,0,4,3,16,0,0,16,0,0,3,3,0,3,16,210,0.01904999971,1,0,1.89597153511848,0.947985767559242,15.6623356762318,189.905820074311,16
"19",2020-03-19,221,219,0,1,2.7,25,0,0,25,4,0,7,7,0,7,25,110,0.02726999998,9,0,2.52075630067227,1.47224261193025,24.2985378341288,212.855191426968,25
"20",2020-03-20,243,241,0,2,2.9,22,1,1,20,3,1,10,9,0,10,21,137,0.00730000019,4,0,0.709290798602837,1.2815046585984,21.8342028723135,239.097280582264,22
"21",2020-03-21,263,261,0,4,2.9,20,0,2,18,3,1,10,9,0,13,18,204,0.01470999956,3,0,1.44968111605797,1.31513995009031,19.709545326631,256.788407236149,20
"22",2020-03-22,289,287,0,7,3.3,26,0,1,25,3,5,13,8,0,16,25,159,0.03144999981,2,0,3.10593165825466,1.61360523478437,25.1356984618202,277.077818341696,26
"23",2020-03-23,310,308,0,9,4.6,21,1,0,20,4,5,17,12,0,20,21,138,0.03622999907,3,0,3.54591480259574,1.88964945875742,20.1711403976344,295.843392498637,21
"24",2020-03-24,328,324,1,8,5,18,1,3,14,3,7,20,13,1,23,15,253,0.01975999951,4,0,1.94524508794942,2.16754161417877,17.6752127528918,316.984595462463,18
"25",2020-03-25,351,347,1,8,5.6,23,0,1,22,4,8,23,15,0,27,22,153,0.05881999969,2,0,5.80610319520645,2.72613185133419,21.5781924595742,324.574217430557,23
"26",2020-03-26,365,357,1,19,8.1,14,1,3,10,2,7,25,18,0,29,11,274,0.02555000067,3,0,2.52732858612996,2.72707074925672,13.6905519312971,346.957003588459,14
"27",2020-03-27,382,365,1,27,11.7,17,3,2,12,5,9,26,17,0,34,15,577,0.02946000099,4,0,2.92571782637349,3.04370318179539,16.5115084240388,353.11337165161,17
"28",2020-03-28,407,387,2,26,14.9,25,1,1,23,3,8,25,17,1,37,24,367,0.08173999786,3,0,8.10772411205946,3.99485218122417,22.8340741443993,352.074445578439,25
"29",2020-03-29,426,399,2,11,15.4,19,5,4,10,7,8,31,23,0,44,15,184,0.0434800005,0,0,4.34800005,4.17229052290208,18.2740375105357,379.689397780251,19
"30",2020-03-30,451,408,3,48,21,25,8,3,14,4,12,32,20,1,48,22,549,0.07831999779,0,0,7.831999779,4.78458837667411,23.0820877673017,372.431445866322,25
"31",2020-03-31,468,405,3,51,27.1,17,2,3,12,6,13,34,21,0,54,14,943,0.06468999863,0,0,6.468999863,5.4308390588242,15.9919117345545,375.837446606754,17
"32",2020-04-01,495,408,3,37,31.3,27,6,4,16,3,15,33,18,0,57,22,575,0.05738999844,4,0.25,5.87206374835924,5.44026199498888,24.562039937187,381.332377016922,27
"33",2020-04-02,512,404,6,32,33.1,17,5,4,7,6,14,34,20,3,63,12,107,0.08411000252,9,0,7.75842264624138,6.18756114643337,14.9636938815433,369.111027345291,17
"34",2020-04-03,540,410,6,26,33,28,3,4,20,5,14,37,23,0,68,23,217,0.1106000042,2,0,10.9589958499543,7.3351722926592,24.1943597698746,359.986413289069,28
"35",2020-04-04,557,417,7,18,31.9,17,3,7,6,7,14,43,29,1,75,9,315,0.02539999962,3,0,2.51603769820755,6.53635994782321,15.7479463242909,405.321513025477,17
"36",2020-04-05,584,428,8,40,36,27,4,8,13,4,13,43,30,1,79,17,422,0.06635000229,5,0.2,6.79149905535831,6.88543123430297,23.7148673784065,395.644896350471,27
"37",2020-04-06,603,428,9,40,34.9,19,3,7,9,4,12,44,32,1,83,12,238,0.1176500034,4,0.25,11.9837606649587,7.47853993229707,17.3993080725972,370.908654589302,19
"38",2020-04-07,626,426,9,25,31.1,23,2,11,10,4,14,45,31,0,87,12,285,0.1087699986,6,0,10.6527318216495,8.07621592638985,21.5770959293637,375.486905492412,23
"39",2020-04-08,646,429,11,26,29.6,20,1,10,8,5,16,44,28,2,92,9,368,0.0434800005,6,0.3333300018,4.81300005208556,7.92492111263647,18.5178393570253,406.017009351538,20
"40",2020-04-09,682,437,11,25,28.6,36,1,20,13,6,16,47,31,0,98,14,295,0.09491999626,5,0,9.33379963223333,8.14997496777818,32.5454793506657,391.598176874351,36
"41",2020-04-10,716,454,11,37,30.1,34,0,20,13,4,16,49,33,0,102,13,331,0.09062999725,8,0,8.84912362529498,7.8485646499697,31.7195076256458,409.281266311015,34
"42",2020-04-11,760,484,11,31,32,44,0,34,8,6,19,54,35,0,108,8,225,0.1022200012,11,0.3636399841,11.4404830911441,9.1234854203892,40.9812497405688,422.365609304413,44
"43",2020-04-12,793,499,13,35,31.3,33,0,18,14,1,18,50,32,2,109,14,227,0.1013199997,12,0.5,12.1337405572803,9.88666277780663,30.1091541612613,431.60485189067,33
"44",2020-04-13,817,506,16,16,27.9,24,0,19,5,3,20,52,32,3,112,5,165,0.0606099987,26,0.03845999956,5.75948155709948,8.99748004811246,23.6794566451139,473.56101248553,24
"45",2020-04-14,850,506,18,32,28.9,33,0,26,7,5,20,51,31,2,117,7,208,0.06730999947,18,0.1666699982,7.52236276874336,8.55028446912587,32.4138811411199,463.631979629522,33
"46",2020-04-15,879,504,24,60,33.7,29,3,17,9,4,16,51,35,6,121,12,390,0.1,24,0.2083300018,10.6280000104348,9.38099874889005,27.5803994007587,444.376774831866,29
"47",2020-04-16,949,553,24,21,33.1,70,1,55,13,7,13,53,40,0,128,14,310,0.03548000097,11,0,3.42641753915888,8.53708702130798,68.4660486339629,531.908921041534,70
"48",2020-04-17,981,557,26,73,38.3,32,0,26,6,0,13,49,36,2,128,6,378,0.08465999603,66,0.5,14.6399726349865,9.36435116554963,31.0222565908403,466.232820183012,32
"49",2020-04-18,1021,579,31,31,38.3,40,1,30,9,1,11,46,35,5,129,10,421,0.06176000118,8,0,6.06082995262937,8.59582928861896,39.3253702621844,539.938938180479,40
"50",2020-04-19,1038,582,35,38,38.7,17,0,13,4,5,15,47,32,4,134,4,452,0.04425000191,47,0.1276599979,5.21062540373146,7.60681283811198,16.7680025423944,548.244369918387,17
"51",2020-04-20,1099,618,39,16,38.7,61,1,47,13,3,13,45,32,4,137,14,325,0.05230999947,43,0.02325999975,4.89155701548913,7.48282361788192,60.2377305098928,584.351246793841,61
"52",2020-04-21,1135,631,47,51,41.4,36,0,26,10,2,11,43,32,8,139,10,543,0.06998000145,25,0.36,8.2744966174912,7.59027131056019,35.0789674801564,572.882847997868,36
"53",2020-04-22,1176,647,54,35,37.9,41,1,31,9,4,9,45,36,7,143,10,656,0.02438999891,122,0.1065600014,3.72752692233419,6.60448944083153,40.585089743489,620.155306403741,41
"54",2020-04-23,1221,662,57,50,42,45,0,35,10,5,11,48,37,3,148,10,775,0.03612999916,105,0.02857000113,3.52279539405114,6.61825770581614,44.6078783678734,636.041547953221,45
"55",2020-04-24,1262,669,65,38,37,41,0,36,5,7,10,48,38,8,155,5,517,0.04061999798,94,0.1063799953,5.07369206446154,5.25164619574115,40.7176241889347,631.218116479469,41
"56",2020-04-25,1363,741,78,53,40.1,101,0,95,6,4,9,48,39,13,159,6,557,0.0502699995,28,0.03571000099,4.95731106824274,5.09400064082877,100.6689216336,700.111821749629,101
"57",2020-04-26,1417,760,87,88,47.3,54,0,41,13,5,9,50,41,9,164,13,358,0.05027999878,81,0.01235000014,4.32815252268337,4.96793308639333,53.3737045005795,723.38580157234,54
"58",2020-04-27,1478,784,95,87,57.4,61,0,54,7,8,11,56,45,8,172,7,269,0.06320000172,80,0.1,7.16355314116905,5.29250396149046,60.4418384593102,721.485907442746,61
"59",2020-04-28,1499,780,103,65,59.4,21,0,14,7,7,13,61,48,8,179,7,503,0.06163000107,11,0.2727300072,6.61477054813424,5.05540023729661,20.484597873751,722.56947736083,21
"60",2020-04-29,1524,769,111,29,58.6,25,0,17,8,7,13,62,49,8,186,8,668,0.03144000053,74,0.1486499977,4.31294072558491,5.13903078061814,24.6159419625818,732.082421153175,25
"61",2020-04-30,1544,759,122,30,55.7,20,0,10,10,2,11,56,45,11,188,10,603,0.04145999908,6,0.3333300018,4.43355656092611,5.26913951874314,19.5065017293563,721.543481258144,20
"62",2020-05-01,1567,742,135,42,56.3,23,0,16,7,6,11,57,46,13,194,7,516,0.03101000071,55,0.09090999603,3.67797025359194,5.06975068861891,22.7134241202794,711.622956749613,23
"63",2020-05-02,1588,743,139,22,51.9,21,0,15,6,4,12,57,45,4,198,6,508,0.05118000031,28,0.03571000099,5.03718660171642,5.08116147911515,20.6635870760601,701.340866252112,21
"64",2020-05-03,1607,724,148,23,42.6,19,0,13,6,3,12,52,40,9,201,6,826,0.02058000088,231,0.00432999998,1.702867618,4.7061207784461,18.8862724930105,710.276880823272,19
"65",2020-05-04,1625,721,152,14,32.1,18,0,11,7,6,10,52,42,4,207,7,637,0.01098999977,24,0.125,1.51295459205598,3.89889241428708,17.8821153344641,708.857879449798,18
"66",2020-05-05,1650,721,156,29,27,25,0,24,1,3,9,50,41,4,210,1,923,0.02924999952,29,0.1724099922,3.36109656835714,3.4340818457475,24.9625877030967,694.0257339327,25
"67",2020-05-06,1666,694,161,23,26.1,16,0,11,5,4,10,52,42,5,214,5,598,0.01672000051,149,0.01342000008,1.60617674925033,3.0474012776997,15.9106083978843,681.592445626347,16
"68",2020-05-07,1689,672,167,32,26.4,23,0,16,7,6,10,54,44,6,220,7,813,0.03566999912,234,0.01281999946,3.05631224051576,2.85065208906965,22.7618617583513,649.138728801721,23
"69",2020-05-08,1702,639,173,16,22.7,13,0,8,5,4,8,54,46,6,224,5,715,0.00978999972,127,0.04723999977,1.54386339318171,2.54577968043962,12.9140764413203,628.018969200731,13
"70",2020-05-09,1719,623,179,12,21.3,17,0,12,5,5,6,51,45,6,229,5,1100,0.01544999957,164,0.03049000025,1.74013920632911,2.07477290967001,16.903152731086,610.932830293318,17
"71",2020-05-10,1731,554,185,25,21.6,12,0,8,4,3,5,52,47,6,232,4,907,0.01764000058,316,0.01266000032,1.63532629821586,2.06512414970084,11.9271888661829,543.915657966338,12
"72",2020-05-11,1751,535,188,14,21.6,20,0,14,6,1,5,51,46,3,233,6,517,0.00967000008,197,0.01523000002,1.12040616880952,2.00904580352278,19.925172691613,528.327898335493,20
"73",2020-05-12,1774,518,193,13,19.3,23,0,17,6,4,6,51,45,5,237,6,835,0.01317000031,322,0.0031099999,1.03702422010804,1.67703546805862,22.9307414281686,512.020676631891,23
"74",2020-05-13,1795,500,195,21,19,21,0,15,6,2,7,47,40,2,239,6,1249,0.01440999985,224,0.01338999987,1.42548878367481,1.65122290154783,20.9047974816744,492.066456806197,21
"75",2020-05-14,1809,472,198,25,18,14,0,10,4,2,6,45,39,3,241,4,1046,0.02677000046,127,0.02361999989,2.64289518049361,1.59216332154467,13.8823279520049,458.114698336574,14
"76",2020-05-15,1829,458,201,17,18.1,20,0,12,8,1,5,44,39,3,242,8,1163,0.01203999996,137,0.01460000038,1.23097846196462,1.54746547422794,19.8903840320824,451.724485836718,20
"77",2020-05-16,1845,438,207,19,19.1,16,0,6,10,1,4,42,38,6,243,10,967,0.01343999982,25,0.04,1.4109354663246,1.50043636851301,15.8429490628906,431.121168954608,16
"78",2020-05-17,1857,398,212,15,17.7,12,0,9,3,1,2,42,40,5,244,3,353,0.02549999952,10,0.1,2.75523411310193,1.66042319921102,11.9079946369456,385.793955168114,12
"79",2020-05-18,1872,390,213,26,19.4,15,0,8,7,2,1,43,42,1,246,7,376,0.03989000082,17,0.05881999969,4.07088557329517,2.08192025699468,14.6828093937764,372.327951938972,15
"80",2020-05-19,1884,353,219,23,20.9,12,0,8,4,0,1,40,39,6,246,4,359,0.03900000095,31,0.2258099937,5.3849000373718,2.70304537374665,11.7602431529168,331.841458244904,12
"81",2020-05-20,1899,339,223,17,20.3,15,0,9,6,3,1,41,40,4,249,6,675,0.02963000059,36,0.05556000233,3.09429120705063,2.94144571994319,14.7933450485772,327.323995244611,15
"82",2020-05-21,1907,325,229,11,18.3,8,0,1,7,0,1,38,37,6,249,7,478,0.02092000008,36,0,1.94547860666148,2.84181478082432,7.84841442297224,317.962098209425,8
"83",2020-05-22,1914,309,233,7,16.9,7,0,3,4,1,1,36,35,4,250,4,514,0.00583999991,14,0,0.568515142753788,2.7471771637942,6.97468747846761,307.044607711623,7
"84",2020-05-23,1923,305,236,6,15,9,1,3,5,1,0,35,35,3,251,6,582,0.00859000027,43,0,0.7999008251424,2.65988650076817,8.94657792201774,302.284377702569,9
"85",2020-05-24,1933,302,237,8,14,10,0,3,7,1,1,36,35,1,252,7,332,0.01506000042,25,0.04,1.6806498990028,2.50637447018258,9.86904904333069,296.350401583696,10
"86",2020-05-25,1948,298,240,6,11.1,15,1,7,7,0,1,35,34,3,252,8,401,0.01746000051,8,0,1.71184846076039,2.1693691683919,14.8475635994029,292.321744077756,15
"87",2020-05-26,1954,288,243,16,10.1,6,0,2,4,1,1,35,34,3,253,4,1123,0.00800999999,41,0.07316999912,1.03051545985309,1.54731422874637,5.95411741428621,284.696453828607,6
"88",2020-05-27,1959,261,243,8,8.9,5,0,1,4,1,1,33,32,0,254,4,1150,0.00957000017,13,0.07691999912,1.0322837647515,1.25274173698935,4.95403868242412,258.001024028174,5
"89",2020-05-28,1963,236,244,4,7.9,4,0,2,2,1,1,31,30,1,255,2,1403,0.00284999996,88,0,0.268179070682763,1.01312751756382,3.99402980853921,235.295517407627,4
"90",2020-05-29,1970,226,247,7,7.9,7,0,3,4,2,1,32,31,3,257,4,1380,0.0065200001,37,0,0.634975309668313,1.02262182712304,6.97172841145328,224.40265524711,7
"91",2020-05-30,1973,208,248,15,9.1,3,1,1,1,0,1,31,30,1,257,2,1020,0.01274999976,119,0,1.14179102328358,1.07146328400035,2.97458149511871,205.356475492346,3
"92",2020-05-31,1977,193,249,10,9.4,4,0,1,3,3,1,34,33,1,260,3,1309,0.00535000026,11,0.09090999603,0.606300022475,0.917984730210664,3.97975386068921,191.697498371006,4
"93",2020-06-01,1988,184,250,5,9.3,11,0,5,6,0,1,31,30,1,260,6,763,0.00130999997,20,0,0.127653892351213,0.691671220437924,10.9914745228689,183.738552034645,11
"94",2020-06-02,1991,165,251,8,8.1,3,0,1,2,0,1,26,25,1,260,2,858,0.01049000025,9,0,1.03811075138408,0.692756262085208,2.97688962107488,163.093393738678,3
"95",2020-06-03,2001,156,251,8,8.1,10,0,7,3,0,0,22,22,0,260,3,1110,0.00449999988,141,0,0.399280564892086,0.602327233533863,9.98666684868673,155.30667613171,10
"96",2020-06-04,2008,146,254,8,8.7,7,0,2,5,0,0,20,20,3,260,5,1430,0.00559000015,21,0,0.550909732219159,0.642717328039062,6.96933917540074,145.104703921702,7
"97",2020-06-05,2012,137,256,15,9.9,4,0,1,3,1,0,21,21,2,261,3,1366,0.00952000022,29,0,0.932209340539068,0.68517933244917,3.96887079090261,135.578432784552,4
"98",2020-06-06,2015,128,257,2,8,3,0,0,3,0,0,21,21,1,261,3,1404,0.00071000002,68,0,0.0677201106032609,0.531740630637696,2.99773862651725,127.903514731403,3
"99",2020-06-07,2016,118,258,4,7.1,1,0,0,1,0,0,20,20,1,261,1,870,0.00230000004,22,0,0.224327358161435,0.477173107164329,0.997503016781462,117.705355980212,1
"100",2020-06-08,2019,110,258,0,6.4,3,0,0,3,0,0,19,19,0,261,3,701,0.00143000007,12,0,0.140593274764376,0.47902159036621,2.9953051774344,109.827856505928,3
"101",2020-06-09,2029,107,259,3,5.7,10,0,3,7,0,0,18,18,1,261,7,1338,0.00224000007,10,0,0.222338285879822,0.362482666722744,9.98267609972937,106.735191810149,10
"102",2020-06-10,2039,105,259,7,5.6,10,0,4,6,0,0,17,17,0,261,6,1281,0.00233999997,12,0,0.231828303292343,0.338560915065638,9.98451714349117,104.729050011095,10
"103",2020-06-11,2046,104,260,5,5.1,7,0,2,5,0,0,16,16,1,261,5,1529,0.00326999992,6,0,0.325721816135505,0.306391212767973,6.98187198575626,103.62293730373,7
"104",2020-06-12,2050,107,260,10,4.4,4,0,2,2,0,0,16,16,0,261,2,1596,0.00814999998,13,0,0.80841516271473,0.288706330221639,3.98200309483912,106.037165573893,4
"105",2020-06-13,2053,105,260,6,5,3,0,3,0,0,0,16,16,0,261,0,1479,0.00270000011,23,0.0434800005,0.332446083501331,0.326524326349935,3,104.611452694271,3
"106",2020-06-14,2056,102,260,1,4.6,3,0,1,2,0,0,16,16,0,261,2,768,0,13,0,0,0.294477560898301,3,102,3
"107",2020-06-15,2061,100,260,2,4.9,5,0,2,3,0,0,14,14,0,261,3,720,0.00555999994,17,0,0.543175028059701,0.35198923994049,4.98186178974009,99.3953929913363,5
"108",2020-06-16,2065,99,260,3,4.9,4,0,1,3,1,0,14,14,0,262,3,1250,0.00079999998,14,0,0.0791139220727848,0.331528616539485,3.99735815367255,98.9128190711941,4
"109",2020-06-17,2068,89,260,8,5,3,0,0,3,1,1,6,5,0,263,3,1098,0.00911000013,26,0,0.889927058962633,0.425542724492384,2.97028272052729,88.1183873756428,3
"110",2020-06-18,2070,75,260,2,4.6,2,0,0,2,0,1,6,5,0,263,2,1304,0.00230000004,122,0,0.210322584302945,0.409057119944875,1.99531780726356,74.8244177723835,2
"111",2020-06-19,2073,73,260,5,3.9,3,0,0,3,0,1,5,4,0,263,3,1875,0.00107000001,19,0,0.105926611338437,0.308701612605405,2.99646279919119,72.9139281136524,3
"112",2020-06-20,2079,73,261,1,3.1,6,0,0,6,1,1,5,4,1,264,6,1792,0.00056000002,158,0,0.0514625659405128,0.268561110096716,5.99656302740986,72.9581835001534,6
"113",2020-06-21,2085,77,261,1,3.1,6,0,0,6,0,1,4,3,0,264,6,1102,0.00363000005,86,0,0.336722226860269,0.316664285362469,5.9775117108318,76.711400289008,6
"114",2020-06-22,2087,76,262,6,3.7,2,0,1,1,0,1,1,0,1,264,1,509,0.00393000007,10,0,0.385427752529865,0.294128960286778,1.99570981159893,75.6739456815189,2
"115",2020-06-23,2096,81,262,4,3.9,9,0,0,9,0,1,1,0,0,264,9,1255,0.00158999994,20,0,0.156505876447059,0.305184953768817,8.98432142671922,80.8588928404729,9
"116",2020-06-24,2098,75,263,3,3.1,2,0,0,2,1,1,2,1,1,265,2,1733,0.00289000005,24,0,0.285052366912351,0.21877428347592,1.99365417591133,74.7620315966747,2
"117",2020-06-25,2104,73,263,6,3.7,6,0,0,6,0,1,2,1,0,265,6,1796,0.00277999997,21,0.04762000084,0.329823883531095,0.23584589765137,5.97797242273969,72.7319978099996,6
"118",2020-06-26,2108,67,263,6,3.9,4,0,0,4,0,1,2,1,0,265,4,2028,0.00196999997,23,0,0.194790830773281,0.248540786142062,3.99132714904589,66.8547297465186,4
"119",2020-06-27,2111,69,263,3,4.1,3,0,0,3,0,1,1,0,0,265,3,1574,0.00064000003,80,0,0.0609044768573156,0.249889630558748,2.99796622055518,68.9532230727691,3
"120",2020-06-28,2113,68,263,2,4.3,2,0,0,2,0,1,1,0,0,265,2,880,0.00114,12,0,0.112466367713004,0.217853079251996,1.99749627833956,67.9148734635449,2
"121",2020-06-29,2117,69,263,1,3.6,4,0,0,4,2,1,3,2,0,267,4,854,0.00351000011,8,0,0.347742470294664,0.21246946750411,3.98451714280745,68.7329207134285,4
"122",2020-06-30,2120,68,263,10,4.4,3,0,0,3,0,1,3,2,0,267,3,1605,0.0043599999,11,0,0.433032168285891,0.251973223481086,2.98553978347323,67.67223509206,3
"123",2020-07-01,2122,67,263,4,4.6,2,0,0,2,0,2,3,1,0,267,2,1601,0.00312000006,15,0,0.309103966340347,0.255409166256514,1.99311874019236,66.769477796444,2
"124",2020-07-02,2128,66,263,4,4.3,6,0,1,5,0,1,3,2,0,267,5,1012,0.00197999999,12,0,0.195679686511719,0.23624570953946,5.98910946713247,65.8562449661486,6
"125",2020-07-03,2136,74,263,4,4,8,0,0,8,0,1,3,2,0,267,8,1334,0.00300000012,14,0,0.296884284872404,0.250830488696478,7.97356309695795,73.755458646861,8
"126",2020-07-04,2139,74,263,4,4.1,3,0,0,3,0,1,3,2,0,267,3,1257,0.00317999989,40,0,0.308192741845027,0.286157383694722,2.98970853875199,73.7461439558824,3
"127",2020-07-05,2141,71,263,5,4.6,2,0,0,2,0,1,2,1,0,267,2,734,0.00272000015,47,0,0.25563125609475,0.3066095106064,1.99430914747239,70.7979747352699,2
"128",2020-07-06,2147,71,263,0,4.4,6,0,1,5,0,1,2,1,0,267,5,602,0,10,0,0,0.25693201485002,6,71,6
"129",2020-07-07,2154,72,263,6,3.9,7,0,1,6,0,1,1,0,0,267,6,1272,0.00393000007,21,0,0.386617176259861,0.250301301703444,6.97417943288687,71.6901531946425,7
"130",2020-07-08,2167,78,263,5,4,13,0,1,12,0,1,1,0,0,267,12,1684,0.00296999991,39,0,0.29027741430296,0.247611794269531,12.9612271367251,77.7479763887129,13
"131",2020-07-09,2175,82,263,5,4.1,8,0,0,8,1,0,2,2,0,268,8,1504,0.00266000003,41,0,0.258941103244013,0.256649139517002,7.97694185516419,81.7636540154329,8
"132",2020-07-10,2191,95,263,12,5.3,16,0,0,16,0,0,2,2,0,268,16,1900,0.00684000015,14,0.07143000126,0.731244529918495,0.318700603095015,15.869768514384,94.2267505541551,16
"133",2020-07-11,2198,100,263,7,5.7,7,0,0,7,1,1,2,1,0,269,7,1571,0.00381999999,25,0,0.376016289742481,0.32838968136608,6.9707019927861,99.5814570398015,7
"134",2020-07-12,2221,120,263,9,6.3,23,0,2,21,1,1,3,2,0,270,21,1068,0.00842999995,13,0,0.832862159722479,0.410851239027184,22.8053179963524,118.887531407728,23
"135",2020-07-13,2244,138,263,6,7.1,23,0,2,21,0,0,3,3,0,270,21,808,0.00619000018,65,0,0.572911815056128,0.492695784035203,22.866081537303,137.119964387991,23
"136",2020-07-14,2263,148,263,4,6.9,19,0,2,17,1,0,4,4,0,271,17,1406,0.00356000006,66,0,0.340038049209239,0.486041623027971,18.9356557387316,147.439826431311,19
"137",2020-07-15,2284,168,263,15,8.3,21,0,0,21,1,0,5,5,0,272,21,1404,0.00782999992,46,0,0.758159992253793,0.552881991306661,20.822779670496,166.582237363968,21
"138",2020-07-16,2306,186,263,7,8.6,22,0,1,21,0,0,5,5,0,272,21,1695,0.00708000004,25,0.04,0.755848841151163,0.623868811007683,21.8233199033811,184.435119144232,22
"139",2020-07-17,2336,213,263,17,9.3,30,0,0,29,0,1,5,4,0,272,29,1787,0.00726999998,21,0,0.718555860855089,0.622056143998625,28.768051314452,211.296376895803,30
"140",2020-07-18,2362,232,263,16,10.6,26,0,0,24,2,1,6,5,0,274,24,1551,0.00708999991,81,0,0.673810653211397,0.664598195922755,23.819995858838,230.259959968767,26
"141",2020-07-19,2380,250,263,28,13.3,18,0,0,18,0,1,6,5,0,274,18,2025,0.02122999907,22,0,2.10018310291891,0.845644044950816,17.5792122899191,244.155726248877,18
"142",2020-07-20,2410,275,263,47,19.1,30,0,0,27,2,3,8,5,0,276,27,1548,0.01485999942,35,0.02857000113,1.51631264319078,0.980415591827195,26.5442927876088,270.358537651571,30
"143",2020-07-21,2434,294,263,23,21.9,24,0,0,23,0,3,8,5,0,276,23,1428,0.01610999942,15,0,1.59425358085655,1.15958923920538,22.5918511107483,288.782792459131,24
"144",2020-07-22,2461,314,263,13,21.6,27,0,1,23,2,3,9,6,0,278,23,1771,0.00902999997,16,0,0.894914938269166,1.17912566006472,23.7708905644527,310.872158140789,27
"145",2020-07-23,2480,322,263,29,24.7,19,0,1,17,1,3,10,7,0,279,17,1667,0.01019999981,32,0,1.0007886805927,1.21411706569923,17.8106241096012,318.412997840681,19
"146",2020-07-24,2503,337,263,34,27.1,23,0,1,18,0,3,7,4,0,279,18,2036,0.01228000045,83,0,1.1798999960453,1.2800233707264,18.7635980325857,332.574029832299,23
"147",2020-07-25,2515,336,263,26,28.6,12,0,1,10,0,3,7,4,0,279,10,2126,0.00800000012,320,0,0.69533933994767,1.28309889740301,10.9226019208148,333.399424539377,12
"148",2020-07-26,2522,338,263,21,27.6,7,0,0,6,2,4,9,5,0,281,6,1816,0.01210999966,73,0,1.1642011319513,1.14938718726478,5.92224780659895,333.619959771741,7
"149",2020-07-27,2537,340,264,22,24,15,0,1,13,1,4,9,5,1,282,13,1601,0.00874000013,24,0,0.861091705115692,1.0557841961112,13.8753976767972,336.741170008543,15
"150",2020-07-28,2557,330,264,14,22.7,20,0,2,17,1,4,10,6,0,283,17,1488,0.00739000022,24,0,0.727269862920635,0.93192937926321,18.8623811594579,327.328575448301,20
"151",2020-07-29,2573,324,264,20,23.7,16,2,2,12,2,4,11,7,0,285,14,2254,0.00620999992,52,0,0.606996522969644,0.890798177077563,15.9054094782917,321.810905069037,16
"152",2020-07-30,2593,334,264,19,22.3,20,1,0,18,1,4,12,8,0,286,19,1891,0.00898999989,134,0,0.839510607011852,0.867758452280299,18.8224530686814,330.878911838925,20
"153",2020-07-31,2603,321,264,18,20,10,0,1,9,1,3,13,10,0,287,9,2129,0.00797999978,207,0,0.727286795017979,0.80309942356211,9.92714127053438,318.401371982393,10
"154",2020-08-01,2621,309,264,15,18.4,18,0,0,18,1,2,13,11,0,288,18,1629,0.00551999986,83,0.01205000043,0.583658283155958,0.78714498687758,17.8830596093752,306.992523294274,18
"155",2020-08-02,2629,294,264,2,15.7,8,0,0,8,0,2,13,11,0,288,8,1340,0.00149000004,11,0,0.147786828541821,0.641942943533369,7.98683990276302,293.516366426541,8
"156",2020-08-03,2638,280,264,10,14,9,0,1,7,0,1,12,11,0,288,7,1046,0.01146999955,47,0,1.09767790752973,0.675740972449661,7.91447238821656,276.578895528663,9
"157",2020-08-04,2650,268,264,20,14.9,12,0,1,11,1,1,11,10,0,289,11,1699,0.00588999987,12,0,0.584869069499123,0.655398001960873,11.9283881783343,266.255275617599,12
"158",2020-08-05,2659,248,264,12,13.7,9,1,0,8,1,1,12,11,0,290,9,1599,0.005,70,0,0.479029358897543,0.637116978522002,8.9520114063598,246.677647641914,9
"159",2020-08-06,2669,224,264,13,12.9,10,0,0,10,1,2,10,8,0,291,10,1639,0.00305000007,10,0,0.30315040113584,0.560494091968286,9.96625639108251,223.244143160248,10
"160",2020-08-07,2681,225,264,6,11.1,12,0,3,9,1,2,10,8,0,292,9,1689,0,39,0,0,0.456595978394289,12,225,12
"161",2020-08-08,2687,208,264,14,11,6,1,1,4,0,1,10,9,0,292,5,1518,0.00725000024,95,0,0.682300084582765,0.470687664312404,5.96202665882633,206.420309007175,6
"162",2020-08-09,2689,199,264,16,13,2,0,1,1,2,2,12,10,0,294,1,1589,0.00441000015,102,0,0.414399186182732,0.508775143975391,1.99538733116569,198.082078901972,2
"163",2020-08-10,2701,200,264,8,12.7,12,2,0,10,0,1,12,11,0,294,12,1384,0.00578000009,27,0,0.566939767863926,0.432955409737419,11.9242728609895,198.737881016492,12
"164",2020-08-11,2714,204,264,8,11,13,2,1,10,0,1,12,11,0,294,12,1460,0.00342000008,41,0,0.33265823562958,0.396925290613198,12.9555662560991,203.244626353685,13
"165",2020-08-12,2721,187,264,12,11,7,3,0,4,0,2,10,8,0,294,7,1486,0.00268999994,7,0,0.267738775006028,0.366740921485839,6.97913863634222,186.442703570856,7
"166",2020-08-13,2743,190,264,11,10.7,22,0,0,22,0,2,9,7,0,294,22,1689,0.00532999992,56,0,0.515895121196562,0.397133024351656,21.873666803926,188.908940579361,22
"167",2020-08-14,2754,185,264,6,10.7,11,4,1,6,1,2,10,8,0,295,10,1882,0.00477999985,36,0,0.469028139608968,0.464137044295794,10.9477925740657,184.034162620215,11
"168",2020-08-15,2758,177,264,2,9,4,0,0,4,1,2,11,9,0,296,4,2044,0.00734000027,21,0,0.726535619945763,0.470456406490508,3.96765178771696,175.568591606475,4
"169",2020-08-16,2762,158,264,26,10.4,4,0,1,3,0,2,11,9,0,296,3,1196,0.00501999974,22,0,0.492932650988506,0.481675472891333,3.98353953034339,157.133081931419,4
"170",2020-08-17,2785,172,265,8,10.4,23,1,4,18,1,1,9,8,1,297,19,1358,0.00662999988,32,0,0.647736678923741,0.493217888757021,22.8630110701582,170.759889687747,23
"171",2020-08-18,2811,191,265,15,11.4,26,1,1,24,0,1,7,6,0,297,25,1888,0.00583000004,77,0.05195000172,0.763724692517048,0.554798811169516,25.7874749031473,189.376308260046,26
"172",2020-08-19,2835,200,265,23,13,24,4,3,15,2,1,7,6,0,299,19,1519,0.01184999943,25,0.04,1.23057960713536,0.692347501473707,21.7397464294491,197.260488731043,24
"173",2020-08-20,2852,208,266,24,14.9,17,1,0,16,3,0,6,6,1,302,17,1607,0.00995999992,103,0,0.936007010025731,0.75236348559216,16.8228825281695,205.83291563878,17
"174",2020-08-21,2873,215,266,16,16.3,21,3,2,16,0,0,6,6,0,302,19,1804,0.00721000016,116,0.00861999989,0.72951876436875,0.789576431986414,20.8457150905882,213.25414444613,21
"175",2020-08-22,2892,225,266,16,18.3,19,1,0,18,1,0,7,7,0,303,19,1864,0.00589999974,73,0,0.567764559388745,0.766894851906841,18.8799242625537,223.578050477609,19
"176",2020-08-23,2909,235,266,13,16.4,17,0,1,15,0,0,7,7,0,303,15,694,0.01728999972,5,0,1.716632304103,0.941709088066055,15.7133830159497,230.509667249879,17
"177",2020-08-24,2928,251,266,19,18,19,2,0,17,1,1,8,7,0,304,19,1142,0.00963,58,0,0.916455,0.980097419648377,18.8061802059645,248.439538510374,19
"178",2020-08-25,2942,253,266,23,19.1,14,0,1,13,4,2,11,9,0,308,13,1647,0.01457000017,73,0,1.39516222558081,1.07030278151463,13.7981162128036,249.071030910717,14
"179",2020-08-26,2960,261,266,15,18,18,1,4,13,0,2,11,9,0,308,14,1832,0.00490999997,41,0,0.480251999201281,0.963113123238332,17.925160547982,259.604778787378,18
"180",2020-08-27,2973,264,266,16,16.9,13,1,3,9,1,2,9,7,0,309,10,1469,0.00612999976,9,0,0.609267229190798,0.916436011690485,12.9321825897936,262.209620370551,13
"181",2020-08-28,3001,274,266,20,17.4,28,0,3,21,1,1,9,8,0,310,21,2137,0.0060799998,35,0,0.59820255859116,0.897676553722258,23.8601698116139,272.175548970582,28
"182",2020-08-29,3022,288,266,12,16.9,21,0,2,18,0,1,9,8,0,310,18,1790,0.00726000011,11,0.09090999603,0.777091069029983,0.927580340813863,19.8443038747398,285.508861995837,21
"183",2020-08-30,3042,302,267,16,17.3,20,0,6,12,2,1,10,9,1,312,12,1402,0.00428000003,33,0,0.418157494220209,0.742083939402035,17.9441459701929,300.594340249856,20
"184",2020-08-31,3063,312,267,13,16.4,21,1,3,17,1,1,11,10,0,313,18,1353,0.0051700002,54,0,0.497157801748401,0.682184339651807,20.9003906408657,310.273437775005,21
"185",2020-09-01,3088,316,267,18,15.7,25,1,2,22,0,1,11,10,0,313,23,1361,0.01542999983,22,0.09090999603,1.66306939127187,0.720456791893387,24.5742334011686,310.150337163882,25
"186",2020-09-02,3124,326,267,15,15.7,36,1,9,26,0,1,9,8,0,313,27,1528,0.00261999995,51,0,0.253537677238759,0.688069031613026,35.9238026876255,325.079988006145,36
"187",2020-09-03,3146,327,267,24,16.9,22,1,4,17,1,1,8,7,0,314,18,1493,0.00938000023,133,0.00751999974,0.922785996851783,0.732857426993167,21.8151127842281,323.641215580143,22
"188",2020-09-04,3168,331,267,24,17.4,22,0,3,19,3,1,11,10,0,317,19,2705,0.00813000023,258,0.00774999976,0.809691210267634,0.763070091518377,21.8287595314485,328.016810784708,22
"189",2020-09-05,3193,338,267,17,18.1,25,1,11,13,2,1,13,12,0,319,14,2256,0.00398999989,164,0,0.371960320323967,0.705194270274661,24.9420360423449,336.600584450898,25
"190",2020-09-06,3214,340,267,27,19.7,21,1,3,16,1,1,14,13,0,320,17,1310,0.00611000001,192,0.03125,0.932363516185087,0.7786522734125,19.823571974307,336.471439486139,21
"191",2020-09-07,3255,365,267,29,22,41,2,6,33,0,1,12,11,0,320,35,1290,0.0147300005,44,0,1.42441534070465,0.911117636120536,40.4450701729421,359.212874660682,41
"192",2020-09-08,3307,402,267,24,22.9,52,0,14,36,3,1,14,13,0,323,36,1097,0.01276000023,4,0,1.27136423726703,0.855159756976987,49.4905449478812,396.31108525134,52
"193",2020-09-09,3352,433,267,15,22.9,45,2,10,31,0,1,13,12,0,323,33,1587,0.01449000001,29,0,1.42299690692265,1.02222536121754,42.4773014711651,426.141561727712,45
"194",2020-09-10,3429,495,267,33,24.1,77,1,21,52,2,2,14,12,0,325,53,1959,0.01276000023,61,0,1.23746734903812,1.0671798401013,73.2699661460992,488.181759289039,77
"195",2020-09-11,3459,509,267,60,29.3,30,0,1,25,0,1,12,11,0,325,25,2314,0.01555999994,93,0.0752699995,1.78670335748484,1.20675300398948,25.5028060401648,498.877130977756,30
"196",2020-09-12,3508,534,269,47,33.6,49,0,4,42,1,0,12,12,2,326,42,1900,0.01684000015,26,0,1.66126688914849,1.39093965667869,45.2233558391449,524.125524240557,49
"197",2020-09-13,3543,547,270,31,34.1,35,1,5,29,1,1,11,10,1,327,30,1199,0.01667999983,44,0,1.60895573581416,1.48759568805428,34.4627224020343,537.203638463758,35
"198",2020-09-14,3611,596,272,59,38.4,68,0,19,49,1,1,11,10,2,328,49,2394,0.01419999957,218,0.04127999783,1.64601219362634,1.5192523813288,67.1022353311012,585.080250149721,68
"199",2020-09-15,3684,645,273,41,40.9,73,0,15,55,1,1,11,10,1,329,55,2961,0.01215999961,28,0,1.20460886066276,1.50971589895677,69.2625337925581,636.351532658182,73
"200",2020-09-16,3761,685,274,41,44.6,77,0,7,67,1,0,11,11,1,330,67,1887,0.01907999992,162,0.00616999984,1.80592971318302,1.56442058556539,72.6531816402126,671.230289903666,77
"201",2020-09-17,3811,710,278,57,48,50,2,4,38,2,2,11,9,4,332,40,2512,0.01911000013,208,0.00481000006,1.80164707128824,1.64501768874398,43.1978361374009,695.761591438866,50
"202",2020-09-18,3899,778,278,47,46.1,88,1,6,78,0,2,11,9,0,332,79,2409,0.01286999941,281,0.0213499999,1.37558284574684,1.58628618706712,83.7903848310543,766.087587323547,88
"203",2020-09-19,3969,829,280,47,46.1,70,2,4,60,0,2,10,8,2,332,62,2101,0.0214199996,161,0,1.98954107690539,1.63318249960382,64.6269764651749,810.641346606935,70
"204",2020-09-20,4012,861,280,76,52.6,43,1,4,34,2,2,11,9,0,334,35,2847,0.01861999989,112,0,1.79152212527307,1.65926341238366,38.3020511400443,843.830458045089,43
"205",2020-09-21,4121,941,280,55,52,109,2,22,82,1,3,12,9,0,335,84,2949,0.01899000049,73,0,1.85312744688981,1.68885130570702,104.267321620206,921.589876721598,109
"206",2020-09-22,4230,1020,280,85,58.3,109,0,27,81,3,3,15,12,0,338,81,2507,0.01355999947,64,0.03125,1.40003573206107,1.71676943019249,106.737714711598,1004.10455562754,109
"207",2020-09-23,4336,1079,281,67,62,106,0,26,75,2,3,16,13,1,340,75,1896,0.01687999964,7,0.5714300156,1.89198578174672,1.72906315427302,99.4205258827587,1056.27663236662,106
"208",2020-09-24,4437,1132,282,38,59.3,101,2,18,75,2,3,18,15,1,342,77,2730,0.01281999946,55,0,1.25668217327828,1.65121102598588,93.9229160326046,1116.16546686894,101
"209",2020-09-25,4556,1195,284,57,60.7,119,5,16,86,3,3,20,17,2,345,91,3291,0.01337000012,59,0.03390000105,1.37315732707075,1.65086452331787,105.609102672322,1176.73491970796,119
"210",2020-09-26,4641,1242,286,76,64.9,85,3,14,66,3,4,21,17,2,348,69,3437,0.02996999979,12,0,2.98657260882082,1.79329759930579,80.706199990522,1200.7115998294,85
"211",2020-09-27,4723,1272,287,109,69.6,82,2,12,64,2,4,22,18,1,350,66,2684,0.03315999985,13,0,3.30001629949574,2.00879676705188,75.5756606968208,1225.27636979327,82
"212",2020-09-28,4838,1342,288,86,74,115,3,11,97,6,4,27,23,1,356,100,3135,0.02584000111,192,0.01042000055,2.49501183004058,2.10049453607342,108.222807453925,1304.73007603167,115
"213",2020-09-29,4945,1373,291,58,70.1,107,5,18,74,4,3,27,24,3,360,79,2165,0.02632999897,79,0.02532000065,2.62944419881462,2.27612431703821,94.6878051375701,1332.81463865676,107
"214",2020-09-30,5028,1402,291,107,75.9,83,1,10,67,5,5,30,25,0,365,68,3170,0.03059999943,281,0.01422999978,2.92670611797392,2.42394150792781,75.7847568112033,1356.32689778393,83
"215",2020-10-01,5129,1438,293,105,85.4,101,2,11,78,3,5,29,24,2,368,80,3844,0.02263000011,120,0.00833000004,2.21971040432997,2.56151696950663,89.0233959245797,1402.47054174432,101
"216",2020-10-02,5225,1488,294,115,93.7,96,0,13,79,1,5,29,24,1,369,79,3362,0.02171000004,197,0,2.05082945025232,2.65832727281828,90.1966084997236,1454.03232212138,96
"217",2020-10-03,5298,1501,295,65,92.1,73,2,6,64,5,6,31,25,1,374,66,3113,0.03019999981,485,0.01031000018,2.75188853518149,2.62480097658409,69.9783398237069,1455.02254659673,73
"218",2020-10-04,5355,1482,295,77,87.6,57,1,7,47,3,6,32,26,0,377,48,3118,0.0291899991,102,0,2.82653469545963,2.55716074743607,53.4898192158407,1435.37316828908,57
"219",2020-10-05,5433,1483,295,82,87,78,3,13,59,3,6,33,27,0,380,62,3821,0.01779999971,238,0.00839999974,1.72488294727839,2.4471423356129,73.8096225260574,1454.52693880876,78
"220",2020-10-06,5509,1456,296,139,98.6,76,5,15,53,2,7,34,27,1,382,58,2158,0.0194599998,55,0,1.89763576901943,2.34259827421359,71.774892402244,1425.24557478737,76
"221",2020-10-07,5610,1470,296,174,108.1,101,12,22,63,3,10,36,26,0,385,75,2268,0.03131000042,76,0,3.02948297579181,2.35728068247329,94.4709165390932,1420.42996416623,101
"222",2020-10-08,5690,1429,296,85,105.3,80,5,14,55,2,9,36,27,0,387,60,2434,0.02711999893,182,0,2.52332100136162,2.40065362490638,72.3147779440656,1388.8636280345,80
"223",2020-10-09,5773,1430,296,97,102.7,83,5,19,57,2,9,37,28,0,389,62,2508,0.02072999954,247,0.00810000002,1.95976547554483,2.38764448566246,79.6475252248392,1398.80582373419,83
"224",2020-10-10,5838,1415,297,68,103.1,65,5,7,51,6,9,43,34,1,395,56,2628,0.03006000042,21,0,2.98216991709173,2.42054182593535,61.1411095608893,1368.02982194033,65
"225",2020-10-11,5902,1380,297,139,112,64,6,6,48,5,10,46,36,0,400,54,2660,0.0233100009,238,0.01680999994,2.27761843960386,2.34212521795595,58.6309852988911,1345.01406874944,64
"226",2020-10-12,5964,1352,297,62,109.1,62,2,14,43,3,10,46,36,0,403,45,1994,0.01504999995,237,0.01266000032,1.47961093573017,2.30708635916335,58.2588716472017,1329.73321037815,62
"227",2020-10-13,6049,1374,298,74,99.9,85,4,10,68,1,7,45,38,1,404,72,2117,0.03023000002,18,0,2.99751335092927,2.46421172800761,79.597701310669,1328.15613334527,85
"228",2020-10-14,6116,1379,300,84,87,67,1,16,49,2,7,45,38,2,406,50,3004,0.02963000059,110,0.03635999918,2.98677333597174,2.45811035089046,64.3377143655986,1333.15416220321,67
"229",2020-10-15,6202,1405,300,107,90.1,86,3,25,52,5,8,49,41,0,411,55,2119,0.02171000004,105,0.00952000022,2.11344829621673,2.39955710729833,78.7061387720675,1371.94772681373,86
"230",2020-10-16,6277,1426,301,78,87.4,75,2,10,59,4,8,47,39,1,415,61,3126,0.02142999887,280,0.00356999993,1.99617664263124,2.40475870259639,69.6446165249608,1394.31513384581,75
"231",2020-10-17,6324,1408,302,64,86.9,47,1,10,36,6,8,49,41,1,421,37,3037,0.02140000105,149,0,2.03991849305869,2.27015135630596,46.1598672378361,1376.02954245603,47
"232",2020-10-18,6381,1376,305,74,77.6,57,1,11,40,2,6,48,42,3,423,41,1144,0.02710000038,37,0.0540500021,2.79443272755461,2.34398196887035,50.7247042937059,1333.19983190584,57
"233",2020-10-19,6445,1355,307,69,78.6,64,1,6,57,3,6,47,41,2,426,58,1334,0.03747999907,27,0,3.67364575748567,2.65741551483542,61.6283060203458,1299.59232168222,64
"234",2020-10-20,6523,1358,309,46,74.6,78,3,14,57,4,5,45,40,2,430,60,1595,0.02507999897,48,0.02082999945,2.49558358677724,2.5857112628137,72.3333026196051,1320.27708262373,78
"235",2020-10-21,6611,1382,312,69,72.4,88,1,46,40,4,4,44,40,3,434,41,2258,0.03055999994,446,0.00897000015,2.69989274894305,2.5447283218096,85.7678495187126,1340.46751304539,88
"236",2020-10-22,6676,1368,312,88,69.7,65,1,24,36,1,3,43,40,0,435,37,2238,0.02680999994,87,0.01149000049,2.62367354444516,2.6176176429851,59.9194499145866,1328.04885089607,65
"237",2020-10-23,6755,1370,313,92,71.7,79,1,13,64,2,3,36,33,1,437,65,2768,0.02457000017,65,0.01537999988,2.4359145945203,2.68043735039782,76.2375825025513,1332.85366197685,79
"238",2020-10-24,6820,1363,317,63,71.6,65,2,17,41,2,3,36,33,4,439,43,2358,0.02119999886,191,0,1.96114544181561,2.66918405736309,59.0613328049202,1333.24643286294,65
"239",2020-10-25,6890,1344,319,69,70.9,70,1,24,42,3,3,38,35,2,442,43,1751,0.03084000111,77,0,2.95409419822812,2.69199283888788,65.5860756393034,1299.80664323776,70
"240",2020-10-26,6963,1303,320,77,72,73,1,16,51,4,3,39,36,1,446,52,995,0.03920000076,121,0.01652999997,3.6742052645672,2.69207276847095,65.8733298245979,1249.71055310483,73
"241",2020-10-27,7041,1273,322,61,74.1,78,0,15,60,1,3,31,28,2,447,60,1354,0.02880000114,116,0,2.65273479888163,2.71452294162872,73.228347804656,1235.41144592212,78
"242",2020-10-28,7153,1279,325,94,77.7,112,2,69,38,2,2,29,27,3,449,40,1900,0.04052999973,166,0.01807000041,3.87253724855082,2.88204358442984,107.275794695387,1223.86853538499,112
"243",2020-10-29,7217,1263,326,65,74.4,64,0,18,42,9,2,37,35,1,458,42,2190,0.02921999931,96,0,2.79929127248031,2.907131831292,58.6913281451009,1223.64636779196,64
"244",2020-10-30,7267,1232,328,122,78.7,50,1,9,36,4,2,40,38,2,462,37,2789,0.03585999966,105,0.05714000225,3.66320799198307,3.08245945950097,44.4913215605635,1181.76508547606,50
"245",2020-10-31,7306,1162,329,83,81.6,39,0,5,32,2,2,39,37,1,464,32,2352,0.02763999939,322,0,2.43116225001047,3.14960471781452,36.1340410529221,1130.55486573423,39
"246",2020-11-01,7356,1122,332,50,78.9,50,1,6,40,1,2,37,35,3,465,41,1714,0.02566999912,104,0,2.42015283232563,3.07332737982845,45.8955144687483,1091.77481058379,50
"247",2020-11-02,7420,1075,332,56,75.9,64,3,8,47,6,2,42,40,0,471,50,1030,0.01748000026,14,0.07143000126,1.82034677063602,2.80849045212399,56.9868878732732,1053.21808927537,64
"248",2020-11-03,7491,1003,333,36,72.3,71,1,36,33,1,2,43,41,1,472,34,1456,0.02197999954,13,0,2.17854862697345,2.74074957042283,69.1755210785041,978.67787181587,71
"249",2020-11-04,7556,927,337,53,66.4,65,5,1,51,1,1,40,39,4,473,56,1466,0.02729000092,295,0.00338999987,2.32863096594946,2.5201915300512,55.5484831652242,902.972212395765,65
"250",2020-11-05,7603,884,337,45,63.6,47,0,6,34,5,2,43,41,0,478,34,2536,0.02404999971,41,0,2.36673648678929,2.4583979892382,39.1043007615561,860.711819800459,47
"251",2020-11-06,7677,878,341,79,57.4,74,2,11,58,4,3,46,43,4,482,60,2342,0.0234800005,116,0.02585999966,2.35923194188609,2.2721156963672,69.4243662612145,854.943226289106,74
"252",2020-11-07,7712,845,346,75,56.3,35,3,4,25,3,4,46,42,5,485,28,2499,0.02760999918,142,0,2.61254782093222,2.29802792078459,31.18575394745,820.427217342688,35
"253",2020-11-08,7749,783,346,47,55.9,37,1,5,29,1,4,47,43,0,486,30,1176,0.02040999889,92,0.01087000012,1.97178223230915,2.2339749779251,34.3415639735107,765.814819708631,37
"254",2020-11-09,7819,751,350,31,52.3,70,3,24,41,7,4,46,42,4,493,44,711,0.02109999895,20,0.1,2.32586857092339,2.30619237796615,66.8608754061042,731.557214317825,70
"255",2020-11-10,7886,760,350,51,54.4,67,0,11,54,3,5,47,42,0,496,54,1374,0.0334800005,17,0,3.30708272372394,2.46741153464479,63.0122022249922,732.02358687026,67
"256",2020-11-11,7942,759,353,78,58,56,0,6,48,2,5,46,41,3,498,48,2375,0.02611000061,241,0.02904999971,2.63808491509404,2.51161924166545,52.5905054863982,736.712368003672,56
"257",2020-11-12,7984,749,355,58,59.9,42,1,8,31,3,3,43,40,2,501,32,2318,0.02157000065,214,0.00467000008,2.01416435718088,2.46125179457853,39.2825720924308,732.207703038458,42
"258",2020-11-13,8022,725,357,81,60.1,38,1,7,26,0,3,36,33,2,501,27,2719,0.02170000076,200,0,2.02131901563686,2.41297851940007,33.3925199673658,708.688036160747,38
"259",2020-11-14,8043,702,357,50,56.6,21,3,2,14,3,3,37,34,0,504,17,1710,0.01578999996,245,0.01633000016,1.5857672619335,2.26629558240025,18.6999305717406,689.60889772717,21
"260",2020-11-15,8073,658,360,29,54,30,1,1,25,0,2,35,33,3,504,26,984,0.01524000049,306,0.00653999984,1.31762794055814,2.17284496929297,26.6186712715149,648.349449871415,30
"261",2020-11-16,8117,620,363,11,51.1,44,0,3,39,3,2,33,31,3,507,39,735,0.01223999977,53,0,1.14167510545051,2.00367447422541,41.5043894756966,612.121063459792,44
"262",2020-11-17,8158,598,363,39,49.4,41,1,10,29,1,2,32,30,0,508,30,1828,0.02078999996,38,0,2.03666237550268,1.82218585305094,39.3198985872513,584.44331183921,41
"263",2020-11-18,8199,590,363,66,47.7,41,3,6,30,1,2,32,30,0,509,33,2684,0.02049000025,20,0.05,2.07082694789201,1.74114900059351,38.2393390358974,576.400303975136,41
"264",2020-11-19,8219,573,364,53,47,20,2,1,17,0,2,30,28,1,509,19,2476,0.01212000012,187,0.01603999972,1.23952685860909,1.63048650079754,19.737854187672,565.094234186109,20
"265",2020-11-20,8244,530,364,28,39.4,25,1,2,20,1,2,30,28,0,510,21,2643,0.00757000029,222,0.02252000093,0.872842965896335,1.46641849369175,22.7959724601643,524.850733518433,25
"266",2020-11-21,8273,498,365,27,36.1,29,4,4,19,2,2,31,29,1,512,23,1495,0.01873000026,71,0,1.78808112316092,1.4953204738671,26.5422288316781,488.088259051118,29
"267",2020-11-22,8300,485,368,26,35.7,27,3,4,19,3,4,31,27,3,515,22,1220,0.01475000024,36,0,1.43272295324841,1.51176261853714,25.6491525848263,477.265409256399,27
"268",2020-11-23,8340,468,370,20,37,40,2,10,25,1,3,27,24,2,516,27,922,0.01735000014,13,0,1.71087701915294,1.59307717763748,36.4858191015926,459.087531094271,40
"269",2020-11-24,8384,478,370,21,34.4,44,2,7,34,1,3,23,20,0,517,36,1403,0.00855000019,41,0.09755999565,1.10772923048615,1.46037244263512,42.5561159923265,472.106206787002,44
"270",2020-11-25,8439,486,371,38,30.4,55,4,10,39,2,2,23,21,1,519,43,2618,0.01222000003,72,0.01389000058,1.22646989294796,1.33975000621454,52.4129721183772,479.365219756542,55
"271",2020-11-26,8484,501,372,60,31.4,45,3,4,37,3,2,23,21,1,522,40,3059,0.01437999964,224,0.0044600001,1.37031553217058,1.35843410243761,43.38988183769,493.358270017068,45
"272",2020-11-27,8530,512,374,56,35.4,46,2,3,40,3,1,24,23,2,525,42,3154,0.01776000023,336,0.00298000008,1.63370546568195,1.46712874526413,44.2362408359747,502.689412095692,46
"273",2020-11-28,8575,515,375,60,40.1,45,2,3,40,2,1,25,24,1,527,42,2597,0.01194000006,191,0,1.11220158378121,1.37057452535274,44.4800444941269,508.624355106556,45
"274",2020-11-29,8620,527,377,23,39.7,45,0,4,38,5,1,28,27,2,532,38,898,0.02450000048,12,0,2.41769235505934,1.51128443989716,40.9773712090638,512.817753346754,45
"275",2020-11-30,8664,534,378,45,43.3,44,1,7,35,1,1,25,24,1,533,36,1135,0.02290999889,61,0,2.17415123245401,1.57746647036874,42.1287844215085,521.076968919043,44
"276",2020-12-01,8717,555,378,34,45.1,53,2,11,39,3,1,27,26,0,536,41,1906,0.01417000055,113,0.01769999981,1.43675686116048,1.62447041760793,51.3443070438021,546.124156324638,53
"277",2020-12-02,8759,569,379,50,46.9,42,1,5,34,6,1,31,30,1,542,35,2859,0.01014000058,81,0.01235000014,1.02008883229796,1.59498740894365,39.6025894252088,562.53923951268,42
"278",2020-12-03,8798,569,380,40,44,39,0,6,32,3,1,33,32,1,545,32,3327,0.01021999955,202,0,0.963500665991783,1.53687099948953,37.6568094037214,562.897642209921,39
"279",2020-12-04,8841,573,382,54,43.7,43,1,5,33,2,1,31,30,2,547,34,2994,0.01101999998,165,0.01212000012,1.10774548781007,1.46173385979355,38.5807700623371,565.934742521152,43
"280",2020-12-05,8876,562,382,45,41.6,35,4,1,29,1,1,31,30,0,548,33,2277,0.01845000029,209,0,1.68988940709292,1.54426069169522,33.3792658981309,551.428710143927,35
"281",2020-12-06,8915,556,383,33,43,39,0,7,30,1,2,31,29,1,549,30,1397,0.01575000048,20,0,1.55276998380804,1.42070035294504,36.481484475599,546.390178947768,39
"282",2020-12-07,8968,558,384,24,40,53,1,3,44,2,1,30,29,1,551,45,1068,0.01684999943,25,0.04,1.73795053899726,1.3583859681655,47.1294708702755,547.205438791416,53
"283",2020-12-08,9015,563,384,58,43.4,47,1,1,44,0,1,27,26,0,551,45,2367,0.01942999959,69,0,1.88796424587562,1.42284416598195,45.0543298931503,551.168616218747,47
"284",2020-12-09,9070,574,386,39,41.9,55,2,3,48,1,3,24,21,2,552,50,2911,0.00962000012,167,0.00598999977,0.94230507832716,1.41173220112898,52.4755610758735,567.979441151028,55
"285",2020-12-10,9114,572,386,57,44.3,44,2,0,42,1,3,23,20,0,553,44,3091,0.01391000032,252,0.00397000015,1.31607092512474,1.46209938100511,43.355437028187,563.620681366432,44
"286",2020-12-11,9153,556,386,49,43.6,39,6,2,30,1,2,23,21,0,554,36,3047,0.01180999994,32,0,1.16872587908996,1.47081086547367,37.5316737043632,548.766960545165,39
"287",2020-12-12,9183,542,387,56,45.1,30,2,5,23,0,2,20,18,1,554,25,2616,0.01567000031,24,0,1.55275457617273,1.45122017534222,29.5679080172176,532.632245813278,30
"288",2020-12-13,9224,541,388,29,44.6,41,5,2,34,0,2,19,17,1,554,39,1502,0.01197999954,47,0,1.16165005223241,1.39534589940284,40.4957181875164,534.004706139651,41
"289",2020-12-14,9266,537,388,19,43.9,42,3,4,35,2,2,20,18,0,556,38,917,0.01745000005,20,0,1.70775347340982,1.39103203289035,41.2776591835286,526.792183725129,42
"290",2020-12-15,9314,547,389,52,43,48,3,6,38,1,1,20,19,1,557,41,2079,0.01347000003,49,0,1.3159835555625,1.30932050570276,46.3994243763989,538.987442290005,48
"291",2020-12-16,9368,563,389,54,45.1,54,3,4,46,0,1,18,17,0,557,49,2312,0.01687000036,94,0,1.62109064140981,1.40628987185742,52.1158279941208,552.841044095715,54
"292",2020-12-17,9406,559,390,61,45.7,38,1,5,30,1,0,17,17,1,558,31,3207,0.01340999961,83,0.02410000086,1.36796865716261,1.41370383357712,35.5279682377534,550.488201448521,38
"293",2020-12-18,9447,547,390,23,42,41,3,4,34,0,0,16,16,0,558,37,3298,0.00727999985,170,0.00588,0.721137240637255,1.34976259951245,40.7030023386045,542.60925078964,41
"294",2020-12-19,9486,544,390,46,40.6,39,1,7,28,3,0,19,19,0,561,29,2799,0.0117900002,140,0,1.12283805919701,1.2883459542302,35.6375496657921,537.200931661755,39
"295",2020-12-20,9530,539,390,24,39.9,44,5,2,34,0,0,16,16,0,561,39,1360,0.01618000031,51,0,1.55951810216868,1.34518424707824,40.323000404768,529.643518414614,44
"296",2020-12-21,9604,559,390,28,41.1,74,7,8,59,1,0,15,15,0,562,66,1365,0.00658999979,32,0.03125,0.715486736818182,1.20343185613658,73.4743715001539,554.548085887667,74
"297",2020-12-22,9686,601,390,67,43.3,82,5,7,68,2,0,15,15,0,564,73,3021,0.02250999928,48,0,2.21579367301662,1.33197615863002,78.1995313662555,586.176963713967,82
"298",2020-12-23,9786,668,390,52,43,100,5,6,88,1,1,13,12,0,565,93,2652,0.01998000026,199,0.01508000016,1.9637979909281,1.38093435141835,96.9671134535856,653.398191258013,100
"299",2020-12-24,9859,695,390,55,42.1,73,11,5,55,2,1,13,12,0,567,66,3469,0.01557000041,144,0,1.49494413014918,1.39907370470214,69.9017473000568,683.43506626575,73
"300",2020-12-25,9922,724,390,52,46.3,63,6,2,54,0,1,10,9,0,567,60,2537,0.0295600009,161,0,2.77960423585248,1.69314041830432,60.1436169387488,701.599644394235,63
"301",2020-12-26,10015,767,390,86,52,93,5,4,83,2,2,12,10,0,569,88,951,0.01998000026,50,0,1.8981998249011,1.80390638483348,90.1406635510664,750.794192541681,93
"302",2020-12-27,10126,832,391,35,53.6,111,8,6,95,2,4,12,8,1,571,103,1480,0.02703000069,32,0.0625,2.77806885060847,1.97798506318202,105.814969383373,806.272374048221,111
"303",2020-12-28,10260,928,391,65,58.9,134,15,7,110,1,2,13,11,0,572,125,1188,0.04125,39,0.02563999891,4.07538385961614,2.45797036643887,126.329623240135,885.903122934763,134
"304",2020-12-29,10380,1005,391,112,65.3,120,5,15,100,3,4,12,8,0,575,105,1880,0.05052999973,25,0.04,5.03918107571654,2.86131142396743,114.110442783891,948.628523788674,120
"305",2020-12-30,10517,1096,391,88,70.4,137,12,10,115,3,5,13,8,0,578,127,2458,0.05736000061,62,0,5.5948762499754,3.38003688954561,129.09089050929,1027.7450078597,137
"306",2020-12-31,10643,1184,391,147,83.6,126,0,9,117,2,5,13,8,0,580,117,2652,0.03318000078,144,0,3.14711595381116,3.61606143578304,121.901433480159,1142.52390803853,126
"307",2021-01-01,10760,1239,392,88,88.7,117,0,5,111,2,6,13,7,1,582,111,2759,0.03914000034,134,0.01493000031,3.80186246040788,3.76209832500524,111.302651717069,1186.56743673377,117
"308",2021-01-02,10872,1298,392,133,95.4,112,2,8,100,2,6,15,9,0,584,102,2369,0.02954999924,431,0,2.50014100712714,3.8480899224661,107.161440140988,1261.87793434317,112
"309",2021-01-03,10995,1324,393,107,105.7,123,0,5,118,3,5,18,13,1,587,118,1516,0.06002999783,126,0.02381000042,5.72506314026797,4.26908910670317,115.480383886249,1239.6273581813,123
"310",2021-01-04,11171,1436,393,115,112.9,176,4,30,141,5,8,21,13,0,592,145,1386,0.05339000225,155,0.00644999981,4.86685873387735,4.38215694588335,167.14492882483,1358.20770891349,176
"311",2021-01-05,11314,1511,395,106,112,143,2,19,122,6,8,23,15,2,598,124,2417,0.05750999928,97,0.01031000018,5.5688837819101,4.45782876105386,135.313595749265,1417.33744497693,143
"312",2021-01-06,11498,1606,395,133,118.4,184,11,42,130,7,7,28,21,0,605,141,2627,0.05138999939,211,0.01422000051,4.86264793887033,4.35322471661028,175.368229151918,1519.07358878,184
"313",2021-01-07,11615,1641,395,187,124.1,117,2,7,107,6,9,32,23,0,611,109,2311,0.04889999866,91,0.01098999977,4.74637747220358,4.58169064780919,110.241330507548,1554.30296663198,117
"314",2021-01-08,11747,1672,395,186,138.1,132,6,13,112,0,11,30,19,0,611,118,2661,0.03683000088,249,0,3.36785678150103,4.51968983653679,126.576469725748,1609.32082526652,132
"315",2021-01-09,11846,1682,397,154,141.1,99,6,2,91,4,11,30,19,2,615,97,3020,0.03244999886,375,0.0026699999,2.91606028040353,4.57910687557627,95.8515151095396,1627.40462282727,99
"316",2021-01-10,11939,1666,397,118,142.7,93,5,3,83,5,11,34,23,0,620,88,1824,0.05098999977,78,0,4.88989272242271,4.45979681588409,86.2102219951214,1575.32079368037,93
"317",2021-01-11,12103,1717,397,66,135.7,164,2,25,135,3,13,34,21,0,623,137,1608,0.03420000076,115,0,3.19173541625537,4.22049348479524,157.132781628741,1655.99989822298,164
"318",2021-01-12,12243,1745,398,159,143.3,140,1,22,115,4,13,35,22,1,627,116,2211,0.07056000233,74,0.01350999951,6.87124311227002,4.4065448177038,129.127894741128,1611.53600278679,140
"319",2021-01-13,12332,1733,402,172,148.9,89,0,9,76,2,11,34,23,4,629,76,2532,0.03752000093,173,0.01156000018,3.58597125271349,4.22416243396711,81.9664316977135,1663.82665963339,89
"320",2021-01-14,12424,1721,402,130,140.7,92,2,14,75,9,10,41,31,0,638,77,2581,0.03371000051,146,0,3.1905211337114,4.00189724275394,88.2654508563672,1659.88105095854,92
"321",2021-01-15,12519,1689,404,144,134.7,95,6,7,80,5,11,41,30,2,643,86,2923,0.03729000092,206,0.00485000014,3.51542897788431,4.02297898509441,89.6348055704447,1622.90914661025,95
"322",2021-01-16,12580,1640,405,119,129.7,61,0,0,59,2,9,39,30,1,645,59,2470,0.03239000082,289,0,2.89972098678507,4.02064480029177,57.0956726481979,1587.06615496686,61
"323",2021-01-17,12660,1579,407,74,123.4,80,2,3,72,2,9,39,30,2,647,74,2036,0.02602999926,32,0,2.56272139716441,3.6881917538263,74.8891056545814,1533.95807876465,80
"324",2021-01-18,12781,1600,408,63,123,121,2,45,72,7,10,43,33,1,654,74,1021,0.03917999983,48,0,3.74207482005893,3.76681166865538,115.91768110785,1533.35526719677,121
"325",2021-01-19,12855,1542,415,81,111.9,74,3,24,47,8,9,45,36,7,662,50,2337,0.04107999802,89,0,3.95729412088788,3.35053324131507,71.7975720189316,1474.07712106385,74
"326",2021-01-20,12916,1500,415,166,111,61,1,8,50,2,7,37,30,0,664,51,3065,0.02250999928,163,0.00612999976,2.16828803451301,3.14800706728643,57.7691063504022,1463.79724560006,61
"327",2021-01-21,12987,1468,417,81,104,71,1,9,60,3,7,37,30,2,667,61,2636,0.02427999973,117,0,2.32481217901489,3.02433435947264,68.4214763650109,1430.0119230137,71
"328",2021-01-22,13066,1438,418,95,97,79,1,3,74,5,6,37,31,1,672,75,2311,0.03072000027,111,0.00901000023,2.97250332987201,2.94677355261374,75.5184844842692,1390.42107584505,79
"329",2021-01-23,13114,1372,418,84,92,48,1,4,40,4,9,39,30,0,676,41,2122,0.03299000025,276,0,2.9192986042744,2.94957035511222,43.6677192337783,1327.41733631082,48
"330",2021-01-24,13160,1288,419,44,87.7,46,2,9,35,2,8,37,29,1,678,37,1247,0.02244999886,36,0,2.18200690400779,2.89518257037556,45.1013486599771,1256.71721821758,46
"331",2021-01-25,13223,1229,419,29,82.9,63,1,18,43,4,7,38,31,0,682,44,825,0.02061000109,48,0,1.94768051537801,2.63884052684971,61.0460979593366,1202.35578163692,63
"332",2021-01-26,13285,1166,420,74,81.9,62,1,19,40,8,5,40,35,1,690,41,2354,0.02421000004,79,0,2.34238964628689,2.408139887621,58.9310032662724,1135.59877581643,62
"333",2021-01-27,13363,1125,422,80,69.6,78,0,27,50,1,4,30,26,2,691,50,2800,0.01963999987,175,0.0057099998,1.88205881011765,2.36724999842166,75.9525421010432,1101.43219727347,78
"334",2021-01-28,13401,1064,422,66,67.4,38,1,3,33,3,5,30,25,0,694,34,2355,0.02122999907,209,0.02871000051,2.18397183761466,2.3471299496502,36.1734686465293,1038.13443058551,38
"335",2021-01-29,13430,962,422,73,64.3,29,1,2,26,3,4,31,27,0,697,27,2847,0.01228999972,180,0.00555999994,1.18898015170268,2.09234092419744,28.6426681311707,949.268397858747,29
"336",2021-01-30,13449,865,423,42,58.3,19,1,6,12,2,5,33,28,1,699,13,2155,0.01577999949,216,0,1.43424288911641,1.8801901077463,18.7924611339777,851.190683145436,19
"337",2021-01-31,13491,806,424,25,55.6,42,3,5,34,4,6,32,26,1,703,37,922,0.01952000022,24,0,1.90247782271036,1.84025738184666,41.2164716612022,788.931788079162,42
"338",2021-02-01,13531,715,424,26,55.1,40,6,7,25,4,5,29,24,0,707,31,548,0.02920000076,29,0,2.77324097339341,1.95819459013458,37.0430644613447,692.928744834242,40
"339",2021-02-02,13573,652,425,59,53,42,4,5,31,3,5,27,22,1,710,35,2439,0.02213999987,107,0.02803999901,2.23879574143755,1.94339546087039,39.1278003696595,635.752166886228,42
"340",2021-02-03,13636,637,425,54,49.3,63,4,22,36,2,4,26,22,0,712,40,2865,0.01291000009,212,0,1.20205233207182,1.84625167829241,61.4647992067328,628.47692736722,63
"341",2021-02-04,13718,639,425,51,47.1,82,3,43,33,2,5,25,20,0,714,36,2814,0.01279000044,90,0,1.2393616128843,1.71130736047379,78.5033688878623,630.184797759556,82
"342",2021-02-05,13776,638,427,72,47,58,1,8,48,2,5,21,16,2,716,49,2435,0.01601999998,149,0,1.50962461111842,1.7571137118189,56.1766235727718,627.279302845477,58
"343",2021-02-06,13801,607,427,61,49.7,25,1,4,19,3,6,21,15,0,719,20,2369,0.01434999943,205,0.01463000059,1.43722994446853,1.75754043401206,23.6800444598526,597.289349356527,25
"344",2021-02-07,13826,562,429,33,50.9,25,1,2,19,3,4,23,19,2,722,20,1004,0.0249000001,75,0,2.31692308622799,1.81674690022886,21.4842075338138,547.506231700169,25
"345",2021-02-08,13873,559,431,24,50.6,47,1,7,38,2,5,21,16,2,724,39,852,0.01407999992,29,0,1.36165265968672,1.61509142684219,45.4088954157232,550.527500958699,47
"346",2021-02-09,13928,578,431,43,48.3,55,6,7,39,0,2,19,17,0,724,45,2244,0.01782999992,149,0,1.67198160553615,1.53411797885628,51.1625143182599,567.242961687871,55
"347",2021-02-10,13985,595,432,40,46.3,57,0,6,50,3,4,20,16,1,727,50,2791,0.01253999949,100,0,1.21062395629851,1.53534249660295,55.3262284797509,586.982118909035,57
"348",2021-02-11,14045,621,433,51,46.3,60,1,11,46,1,3,16,13,1,728,47,2563,0.01521999955,58,0,1.48831968129149,1.57090793494683,57.2213765765005,610.712230936315,60
"349",2021-02-12,14096,624,435,52,43.4,51,0,8,41,3,2,16,14,2,731,41,2612,0.01570000052,173,0,1.47247401645386,1.56560070713761,48.328006799986,613.772591297348,51
"350",2021-02-13,14129,623,435,46,41.3,33,0,3,29,6,2,21,19,0,737,29,2099,0.02191999912,46,0.02174000025,2.1916139004373,1.67336984370457,31.2925505292934,607.802033784475,33
"351",2021-02-14,14170,598,437,48,43.4,41,0,4,35,4,2,21,19,2,741,35,1175,0.01702000022,10,0,1.68763715261603,1.58347185318858,38.3425230924749,586.766537408572,41
"352",2021-02-15,14232,621,438,34,44.9,62,2,8,51,4,2,23,21,1,745,53,867,0.02653000116,26,0,2.5757571115028,1.75691534630516,59.4804529248513,603.195495591183,62
"353",2021-02-16,14283,616,438,61,47.4,51,3,13,32,3,2,24,22,0,748,35,1561,0.0333100009,23,0,3.28263329576389,1.98700844490913,46.7211376660604,593.492022922664,51
"354",2021-02-17,14340,631,439,49,48.7,57,5,6,44,2,2,25,23,1,750,49,2063,0.01842000008,222,0,1.66303983216805,2.05163928431906,54.0929481506437,619.319393531758,57
"355",2021-02-18,14412,647,439,68,51.1,72,3,12,53,3,3,26,23,0,753,56,2348,0.02128999949,116,0,2.02877105529708,2.12884662346272,66.7353962977689,632.389310797437,72
"356",2021-02-19,14466,651,440,58,52,54,2,16,33,1,3,26,23,1,754,35,2576,0.01514000058,96,0,1.45960484633533,2.12700817058864,50.4313608946748,640.423312640951,54
"357",2021-02-20,14515,630,440,66,54.9,49,0,3,45,4,3,26,23,0,758,45,2384,0.02559000015,68,0,2.48803264101142,2.16935370495637,46.7537591887077,612.552628641908,49
"358",2021-02-21,14557,619,440,53,55.6,42,0,7,33,2,4,24,20,0,760,33,1000,0.03,28,0,2.91828793774319,2.34516095997454,38.9280476968333,598.892773464842,42
"359",2021-02-22,14622,634,440,32,55.3,65,0,11,54,1,6,23,17,0,761,54,863,0.01506000042,66,0,1.399007574,2.17705388318842,64.1590944723376,624.12714621226,65
"360",2021-02-23,14677,640,440,47,53.3,55,0,7,47,3,6,25,19,0,764,47,2036,0.01965000033,84,0,1.88714154112641,1.97769791824021,53.0127305135783,626.556330397662,55
"361",2021-02-24,14723,646,441,60,54.9,46,2,10,34,1,6,24,18,1,765,36,2874,0.01878999949,41,0,1.85257147630394,2.00477386740248,45.2576463374154,632.678875943621,46
"362",2021-02-25,14756,642,441,43,51.3,33,1,5,25,1,6,23,17,0,766,26,2376,0.01851999998,128,0.00781000018,1.7972523951885,1.97169977310126,30.4798653325963,629.156674751031,33
"363",2021-02-26,14821,645,441,57,51.1,65,5,12,43,1,6,21,15,0,767,48,2639,0.01819000006,181,0,1.70224858717518,2.00636316464981,59.0905106842157,632.778737319148,65
"364",2021-02-27,14867,650,442,71,51.9,46,0,4,34,3,6,23,17,1,770,34,2535,0.0209100008,47,0.02128000021,2.09167358783385,1.9497404427673,37.2083992239298,634.8664557516,46
"365",2021-02-28,14932,661,442,49,51.3,65,2,8,54,7,6,28,22,0,777,56,1552,0.02576999903,94,0,2.42983222931713,1.87996105584929,62.4854008908635,643.122321229657,65
"366",2021-03-01,15009,676,442,54,54.4,77,4,7,64,3,6,29,23,0,780,68,996,0.02911999941,45,0,2.78612098101441,2.0781201139942,72.8911666297987,655.035715319763,77
"367",2021-03-02,15072,685,443,61,56.4,63,1,6,54,3,4,29,25,1,783,55,2006,0.02592000008,41,0,2.54008403324279,2.17139761286797,59.4449507223875,665.632568087917,63
"368",2021-03-03,15131,695,443,65,57.1,59,0,5,51,6,5,32,27,0,789,51,2676,0.02092999935,109,0,2.01108360002154,2.19404220197049,54.8583481563911,679.442195464545,59
"369",2021-03-04,15188,691,443,61,59.7,57,3,3,50,1,5,31,26,0,790,53,2414,0.02029999971,225,0.00444000006,1.89477829910724,2.20797447395888,54.8821908674519,676.426299800175,57
"370",2021-03-05,15261,694,444,51,58.9,73,1,10,57,1,2,28,26,1,791,58,2440,0.0188499999,154,0,1.77309174078643,2.21809492447477,66.8552976294928,680.303044049448,73
"371",2021-03-06,15317,707,446,46,55.3,56,3,3,47,0,2,26,24,2,791,50,1957,0.02095000029,25,0,2.06857470068264,2.21479508345317,51.848736873596,690.721139392647,56
"372",2021-03-07,15357,698,447,54,56,40,1,0,38,2,5,25,20,1,793,39,1752,0.01940999985,16,0.0625,1.97999546024887,2.15053268787199,38.140467735972,682.61657640278,40
"373",2021-03-08,15440,740,448,38,53.7,83,1,9,65,6,4,29,25,1,799,66,1170,0.02051000118,142,0,1.82901687352134,2.01380352965869,73.6563225480634,724.934525538893,83
"374",2021-03-09,15497,747,448,70,55,57,0,8,47,1,3,27,24,0,800,47,2105,0.03183000088,57,0,3.09908195432007,2.09366037552688,53.3786965721744,721.231624242857,57
"375",2021-03-10,15577,770,448,76,56.6,80,5,8,64,0,2,24,22,0,800,69,2655,0.01807999969,173,0,1.69739742492751,2.04884806479916,75.69633498349,755.451854163584,80
"376",2021-03-11,15638,767,451,73,58.3,61,1,7,52,1,2,20,18,3,801,53,2321,0.02801000118,86,0,2.70092283916826,2.16401157052216,58.4066124161584,743.940975909311,61
"377",2021-03-12,15720,772,451,93,64.3,82,5,4,67,2,2,17,15,0,803,72,2361,0.02286999941,133,0,2.16503883749038,2.22000401290844,74.2648717944687,753.395569796248,82
"378",2021-03-13,15788,790,451,56,65.7,68,5,3,54,5,4,22,18,0,808,59,2353,0.01870000005,99,0,1.79449837347675,2.18085025187903,60.8215030511729,774.220125600451,68
"379",2021-03-14,15856,815,451,65,67.3,68,2,10,51,2,3,23,20,0,810,53,1535,0.02996999979,36,0,2.9283227038606,2.31632557239499,61.2724597051984,788.434993579938,68
"380",2021-03-15,15963,862,452,58,70.1,107,4,3,97,4,5,25,20,1,814,101,1000,0.03200000048,13,0,3.15893390720632,2.50631372006427,100.448635124308,831.690331456962,107
"381",2021-03-16,16049,880,453,85,72.3,86,7,4,72,5,6,27,21,1,819,79,1583,0.03411000013,9,0,3.39171672146922,2.54811868679986,80.0175027932769,846.777246304857,86
"382",2021-03-17,16137,907,454,77,72.4,88,3,5,76,3,5,27,22,1,822,79,2842,0.02674000025,175,0,2.51889561519722,2.66547557112411,81.7850157447411,881.569737727597,88
"383",2021-03-18,16230,945,455,63,71,93,6,3,80,2,5,24,19,1,824,86,2566,0.02845000029,161,0,2.67703339729153,2.66206279371314,86.4373716741333,916.840886419255,93
"384",2021-03-19,16355,993,457,117,74.4,125,7,6,104,2,4,24,20,2,826,111,2615,0.03823999882,97,0,3.68722702486357,2.87951824905217,112.444288236518,952.244848818581,125
"385",2021-03-20,16458,1047,458,83,78.3,103,5,6,87,4,4,27,23,1,830,92,1997,0.04356999874,151,0.00662,4.09724895175885,3.20848261737819,93.8042117546959,999.25010551268,103
"386",2021-03-21,16544,1076,459,87,81.4,86,5,1,78,4,4,29,25,1,834,83,1306,0.04210999966,87,0,3.94800140387365,3.35415100309434,80.3525548259388,1028.71504810494,86
"387",2021-03-22,16693,1152,460,55,81,149,6,7,133,4,7,30,23,1,838,139,1150,0.05478000164,131,0,4.9177987420765,3.60541740807579,138.391151558979,1088.93961579816,149
"388",2021-03-23,16817,1191,461,108,84.3,124,2,0,120,5,9,31,22,1,843,122,1966,0.0350999999,153,0,3.25656440789995,3.58610993470875,117.577652308315,1147.82773687871,124
"389",2021-03-24,16971,1282,461,85,85.4,154,7,2,138,4,9,33,24,0,847,145,3106,0.04572000027,47,0,4.50384779063178,3.8696745311994,139.730825591611,1217.73047178238,154
"390",2021-03-25,17120,1364,462,124,94.1,149,7,4,132,8,10,40,30,1,855,139,3005,0.0379399991,282,0,3.46850311212352,3.98274163331826,137.633510665747,1311.33891041783,149
"391",2021-03-26,17269,1448,463,104,92.3,149,10,2,130,4,11,42,31,1,859,140,2390,0.06736000061,117,0,6.42163547897487,4.37337141247702,131.99292702362,1344.49827378716,149
"392",2021-03-27,17385,1501,465,138,100.1,116,7,3,100,5,13,44,31,2,864,107,2476,0.06260000229,117,0,5.97753974816969,4.64198438339285,102.880661671865,1401.12965578944,116
"393",2021-03-28,17522,1560,466,139,107.6,137,3,5,124,5,13,45,32,1,869,127,2480,0.08265999794,157,0,7.77386404593098,5.18853618940104,121.010598419325,1425.01207507202,137
"394",2021-03-29,17731,1708,466,111,115.6,209,7,1,189,4,12,47,35,0,873,196,1644,0.08394000053,40,0,8.19461762893824,5.65665317323843,179.122032361892,1552.20628201077,209
"395",2021-03-30,17940,1839,467,170,124.4,209,9,6,186,6,12,48,36,1,879,195,1968,0.04065000057,64,0,3.93696855914173,5.75385376627297,192.454648338888,1758.41076048828,209
"396",2021-03-31,18147,1941,468,163,135.6,207,7,5,190,8,14,54,40,1,887,197,3023,0.0793900013,224,0,7.39131425715738,6.16634897577663,185.792304249366,1781.30894694426,207
"397",2021-04-01,18384,2076,469,144,138.4,237,12,4,204,4,15,53,38,1,891,216,2634,0.07212999821,100,0.01,6.98575037619386,6.66881287064382,203.204219289777,1914.57388539619,237
"398",2021-04-02,18582,2169,470,242,158.1,198,14,7,163,6,15,57,42,1,897,177,3130,0.09392999649,99,0,9.10501359596469,7.05215260164237,166.061453662255,1949.17679657306,198
"399",2021-04-03,18833,2347,470,222,170.1,251,16,3,223,11,14,61,47,0,908,239,2885,0.1019099998,36,0,10.0654005280041,7.63613271304728,215.222973771297,2084.04736167881,251
"400",2021-04-04,19063,2506,471,152,172,230,9,2,215,12,15,64,49,1,920,224,1818,0.09295999527,139,0,8.63573180382524,7.75925667846075,204.468189632185,2265.11287151007,230
"401",2021-04-05,19348,2651,472,184,182.4,285,8,4,269,5,17,67,50,1,925,277,2045,0.1056200027,162,0,9.78671977895333,7.98669984274862,250.824789784692,2362.21125530404,285
"402",2021-04-06,19622,2788,473,156,180.4,274,7,6,246,10,19,70,51,1,935,253,1749,0.1286400032,83,0,12.2811880784279,9.17873120264665,224.414481946912,2406.87579315411,274
"403",2021-04-07,19930,2928,474,219,188.4,308,3,6,290,12,23,76,53,1,947,293,3364,0.0981000042,44,0,9.683345485,9.5061642351956,267.418959896631,2612.40516920593,308
"404",2021-04-08,20224,3099,475,170,192.1,294,22,5,256,10,29,83,54,1,957,278,3366,0.08586000443,194,0.01031000018,8.17429536366011,9.6759563762622,257.705359939978,2817.02845487047,294
"405",2021-04-09,20522,3253,477,262,195,298,13,2,278,14,30,88,58,2,971,291,3418,0.1102999973,158,0,10.5426563414821,9.88133391133612,258.851123428889,2871.26015296968,298
"406",2021-04-10,20808,3417,480,380,217.6,286,12,2,261,14,26,92,66,3,985,273,3187,0.0875399971,97,0,8.49543150906516,9.65705262291627,249.184444672541,3093.88002727499,286
"407",2021-04-11,21077,3555,480,205,225.1,269,8,4,249,13,28,100,72,0,998,257,2714,0.145909996,29,0,14.4367382115931,10.485767824026,219.701375577019,2983.72914465487,269
"408",2021-04-12,21391,3649,481,264,236.6,314,16,3,291,16,27,100,73,1,1014,307,2125,0.08046999931,107,0,7.66123425330421,10.1821270346475,283.819948352185,3337.82407666815,314
"409",2021-04-13,21627,3675,483,245,249.3,236,10,0,219,12,28,104,76,2,1026,229,2670,0.07677999973,178,0,7.1981249746875,9.45597516268461,210.652020476607,3380.55098363114,236
"410",2021-04-14,21900,3748,485,389,273.6,273,10,11,248,12,28,101,73,2,1038,258,3971,0.1714900017,97,0.01031000018,16.7646722411052,10.4675932706996,220.855336579969,3048.59612985165,273
"411",2021-04-15,22122,3751,485,313,294,222,15,3,202,19,29,107,78,0,1057,217,3902,0.1309599972,98,0.01019999981,12.8001377263945,11.1284278939474,189.082258753171,3216.56475844767,222
"412",2021-04-16,22358,3790,487,348,306.3,236,1,10,219,20,24,114,90,2,1077,220,2970,0.120539999,244,0.00409999996,11.1700123528388,11.2180501812841,202.646700797486,3318.7772546476,236
"413",2021-04-17,22539,3737,490,405,309.9,181,5,7,167,16,23,123,100,3,1093,172,2935,0.1018700027,121,0.00825999975,9.81635856983802,11.4067540471088,160.206302055565,3328.67413245143,181
"414",2021-04-18,22701,3679,490,294,322.6,162,5,8,146,11,22,122,100,0,1104,151,1949,0.06465000153,188,0.01595999956,6.0366557276205,10.2067422636841,148.853722462133,3431.79367508734,162
"415",2021-04-19,22928,3617,491,258,321.7,227,5,4,218,22,22,115,93,1,1126,223,2084,0.1122799969,88,0.0340899992,10.9112078024494,10.6710241992763,199.916108097559,3177.70656048821,227
"416",2021-04-20,23117,3505,492,188,313.6,189,8,2,179,17,27,118,91,1,1143,187,2775,0.100539999,221,0,9.31236639602804,10.9730586880392,169.61637303276,3141.68656406322,189
"417",2021-04-21,23312,3406,493,207,287.6,195,3,2,185,12,25,110,85,1,1155,188,2521,0.1368500042,236,0.02118999958,12.6949474243409,10.3916694285015,163.4342465562,2924.70767962987,195
"418",2021-04-22,23488,3300,496,239,277,176,7,4,161,14,22,106,84,3,1169,168,2358,0.1632699966,213,0.0093900001,15.0521478803617,10.7133851647825,143.852414958797,2747.10100811923,176
"419",2021-04-23,23696,3224,499,189,254.3,208,5,8,186,21,29,112,83,3,1190,191,2507,0.0805700016,86,0.01162999988,7.82835225610798,10.2360051509638,182.356789402993,2943.06957610078,208
"420",2021-04-24,23852,3103,500,227,228.9,156,2,2,150,18,31,118,87,1,1208,152,2464,0.08522999763,214,0.00467000008,7.87924175419866,9.95927417730103,140.6690409113,2830.85548649844,156
"421",2021-04-25,24001,2973,505,139,206.7,149,2,6,137,21,30,124,94,5,1229,139,1621,0.1357199955,93,0.02151000023,12.9523070435758,10.9472243652946,124.960110930745,2544.37704890004,149
"422",2021-04-26,24164,2837,510,172,194.4,163,4,7,148,11,31,122,91,5,1240,152,1304,0.1150300026,31,0,11.2358893925393,10.9936074495932,139.989898966193,2482.18646952033,163
"423",2021-04-27,24325,2744,511,189,194.6,161,3,5,149,10,31,119,88,1,1250,152,2425,0.06103000164,332,0.00903999984,5.47693267768879,10.4456883469733,147.733528969469,2576.71581244883,161
"424",2021-04-28,24491,2641,513,187,191.7,166,2,7,155,13,27,114,87,2,1263,157,2408,0.06894000053,38,0,6.7868978444906,9.60168126413756,152.139463168844,2441.48612884661,166
"425",2021-04-29,24617,2545,513,159,180.3,126,2,7,113,13,29,112,83,0,1276,115,2728,0.06525000095,111,0.00901000023,6.30511139898309,8.35210462394061,113.929062462195,2366.3866431851,126
"426",2021-04-30,24770,2455,516,178,178.7,153,4,3,139,13,27,109,82,3,1289,143,2122,0.06691999912,179,0,6.17141408659887,8.1153991711536,136.176774658554,2286.35651599125,153
"427",2021-05-01,24894,2400,520,138,166,124,3,5,113,7,29,110,81,4,1296,116,2051,0.08970999718,70,0.02857000113,8.76921755281848,8.24253857095643,109.677242255099,2165.73604665721,124
"428",2021-05-02,24991,2338,520,128,164.4,97,0,4,91,8,27,108,81,0,1304,91,1279,0.06959000111,21,0,6.84658549382231,7.37029263527735,88.0649625652192,2159.82288436794,97
"429",2021-05-03,25098,2221,523,102,154.4,107,4,3,100,10,22,98,76,3,1314,104,976,0.1741799927,140,0.00713999987,15.3225154889785,7.95409636334009,89.2623210429773,1842.19822150435,107
"430",2021-05-04,25203,2127,524,141,147.6,105,1,2,99,9,23,95,72,1,1323,100,2386,0.03898000002,57,0.01753999949,3.84797625946173,7.72138830359337,97.7168255250009,2035.89687891677,106
"431",2021-05-05,25285,2012,525,114,137.1,82,1,2,75,8,23,89,66,1,1331,76,1904,0.07772999763,65,0.03076999903,7.6179769133809,7.84011388486341,71.5555386077075,1841.39136419352,82
"432",2021-05-06,25391,1941,527,122,131.9,106,3,6,92,12,22,88,66,2,1343,95,2133,0.0534499979,246,0,4.79230119885246,7.62399814198761,95.9324144048674,1837.4612248405,106
"433",2021-05-07,25504,1844,530,109,122,113,5,4,103,19,23,95,72,3,1362,108,2302,0.04691999912,82,0.01220000029,4.57257709723238,7.39559285779239,106.503095725592,1750.14544924066,113
"434",2021-05-08,25593,1769,534,136,121.7,89,1,3,85,4,21,86,65,4,1366,86,1901,0.04892000198,86,0.01162999988,4.73060411442677,6.81864808087929,84.4715618735438,1675.85108086394,89
"435",2021-05-09,25676,1707,537,69,113.3,83,0,5,78,4,22,83,61,3,1370,78,1173,0.1722100067,123,0.00813000023,15.6637598678542,8.0782444200267,69.4004668165089,1409.37944686898,83
"436",2021-05-10,25769,1639,538,82,110.4,93,3,2,87,9,22,85,63,1,1379,90,715,0.1048999977,14,0,10.2885457277778,7.35910588271231,81.6930567843424,1451.29911188375,94
"437",2021-05-11,25901,1607,540,124,108,132,1,6,123,5,21,79,58,2,1384,124,1899,0.04580999851,86,0.02325999975,4.48330212337481,7.44986672041418,123.811960556552,1526.80500495467,132
"438",2021-05-12,25998,1547,541,115,108.1,97,3,3,90,8,22,80,58,1,1392,93,2118,0.04958000183,174,0.00574999988,4.6252593305,7.02233563714548,91.2120190008915,1467.3547676815,97
"439",2021-05-13,26091,1519,541,78,101.9,93,1,1,90,7,20,77,57,0,1399,91,1684,0.07956999779,54,0.01851999998,7.76731624150057,7.44733778609521,84.1323367755808,1387.67054463854,93
"440",2021-05-14,26175,1441,541,128,104.6,84,2,5,75,7,21,70,49,0,1406,77,1738,0.04717999935,105,0,4.44920449648942,7.42971312884622,78.1866516986303,1369.63591036008,84
"441",2021-05-15,26250,1393,542,85,97.3,75,2,8,64,7,19,64,45,1,1413,66,1779,0.05228000164,61,0,5.05468059334565,7.47600976869177,70.2866059693895,1314.62488053575,75
"442",2021-05-16,26319,1365,543,47,94.1,69,2,3,63,7,19,67,48,1,1420,65,805,0.04098999977,20,0,3.99963028058788,5.80970554193945,65.1062128345177,1304.23046952487,69
"443",2021-05-17,26393,1330,545,88,95,74,7,5,59,10,19,71,52,2,1430,66,774,0.2299699974,19,0,22.4459997462295,7.54648468743255,54.5101664824355,997.704870024837,74
"444",2021-05-18,26472,1298,546,97,91.1,79,1,6,71,5,16,64,48,1,1435,72,1920,0.02655999899,56,0,2.58072864680162,7.27468847649352,75.9317252936309,1260.71360321018,79
"445",2021-05-19,26543,1283,550,91,87.7,71,2,5,64,4,14,57,43,4,1439,66,2042,0.06659999847,122,0.01639000058,6.37693054281423,7.52492722110984,66.3152221245239,1191.93075736006,71
"446",2021-05-20,26603,1238,553,73,87,60,5,8,45,11,15,63,48,3,1450,50,1487,0.05111000061,65,0.03076999903,5.02581319871263,7.13328392928299,55.2028888229354,1168.74352725588,60
"447",2021-05-21,26684,1202,554,77,79.7,81,4,11,63,3,13,58,45,1,1453,67,1682,0.04162000179,190,0,3.73957494715705,7.03190827937837,75.2111161581394,1151.96659137438,81
"448",2021-05-22,26743,1170,558,77,78.6,59,0,13,46,8,15,57,42,4,1461,46,1380,0.06231999874,101,0.0099000001,5.87451034917623,7.14902681592559,55.9921035113804,1093.4948067025,59
"449",2021-05-23,26798,1146,559,39,77.4,55,0,4,51,5,12,58,46,1,1466,51,826,0.03753000021,14,0.07143000126,3.80950002275,7.12186535052018,52.8374232059999,1097.40562733482,55
"450",2021-05-24,26849,1100,561,65,74.1,51,2,10,39,5,11,56,45,2,1471,41,733,0.0832199955,30,0,7.99479117975098,5.05740698388039,47.3514158835462,1002.11115785124,51
"451",2021-05-25,26909,1032,563,56,68.3,60,2,11,46,3,11,53,42,2,1474,48,1035,0.0647300005,19,0.05263000011,6.45118790508444,5.61032973506365,55.5532140734346,957.894102578844,60
"452",2021-05-26,26965,990,566,76,66.1,56,1,11,44,1,8,46,38,3,1475,45,1371,0.03209000111,61,0.04918000221,3.28179969669134,5.16816818561753,54.3561659726294,953.835651397846,56
"453",2021-05-27,27010,942,566,62,64.6,45,0,8,36,3,9,41,32,0,1478,36,1368,0.05481999874,113,0.0088499999,5.13124971404592,5.18323054495085,41.9438299317564,888.196883214293,45
"454",2021-05-28,27045,892,569,65,62.9,35,0,1,30,1,7,33,26,3,1479,30,1589,0.03460999966,197,0.01523000002,3.24723401252408,5.11289612571757,29.9156531460459,859.75875354243,35
"455",2021-05-29,27080,853,571,45,58.3,35,0,3,31,4,9,35,26,2,1483,31,1074,0.02421000004,104,0.00962000012,2.29219185530051,4.60113634087818,33.2090554449478,831.236267565822,35
"456",2021-05-30,27107,804,573,46,59.3,27,0,3,22,5,8,35,27,2,1488,22,718,0.0905300045,34,0,8.64368925944149,5.29173480326268,22.8833199905372,726.644966926906,27
"457",2021-05-31,27156,773,576,40,55.7,49,1,2,41,5,6,34,28,3,1493,42,783,0.0855700016,27,0.03703999996,8.39523348786667,5.34894084727921,40.0752187923827,700.76533634552,49
"458",2021-06-01,27198,737,577,38,53.1,42,1,5,36,2,5,30,25,1,1495,37,1565,0.01725000024,27,0.03703999996,1.75856346573618,4.67856592737231,41.2757422480669,722.573568562846,42
"459",2021-06-02,27231,700,577,50,49.4,33,0,1,31,1,6,29,23,0,1496,31,1688,0.04264999866,43,0.02325999975,4.21683291319064,4.81214210115793,30.5449381016949,667.143763586659,33
"460",2021-06-03,27276,689,577,48,47.4,45,2,4,39,2,5,28,23,0,1498,41,1176,0.01360999942,186,0,1.17513651379736,4.24698307255099,44.4637027631484,679.987590336811,45
"461",2021-06-04,27306,642,579,44,44.4,30,0,0,27,3,6,28,22,2,1501,27,1195,0.04769999981,68,0.01470999956,4.59238161069121,4.43914701514629,25.6198219533137,609.182433112125,30
"462",2021-06-05,27325,610,582,39,43.6,19,1,0,18,2,4,29,25,3,1503,19,999,0.01601999998,90,0.02221999884,1.653239658,4.34786812981765,18.6503586428086,598.774672216488,19
"463",2021-06-06,27342,561,582,21,40,17,0,1,16,2,4,27,23,0,1505,16,608,0.1069099998,22,0,10.3176634727619,4.58700730314914,15.162468795092,496.571562127912,17
"464",2021-06-07,27370,530,583,17,36.7,28,1,3,24,1,4,26,22,1,1506,25,843,0.00949000001,30,0.06666999817,1.1454948400378,3.5513303534593,27.6812380112774,523.242245839082,28
"465",2021-06-08,27403,502,584,29,35.4,33,1,1,30,1,3,25,22,1,1507,31,1771,0.02993000031,100,0,2.83303209775575,3.70482587231924,31.0224329142317,486.169720094977,33
"466",2021-06-09,27430,476,585,33,33,27,1,0,24,2,4,23,19,1,1509,25,1194,0.05946000099,26,0,5.81928206410328,3.93374717959247,23.3806422701739,445.167428824111,27
"467",2021-06-10,27459,463,585,20,29,29,0,0,28,2,5,20,15,0,1511,28,1216,0.03042999983,136,0,2.73689939299408,4.15685616233486,27.1469976131665,448.894996246289,29
"468",2021-06-11,27481,453,585,36,27.9,22,0,1,20,1,4,15,11,0,1512,20,1055,0.0170599997,96,0,1.56370979005213,3.72418875938642,20.6518875685582,445.115253427844,22
"469",2021-06-12,27499,430,585,29,26.4,18,0,0,18,2,6,16,10,0,1514,18,880,0.01136000037,44,0,1.08190479714286,3.64256949354969,17.7832321184365,424.821656162649,18
"470",2021-06-13,27520,422,586,18,26,21,0,1,18,2,5,15,10,1,1516,18,583,0.1320800018,17,0,12.8337735082333,4.00201378433132,16.4286555497374,361.716257888288,21
"471",2021-06-14,27539,384,589,22,26.7,19,2,1,16,2,4,14,10,3,1518,18,655,0.05649000168,29,0,5.40949577491228,4.61115677502767,17.9161662444318,360.878213214546,19
"472",2021-06-15,27566,370,589,22,25.7,27,1,0,24,0,4,14,10,0,1518,25,1518,0.01449000001,36,0,1.41543243340927,4.40864253726389,24.6061212660189,364.17059473708,27
"473",2021-06-16,27583,348,589,24,24.4,17,0,0,17,1,4,12,8,0,1519,17,1251,0.02237999916,42,0,2.16530386304408,3.88664565139829,16.5902668015738,339.612520408688,17
"474",2021-06-17,27594,305,590,12,23.3,11,0,1,10,0,5,11,6,1,1519,10,1101,0.02088999987,123,0.02438999891,2.12417154598039,3.79911310182491,10.7635589012824,297.788546489114,11
"475",2021-06-18,27608,275,590,26,21.9,14,1,0,13,1,4,12,8,0,1520,14,864,0.01968000054,63,0,1.83425247751456,3.83776205717668,13.7141616265873,269.385317665108,14
"476",2021-06-19,27617,242,590,18,20.3,9,0,0,9,0,3,10,7,0,1520,9,922,0.01518000007,37,0,1.45943274916997,3.89169462175198,8.85379575626365,238.068730335089,9
"477",2021-06-20,27629,229,590,7,18.7,12,2,0,10,0,3,10,7,0,1520,12,557,0.01794999957,15,0,1.74792827980594,2.30800244626236,11.7665261544028,224.544540779853,12
"478",2021-06-21,27640,218,591,13,17.4,11,0,0,11,2,2,9,7,1,1522,11,519,0.01927000046,7,0,1.90135555869582,1.80683955823143,10.7671965533944,213.38625896727,11
"479",2021-06-22,27651,195,591,13,16.1,11,0,0,10,0,2,6,4,0,1522,10,1296,0.01235000014,62,0,1.17861562455376,1.77300858553779,9.86880853678578,192.441766467323,11
"480",2021-06-23,27662,182,591,18,15.3,11,1,0,10,0,1,4,3,0,1522,11,1103,0.0063499999,18,0,0.624803736815343,1.55293713893368,10.9234985467513,180.734248682613,11
"481",2021-06-24,27668,170,591,8,14.7,6,1,0,5,1,0,4,4,0,1523,6,905,0.01215000033,51,0,1.15018308563284,1.41379593031261,5.92318401411374,167.823547066556,6
"482",2021-06-25,27672,149,591,7,12,4,0,0,4,2,0,6,6,0,1525,4,1025,0.00293000013,64,0,0.275780544834711,1.19115708278691,3.98772116966748,148.542613570114,4
"483",2021-06-26,27675,133,591,9,10.7,3,0,0,3,1,0,6,6,0,1526,3,763,0.00393000007,19,0,0.38345141347954,1.03744546340257,2.98719543056499,132.432330755048,3
"484",2021-06-27,27679,118,591,8,10.9,4,0,0,4,0,0,5,5,0,1526,4,398,0.0200999999,13,0,1.94642334798053,1.06580190171322,3.91333760668494,115.443459397206,4
"485",2021-06-28,27688,110,591,1,9.1,9,0,0,9,0,0,4,4,0,1526,9,554,0.00180999994,5,0,0.179381031620751,0.819805540702497,8.98202982077545,109.780364476144,9
"486",2021-06-29,27692,105,591,8,8.4,4,0,0,4,0,0,3,3,0,1526,4,930,0.00644999981,14,0,0.635434303315678,0.742208209097058,3.97170797525782,104.257334350518,4
"487",2021-06-30,27694,90,591,8,7,2,0,1,1,0,0,2,2,0,1526,1,1223,0.00245000005,51,0,0.235192312492151,0.686549434193744,1.99738207919785,89.7643871278065,2
"488",2021-07-01,27697,86,591,6,6.7,3,0,0,3,0,0,1,1,0,1526,3,883,0.00112999998,74,0,0.104262276106583,0.537132175689993,2.99651837623509,85.9001934520726,3
"489",2021-07-02,27701,75,591,6,6.6,4,0,0,4,2,0,2,2,0,1528,4,783,0.0127699995,29,0,1.23139280892857,0.673648213417687,3.945173567691,73.9720043942063,4
"490",2021-07-03,27707,69,591,6,6.1,6,0,0,6,0,0,1,1,0,1528,6,628,0.00317999989,16,0,0.310099368155279,0.663169349799936,5.97928974179406,68.7618320306318,6
"491",2021-07-04,27709,64,592,2,5.3,2,0,0,2,1,0,2,2,1,1529,2,436,0.00688000023,34,0,0.638229808570213,0.476284558455604,1.98579175420571,63.5453361345827,2
"492",2021-07-05,27714,62,592,3,5.6,5,0,0,5,0,0,2,2,0,1529,5,505,0.00197999999,26,0,0.188305083794727,0.477559423051886,4.98951989988973,61.8700467586326,5
"493",2021-07-06,27719,58,592,12,6.1,5,0,2,3,0,0,2,2,0,1529,3,1174,0.00680999994,29,0,0.664583535291771,0.481723599048471,4.97780760293518,57.5709469900801,5
"494",2021-07-07,27722,54,592,6,5.9,3,0,0,3,0,0,2,2,0,1529,3,1215,0.02963000059,22,0,2.91030321073969,0.86388229879812,2.90281642411828,52.2506956341291,3
"495",2021-07-08,27724,45,593,5,5.7,2,0,0,2,1,0,3,3,1,1530,2,935,0.00428000003,85,0,0.392333336083333,0.905035307366227,1.99126589138033,44.8034825560573,3
"496",2021-07-09,27726,43,593,3,5.3,2,0,0,2,0,0,2,2,0,1530,2,821,0.00486999989,56,0,0.455903068379704,0.794251058716388,1.98985070460996,42.7817901491141,2
"497",2021-07-10,27727,39,593,0,4.4,1,0,0,1,0,0,2,2,0,1530,1,930,0,22,0,0,0.74995114897992,1,39,2
"498",2021-07-11,27727,36,593,0,4.1,0,0,0,0,0,0,2,2,0,1530,0,422,0.00237000003,8,0,0.232590700618605,0.692002704986833,0,35.9067973567034,0
"499",2021-07-12,27728,32,593,1,3.9,1,0,1,0,0,0,1,1,0,1530,0,460,0.00216999993,16,0,0.209705875588235,0.695059960957334,1,31.9253045825223,1
"500",2021-07-13,27729,29,593,2,2.4,1,0,0,1,0,0,1,1,0,1530,1,1187,0.00083999999,14,0,0.0830208149983347,0.611979572343986,0.999075897012566,28.9732010133644,1
"501",2021-07-14,27729,26,593,1,1.7,0,0,0,0,0,0,0,0,0,1530,0,1097,0,15,0,0,0.196221970809745,0,26,1
"502",2021-07-15,27729,21,593,1,1.1,0,0,0,0,0,0,0,0,0,1530,0,923,0.00108000003,30,0,0.10460021276915,0.155117238907718,0,20.9755496407585,NA
